6 15 10
30 32 21 35 37 10 20 51 0 6 16 37 13 4 14
22 14 16 22 68 0 23 9 30 23 10 4 15 4 39
30 14 7 38 12 15 2 3 54 41 32 33 13 9 6
40 19 12 10 16 49 12 18 8 10 4 18 6 45 46
1 24 7 28 34 2 35 21 24 31 32 23 50 11 10
27 22 6 29 0 33 7 24 55 16 1 1 50 15 18
39 28 1 46 33 16 29 19 16 24 16 36 7 24 4
4 32 20 43 11 34 35 1 26 12 28 13 2 47 12
57 5 19 34 11 0 2 9 27 11 11 18 58 7 17
7 4 12 7 9 25 23 2 63 28 16 35 38 4 28
9 21 17 30 14 28 19 25 7 2 42 56 20 30 8
14 20 7 42 28 25 40 36 1 31 12 0 10 0 45
11 22 15 37 26 2 27 8 3 66 6 26 20 28 5
18 14 7 7 46 19 22 23 9 18 21 8 54 29 34
16 26 4 64 8 17 8 3 7 10 4 17 35 29 45
38 13 52 37 20 16 30 23 22 17 6 15 16 22 21
8 40 5 44 3 18 16 5 7 50 7 7 48 18 24
25 19 3 12 46 4 11 29 17 16 22 42 21 36 34
32 0 0 47 30 3 5 40 37 9 40 9 11 31 5
28 22 47 28 16 35 23 13 35 10 9 2 17 26 34
16 25 10 7 18 4 26 15 53 3 25 36 33 41 14
3 11 13 22 34 12 3 11 70 0 8 29 37 26 1
24 0 25 21 13 45 24 17 8 53 1 23 27 33 6
18 14 11 26 13 5 18 13 7 10 62 18 35 14 47
20 13 6 9 32 25 14 48 9 30 15 17 9 32 50
20 15 1 36 15 2 9 6 17 8 25 75 13 29 8
10 49 36 2 30 44 9 34 15 9 17 32 8 16 15
25 1 26 29 4 7 35 5 36 60 15 13 8 28 21
4 34 0 51 40 52 7 4 18 17 19 11 24 8 11
18 21 29 13 49 15 41 1 22 7 6 31 10 18 44
4 46 44 9 12 8 17 27 46 10 34 27 8 18 8
10 15 16 7 8 24 26 9 18 17 18 48 5 17 66
24 31 8 35 6 4 13 40 15 9 22 51 35 27 4
8 3 18 52 7 15 43 36 26 12 1 30 15 38 11
1 29 11 20 14 29 28 9 66 34 12 22 9 10 20
11 24 10 20 50 24 21 24 17 20 19 33 42 27 5
17 5 7 39 45 11 1 13 30 31 29 3 53 1 13
22 26 41 7 8 20 17 3 19 32 52 16 7 42 11
7 30 42 22 32 9 29 15 28 11 32 17 15 8 46
28 30 27 50 45 2 17 19 27 3 13 29 3 19 17
52 27 30 53 6 18 25 18 10 18 8 30 7 11 1
20 21 27 8 19 17 43 17 17 18 61 24 2 26 9
13 9 65 33 11 24 24 2 16 5 8 10 38 7 35
2 17 28 23 10 13 7 10 35 13 76 8 20 6 15
41 35 16 5 10 1 8 47 21 1 19 13 0 59 3
16 51 23 34 43 2 23 21 8 11 25 10 3 5 41
5 6 2 17 53 17 7 43 21 35 35 34 22 1 13
16 9 25 46 14 2 8 27 13 20 22 40 27 9 49
27 6 6 19 14 23 31 8 38 20 32 3 27 53 24
2 54 6 37 17 4 1 2 15 41 49 18 23 10 0
41 26 26 26 8 54 21 3 2 46 13 10 11 17 10
15 24 28 9 13 40 57 15 17 15 13 10 15 31 34
25 8 32 38 2 26 5 26 8 28 18 20 51 26 25
36 14 31 11 26 1 52 25 6 44 34 9 4 1 10
32 33 13 13 15 26 22 25 63 9 20 11 28 11 8
16 23 24 3 54 29 17 12 32 7 30 19 0 43 16
13 3 60 38 37 8 37 2 14 19 10 23 16 7 24
0 41 10 29 50 15 33 13 16 26 3 10 40 7 25
15 20 32 46 2 8 19 1 54 21 33 19 21 22 13
52 12 10 12 11 10 37 44 4 34 3 45 6 7 7
25 44 49 21 43 8
14 59 36 18 1 28
42 16 9 12 5 53
31 2 56 46 11 23
27 3 40 34 50 33
45 57 30 7 22 37
010010100000111 011001101100111 100101001101001 000111110111100 000101111111010
