600 1268 600 742 20
122 457
8 55
199 380
248 362
136 230
556 568
219 490
191 534
37 134
133 303
34 455
23 143
459 573
148 241
91 346
214 334
14 108
18 152
237 289
26 390
112 512
116 221
55 545
188 509
173 217
161 192
101 512
284 543
20 22
402 453
350 358
286 345
153 310
5 28
184 242
53 525
3 79
66 395
204 348
32 178
21 437
50 382
68 208
90 350
436 557
167 299
408 591
399 421
14 358
83 409
416 582
355 599
11 416
502 510
151 337
88 471
267 475
21 24
51 359
259 511
218 525
59 155
301 388
206 408
12 99
111 505
434 589
225 375
552 563
159 229
142 175
426 544
161 280
191 296
53 432
376 586
25 575
37 587
256 453
194 377
163 310
489 514
280 455
3 543
20 141
437 594
39 496
464 554
307 474
215 322
242 341
136 376
22 175
177 502
230 413
126 423
5 507
10 222
208 223
275 361
259 597
257 373
147 178
447 492
49 449
129 564
75 114
224 235
458 499
348 539
504 532
97 452
104 405
350 455
115 435
86 507
109 208
162 288
183 318
125 421
69 109
34 532
170 419
364 377
447 487
566 597
231 436
138 226
299 320
205 504
36 491
116 485
392 566
491 514
222 401
350 459
359 511
25 284
334 451
21 186
204 405
120 389
357 562
203 387
108 529
430 550
73 584
73 496
261 554
175 319
139 473
179 588
310 595
498 563
65 199
96 432
264 572
5 176
259 314
189 372
303 476
31 485
88 283
203 372
403 543
51 494
124 278
149 435
98 493
108 302
181 445
366 403
495 588
82 124
54 556
19 92
83 271
271 389
63 68
155 398
178 566
314 546
363 567
100 430
206 591
52 327
61 493
233 297
246 488
49 162
388 572
124 589
283 358
126 216
114 595
130 462
140 518
187 426
54 187
444 484
119 577
72 86
299 530
387 592
455 465
254 505
329 470
499 508
153 309
72 352
50 506
133 226
472 525
5 371
253 487
45 324
347 543
187 258
20 427
139 517
472 520
297 523
248 567
22 319
9 578
236 540
43 368
321 458
116 582
295 491
4 424
89 497
46 395
77 424
145 316
180 387
56 517
317 580
66 567
357 428
17 580
94 122
195 279
404 474
103 535
260 531
18 130
113 513
240 472
2 361
527 583
62 365
210 392
41 146
282 526
210 565
141 319
31 165
242 322
463 549
102 520
39 73
339 367
2 96
117 414
168 202
8 219
26 384
68 223
425 493
157 320
445 450
65 207
121 249
191 568
359 380
28 325
76 486
253 447
156 551
498 544
2 584
172 304
113 246
199 596
255 321
71 365
511 553
201 413
330 406
89 121
78 545
201 419
419 464
491 585
25 417
416 485
527 543
10 255
194 229
67 285
186 424
236 255
173 369
92 375
313 510
265 599
92 579
296 534
126 463
496 514
379 447
220 408
30 319
365 454
148 447
462 533
93 177
29 570
348 541
216 260
30 577
66 557
206 409
335 496
99 164
71 217
265 384
60 295
33 196
27 187
181 227
219 274
559 572
344 355
159 432
13 282
425 427
290 478
405 539
445 524
258 534
69 416
92 263
92 537
286 390
87 551
224 401
297 302
325 352
406 530
321 522
156 439
87 254
349 354
328 590
214 577
217 369
412 597
45 418
160 573
146 439
155 429
350 465
228 474
482 580
113 488
284 516
111 254
192 455
70 477
105 196
153 163
13 211
349 493
407 598
49 404
308 558
181 315
106 290
61 544
311 473
39 96
405 473
271 321
82 278
190 503
195 196
150 579
119 202
249 549
46 443
403 527
182 520
165 485
358 578
112 412
22 383
88 555
244 354
84 330
159 194
261 464
56 439
170 282
98 349
8 243
227 441
174 239
18 326
104 204
281 451
106 345
100 531
53 160
309 423
475 508
232 448
237 502
145 277
233 364
116 541
1 59
67 456
48 495
283 468
450 524
5 86
428 562
245 379
176 371
348 405
454 516
254 360
137 352
326 493
204 561
342 429
184 300
380 494
301 509
389 550
557 567
475 515
143 291
125 137
382 393
103 323
294 445
313 596
313 574
89 249
356 487
514 585
7 313
234 596
341 558
370 586
257 521
353 446
228 393
45 298
77 186
252 418
484 557
88 132
263 537
122 348
35 70
293 298
69 208
329 373
442 494
487 538
166 486
90 573
142 438
71 173
11 165
477 551
180 203
98 326
171 389
331 542
378 527
31 541
421 450
73 198
372 558
28 72
212 239
374 592
340 586
281 577
248 363
78 123
98 332
265 286
330 492
256 371
31 561
430 500
102 481
150 316
27 544
1 155
49 318
145 481
328 571
362 407
239 513
311 336
305 447
245 497
96 182
205 532
327 396
168 343
314 593
84 406
112 566
441 484
74 88
95 422
89 549
267 508
75 537
115 138
219 467
46 363
174 454
231 484
51 140
214 367
335 514
0 266
276 522
302 590
40 232
56 551
286 599
269 286
129 131
361 536
305 487
67 200
116 495
78 268
466 477
13 346
0 186
237 534
397 447
190 468
107 139
316 579
340 413
227 315
189 320
399 445
219 545
235 401
16 243
15 161
72 137
205 438
128 233
10 333
35 318
134 277
219 317
184 194
85 553
39 159
446 512
414 441
83 252
7 29
265 533
212 583
88 448
344 599
332 384
337 368
22 98
354 493
123 564
261 586
469 563
148 330
178 548
18 81
535 581
262 535
305 357
468 560
152 326
25 312
323 368
94 243
42 64
154 417
285 336
264 304
126 135
74 407
388 509
126 153
298 418
454 501
236 333
59 197
301 572
78 522
117 557
182 275
158 429
268 522
24 424
202 381
320 476
313 400
90 523
215 341
211 271
169 178
415 584
76 422
45 252
213 254
93 528
312 417
197 375
481 536
328 453
247 272
116 588
176 242
427 498
201 340
336 561
45 452
61 425
282 428
17 158
15 472
189 558
390 433
79 312
162 393
27 81
62 71
107 473
409 418
312 543
288 393
214 520
251 587
115 215
386 476
334 520
176 184
216 531
51 355
565 566
147 535
85 392
265 355
135 198
99 510
1 429
127 189
159 377
118 424
342 519
211 346
165 272
48 64
9 358
18 462
246 543
235 500
4 399
83 321
69 223
281 438
306 321
128 364
35 146
31 247
92 197
289 510
41 336
76 404
411 457
478 518
22 349
360 420
464 586
402 507
22 142
70 542
192 280
15 438
218 432
20 319
251 481
309 430
358 547
38 48
35 49
64 588
291 393
356 538
293 418
105 136
116 348
154 594
280 472
44 119
302 328
468 598
169 548
478 578
308 489
234 400
296 556
287 520
220 591
37 109
124 209
28 86
19 579
215 435
139 311
200 456
358 433
535 566
149 575
284 312
417 437
394 475
78 499
218 287
297 328
44 109
359 494
83 306
11 272
78 321
82 110
94 179
361 481
100 309
47 556
58 169
371 571
23 187
451 577
222 338
390 455
63 134
387 447
172 193
228 291
408 418
15 205
298 394
332 532
198 536
90 459
19 114
147 151
290 355
329 521
314 511
270 358
260 562
347 378
10 338
302 391
107 405
194 571
230 376
150 153
97 324
316 481
106 433
135 536
82 141
18 570
458 479
300 489
97 306
30 119
351 391
160 576
237 510
71 386
370 591
273 597
151 368
61 81
102 214
279 330
102 587
162 404
53 218
395 557
128 328
63 569
198 463
48 569
400 510
8 317
199 327
37 251
33 538
101 210
125 144
240 280
35 183
84 195
356 419
151 323
436 443
327 546
178 535
17 94
50 449
49 506
92 134
332 383
68 109
353 412
91 554
137 144
30 175
363 395
120 550
204 336
42 429
60 514
148 279
333 537
170 346
16 411
63 92
3 594
331 486
45 83
407 443
404 542
235 430
162 449
94 457
57 190
220 304
243 411
130 533
171 440
98 383
44 168
2 415
351 590
60 489
49 542
181 414
100 526
273 412
156 466
417 575
121 357
47 307
75 222
321 499
492 592
283 478
258 296
121 497
11 278
171 526
3 366
102 251
190 518
245 397
306 324
182 361
392 553
416 589
216 549
419 428
362 598
180 592
158 580
391 524
75 224
500 550
206 483
130 384
259 446
184 308
325 575
269 390
255 540
274 519
112 597
147 548
503 560
284 454
10 75
444 448
250 400
294 391
26 455
174 365
91 206
236 490
103 581
79 594
239 501
57 553
188 515
299 369
188 267
54 291
418 483
292 307
121 379
123 545
125 450
189 374
105 413
99 187
375 537
132 480
330 592
135 316
211 389
9 433
111 166
285 456
96 361
232 315
80 513
147 323
440 550
276 545
47 568
149 325
95 505
112 565
491 497
270 283
240 525
264 559
257 382
502 534
233 328
126 198
446 511
53 364
110 470
305 379
359 593
252 409
65 574
6 185
128 377
541 561
511 593
396 596
65 355
0 125
164 313
83 211
368 567
63 197
54 143
293 301
328 377
244 425
13 171
173 365
105 195
12 534
19 310
247 561
385 493
39 229
94 411
54 258
234 528
132 448
38 69
209 416
468 503
357 379
490 519
55 219
456 506
286 344
348 588
110 329
267 515
431 539
11 209
70 486
207 265
389 440
291 521
255 276
257 506
422 474
421 445
283 578
417 594
40 547
413 538
37 68
6 58
46 362
333 375
131 564
214 587
127 476
278 373
52 380
414 445
352 417
146 156
54 307
13 389
460 521
96 287
401 500
14 90
234 313
94 158
323 567
400 502
497 549
133 516
50 257
301 559
41 410
250 502
172 264
327 593
187 469
136 413
70 331
302 529
194 300
142 205
317 482
81 570
25 238
119 381
48 582
345 390
478 503
157 299
315 445
324 452
170 464
221 485
34 332
382 521
426 498
272 278
270 480
260 526
38 416
221 541
6 169
109 339
523 573
70 146
228 404
536 584
196 241
277 579
7 574
72 325
199 313
37 339
258 556
36 295
231 471
27 99
106 344
127 341
40 480
122 539
352 437
144 186
213 551
439 517
38 582
129 267
362 363
106 578
255 522
185 548
120 338
65 494
273 446
243 482
7 207
200 373
14 297
64 569
234 502
308 341
367 587
261 591
12 258
342 580
143 460
203 397
213 477
299 592
24 186
238 516
466 551
103 262
300 461
171 282
194 371
305 356
76 542
12 187
42 94
160 240
30 142
135 153
61 385
15 504
167 195
130 332
450 453
44 202
422 486
36 60
291 307
347 527
228 307
176 322
470 552
233 576
63 223
250 510
239 583
160 525
448 555
462 570
226 341
480 547
79 543
99 289
133 138
130 326
61 152
125 453
380 442
124 168
373 506
245 491
339 587
403 583
57 518
70 166
266 421
240 573
127 133
113 454
285 561
15 280
496 549
181 441
51 290
149 322
357 419
122 179
436 484
144 352
4 77
187 544
216 562
104 336
58 597
124 141
232 294
23 54
236 519
82 329
446 597
282 346
86 125
205 383
244 427
283 407
207 355
40 294
443 471
460 563
0 399
157 369
91 261
251 277
210 553
209 589
233 523
138 516
246 284
298 452
26 34
320 592
110 427
326 332
38 569
86 402
164 510
93 234
290 578
36 372
460 470
448 471
304 408
33 413
170 554
378 488
511 512
347 488
97 475
366 583
157 217
193 418
470 563
7 462
101 511
139 410
393 521
62 454
4 118
32 58
55 131
55 123
67 247
441 444
207 533
80 378
438 577
200 278
93 502
497 585
77 399
452 475
395 567
451 472
458 508
188 388
379 497
26 269
241 279
65 380
430 440
255 309 334 141 76 182 525 427 206 82 285 401 377 460 87 480 151 375 363 486 339 448 402 262 351 193 14 292 317 252 151 70 158 460 476 211 477 92 343 455 261 455 33 430 128 82 229 177 89 476 517 69 102 193 367 141 313 336 543 542 258 279 124 275 561 312 577 98 38 430 498 361 547 98 36 58 291 444 153 224 171 85 35 205 412 10 175 355 405 550 210 336 271 302 59 397 31 229 29 196 439 481 174 365 475 383 227 146 25 204 474 566 193 158 270 306 194 395 548 297 453 559 323 308 240 382 63 249 495 448 416 453 481 348 222 298 185 179 458 498 374 221 165 58 293 98 562 57 573 454 449 328 140 252 380 314 145 10 404 433 333 65 228 206 374 116 485 180 493 52 124 442 586 500 221 406 85 46 56 518 184 150 161 576 593 53 167 365 560 371 70 270 148 163 237 55 222 558 36 564 485 61 397 246 245 265 397 428 259 298 320 137 287 405 398 599 146 558 284 15 1 367 465 477 142 76 193 420 77 528 315 290 72 332 526 130 5 184 234 311 210 169 104 87 311 543 264 593 285 188 521 224 479 431 332 302 135 11 324 8 111 174 184 231 540 594 376 188 136 127 341 275 232 285 47 20 239 332 161 163 362 68 88 360 209 300 587 191 94 388 63 196 410 589 300 492 150 259 265 361 162 500 427 268 385 319 365 381 597 465 460 200 458 595 547 532 39 379 125 471 66 381 290 84 43 599 367 542 521 575 506 248 207 507 523 13 227 537 533 183 332 454 183 553 220 460 285 383 258 211 171 465 50 82 194 205 474 91 594 44 495 17 240 127 349 280 593 271 414 228 560 193 563 411 265 13 405 306 232 449 415 151 61 529 226 502 52 374 500 281 95 30 519 2 31 299 335 351 512 111 471 512 317 330 152 299 586 331 162 334 157 46 461 22 193 32 555 67 58 458 151 302 33 374 270 210 503 372 439 25 300 496 422 411 378 22 100 483 419 112 394 383 248 66 197 444 379 217 157 99 275 442 196 448 304 103 350 440 76 171 204 85 169 570 497 97 34 175 245 92 108 49 246 411 478 366 166 559 88 538 26 541 214 541 519 535 458 158 84 289 583 168 84 484 530 431 15 441 502 107 287 443 165 510 281 503 370 454 63 61 597 237 123 49 79 196 246 143 553 339 580 325 516 63 480 258 561 566 315 562 504 207 597 406 125 400 465 352 230 589 446 269 563 272 19 196 364 509 530 307 331 596 342 77 334 130 578 29 91 317 227 503 55 114 401 558 211 524 219 488 316 587 579 549 176 417 464 403 307 336 161 169 488 150 504 216 124 470 91 44 2 321 562 468 486 50 464 60 350 16
899 393
170 416
497 393
965 234
988 413
772 344
977 964
577 894
4 365
709 650
217 300
242 657
422 928
287 188
754 551
535 565
8 543
48 482
536 807
317 391
418 710
932 303
463 690
377 877
967 306
873 190
614 665
453 872
788 324
541 896
441 625
177 667
898 998
436 24
600 643
147 803
591 190
350 512
222 561
547 336
827 578
105 755
139 485
994 896
360 593
162 133
907 728
313 954
169 550
213 825
252 812
692 829
666 940
604 451
326 912
42 324
6 823
744 813
934 998
220 462
610 223
457 811
809 86
278 463
144 547
638 868
976 753
232 726
303 505
276 585
133 853
770 48
829 319
500 334
855 686
253 336
198 903
939 379
132 257
938 220
927 54
509 828
324 739
175 181
568 48
812 813
816 372
51 934
850 662
474 249
691 544
278 114
287 428
582 994
53 517
193 990
531 437
116 178
507 722
457 912
362 278
769 884
405 493
935 847
74 700
420 0
718 685
12 680
782 549
319 555
362 753
145 945
839 930
884 81
297 342
757 183
157 619
997 590
996 453
416 615
226 231
475 202
65 579
70 266
301 692
865 374
425 315
695 148
668 445
14 256
558 781
20 313
852 625
786 109
309 466
401 367
352 3
860 328
803 169
33 714
722 801
331 685
473 661
348 869
893 333
405 424
87 796
935 877
521 94
792 277
354 387
968 891
513 792
387 346
908 241
179 502
50 829
682 64
82 461
589 376
647 490
579 619
233 866
370 365
508 897
210 658
131 895
650 8
346 647
926 966
334 137
311 194
127 23
778 20
823 2
432 656
736 289
632 997
893 895
99 541
601 145
941 519
506 445
154 774
693 274
975 916
930 346
424 883
25 111
670 170
802 784
325 990
627 643
177 58
658 353
536 12
483 34
252 432
467 351
641 929
262 746
392 96
365 620
580 165
110 671
524 619
263 95
594 842
272 556
271 611
831 878
265 152
997 23
102 932
442 515
757 221
395 282
733 40
567 443
72 349
241 21
173 637
246 273
259 531
313 316
204 437
741 151
911 568
257 898
600 332
339 26
915 637
860 587
690 456
569 959
320 290
162 380
450 981
826 192
904 6
638 517
516 33
730 253
0 488
440 753
529 212
904 125
191 697
921 794
439 234
529 972
380 489
202 132
495 95
100 971
182 326
738 403
318 792
389 947
729 992
381 197
294 92
888 820
289 368
104 8
620 786
886 419
20 197
132 297
621 708
769 619
213 209
229 696
805 978
94 379
468 447
147 316
370 462
283 712
519 60
594 563
476 592
339 182
789 677
885 167
171 735
639 729
531 471
265 870
447 943
694 788
310 863
248 985
105 43
848 542
585 220
371 974
724 513
108 101
652 67
640 302
23 33
763 514
742 85
192 6
465 166
149 214
271 974
663 235
358 313
342 366
73 738
909 207
535 920
712 952
888 537
398 392
37 400
178 772
405 665
682 112
180 266
767 289
955 831
151 162
826 276
527 770
683 961
747 465
343 769
574 73
145 875
535 727
213 355
498 526
566 293
122 726
998 935
205 268
377 550
371 67
715 197
91 407
368 670
686 747
666 710
307 164
934 124
97 616
469 733
678 593
825 466
870 303
784 942
443 721
676 809
435 119
432 161
752 655
699 879
28 979
476 414
894 779
948 765
642 447
826 41
996 212
420 529
995 861
700 10
282 18
698 355
627 162
291 738
648 127
195 412
303 31
649 405
957 88
491 179
682 906
391 634
299 818
503 675
597 721
478 798
714 61
613 121
0 55
265 213
656 672
800 524
851 847
280 840
66 141
966 722
640 972
541 173
208 483
963 448
548 942
288 310
757 387
991 118
218 887
74 663
598 16
880 723
218 59
236 149
53 762
14 511
830 987
381 32
987 517
517 364
243 595
883 246
194 103
381 128
84 990
876 445
192 956
401 317
990 341
447 787
422 824
403 743
396 171
127 439
321 265
34 616
602 414
696 629
335 581
781 201
954 671
914 282
503 587
34 793
316 229
961 572
664 882
947 699
935 595
870 502
779 967
524 127
890 626
244 839
823 437
505 550
112 139
783 414
857 56
658 644
208 762
33 536
132 231
635 560
365 843
612 280
566 826
453 324
334 111
652 577
84 835
65 402
833 752
407 855
353 800
893 665
543 507
39 684
222 949
70 178
710 91
90 883
792 716
157 249
817 608
424 446
34 457
234 123
944 629
200 630
157 906
452 99
914 76
651 269
118 366
558 213
567 99
479 771
669 854
155 584
507 299
501 236
420 797
100 242
277 276
876 11
517 996
781 759
548 613
148 991
207 801
791 359
54 219
34 72
489 939
731 880
787 908
906 32
599 257
40 143
836 137
14 768
757 778
144 398
466 493
332 825
166 300
684 502
831 496
592 498
367 217
976 138
551 989
805 556
612 47
375 242
542 679
589 807
406 977
902 870
432 399
264 361
439 77
66 611
129 332
149 663
175 874
959 186
434 845
107 304
689 998
770 592
925 906
457 281
289 230
19 871
388 782
796 869
311 125
871 644
340 957
984 696
674 200
64 15
806 743
147 706
445 186
388 824
36 294
826 907
859 913
976 783
296 977
188 529
513 857
674 378
1 7
662 550
605 895
828 230
669 472
458 608
744 700
350 418
56 435
907 844
179 605
995 90
457 376
525 241
331 52
397 521
127 576
299 625
791 483
268 47
627 98
689 932
941 267
327 342
609 961
853 999
854 817
630 760
