600 924 600 727 13
106 578
43 412
106 549
75 177
229 474
281 442
221 472
338 551
317 595
53 439
150 244
115 352
273 447
401 430
93 327
354 469
268 287
66 273
320 335
140 266
248 366
26 536
189 547
418 419
297 599
218 505
289 388
224 408
163 541
411 427
191 520
234 446
62 120
72 583
425 540
450 538
172 378
363 497
443 489
27 215
152 522
417 474
131 590
40 531
167 538
329 430
243 293
248 382
233 340
72 171
110 533
313 431
75 90
28 246
477 505
126 510
71 333
276 594
68 197
436 565
438 548
525 586
387 501
275 492
213 251
126 155
111 400
443 562
135 147
376 382
202 416
143 250
231 509
37 521
190 216
173 540
317 504
393 430
280 299
27 487
42 72
187 262
381 566
197 381
282 576
185 500
44 126
4 39
75 349
97 392
2 203
96 108
436 516
163 555
99 295
457 588
166 496
46 71
353 386
40 146
20 417
151 409
275 421
224 452
157 175
200 299
216 361
83 250
123 383
355 397
91 339
15 367
264 556
447 560
304 485
587 593
11 393
255 457
247 350
41 282
332 493
68 443
50 420
498 569
100 377
239 336
1 442
16 559
514 590
131 535
145 197
73 314
256 589
318 467
317 542
69 563
265 460
71 469
369 547
161 449
229 526
225 396
147 302
512 533
172 278
27 429
78 136
329 330
161 342
29 562
242 336
288 326
153 400
12 402
440 555
111 427
197 489
353 526
94 242
66 419
200 342
505 523
42 256
47 356
271 318
35 51
19 233
80 415
19 403
193 588
36 156
48 525
257 556
464 498
0 432
30 503
113 118
409 472
84 99
150 287
28 185
105 179
358 486
302 478
245 276
169 545
129 148
97 287
265 289
163 503
501 532
58 273
32 423
273 390
45 64
174 347
108 371
68 489
211 503
327 549
128 250
274 524
11 401
205 391
207 415
264 293
292 444
73 592
38 202
373 390
239 242
83 318
334 497
5 211
124 160
81 344
126 257
276 562
66 416
6 104
231 513
238 546
150 544
200 280
234 307
198 297
423 425
3 511
13 228
30 322
208 354
216 243
175 199
146 498
138 290
147 379
254 320
237 313
561 592
166 254
273 418
281 515
157 561
14 325
268 329
1 295
216 440
31 543
138 149
161 425
244 286
212 346
29 515
85 370
445 551
364 430
186 196
38 253
572 576
259 441
245 515
164 403
80 532
16 377
35 508
337 553
17 180
170 250
156 575
113 542
330 430
154 528
60 523
8 312
2 560
397 471
158 493
167 224
458 545
47 87
321 424
48 381
38 416
506 507
86 567
135 302
118 542
179 473
484 558
69 504
301 528
8 125
133 355
133 306
410 422
127 317
146 463
425 449
166 546
4 261
18 355
52 330
137 211
365 486
121 396
359 385
194 283
58 390
17 372
246 500
363 482
314 435
276 515
183 446
142 162
57 556
126 455
238 458
244 585
368 414
5 137
249 309
232 293
459 555
26 331
238 545
410 550
34 537
285 332
267 497
109 379
33 540
65 165
477 564
32 341
26 212
213 512
244 493
148 358
28 214
165 271
18 271
249 539
114 550
5 551
115 168
219 438
320 417
60 564
159 264
455 480
7 533
23 382
136 236
177 269
76 180
60 477
51 91
31 215
273 507
469 480
43 468
122 307
307 376
352 573
1 221
67 290
368 484
380 588
22 352
99 418
16 513
50 53
52 513
184 187
39 75
318 594
113 238
548 592
362 436
426 579
120 431
31 406
181 591
357 572
4 570
204 210
479 493
292 411
384 410
196 560
434 480
79 382
42 450
23 183
271 467
229 386
14 366
8 112
32 584
220 595
126 208
194 205
185 558
289 301
438 592
258 480
234 275
124 129
146 385
35 91
36 413
378 444
215 487
441 500
221 295
215 543
251 512
11 544
107 238
431 510
172 481
125 397
455 469
107 223
357 359
76 160
31 511
277 352
69 519
98 502
372 517
94 116
342 449
210 384
81 288
393 456
76 424
298 343
312 490
23 479
59 475
22 54
56 550
144 521
378 411
405 438
252 433
235 344
209 557
246 280
262 335
360 490
289 343
210 422
180 589
66 465
122 432
188 242
158 585
10 429
269 394
271 412
377 464
62 455
98 426
42 167
36 575
110 512
24 50
222 400
163 338
321 567
279 571
145 442
320 353
11 456
82 166
361 377
92 533
48 77
368 500
144 495
525 528
66 437
73 217
393 401
16 509
82 417
301 566
221 373
15 25
219 405
404 498
374 581
23 376
77 295
188 584
109 595
240 257
346 369
409 442
195 554
57 240
91 149
89 444
525 557
334 590
203 336
232 264
86 167
156 467
253 403
37 501
5 65
212 461
76 538
92 251
32 188
65 363
243 361
528 557
165 211
54 492
115 573
261 428
95 113
421 582
198 523
383 390
68 442
415 553
187 335
206 540
30 468
47 239
30 43
335 353
92 398
150 585
152 537
297 572
209 255
169 288
86 321
45 199
285 585
136 227
216 293
233 554
98 154
151 515
154 579
1 409
362 516
21 566
323 371
149 339
284 444
45 176
209 579
106 494
304 542
253 416
169 350
150 282
428 570
22 303
191 511
98 139
244 544
169 577
110 178
151 281
334 514
151 491
393 434
281 562
105 275
138 399
471 489
328 406
287 392
83 245
233 521
365 452
13 185
52 430
177 319
112 312
274 374
154 209
2 336
9 141
398 565
35 82
102 573
103 326
148 466
164 428
37 340
176 288
439 464
281 443
172 435
66 202
45 532
15 440
161 214
87 160
326 532
231 294
157 592
265 566
158 332
14 480
8 126
6 41
55 417
354 490
134 206
96 299
90 547
83 522
74 395
19 495
157 176
54 262
52 313
289 502
314 592
252 370
168 238
296 418
86 538
200 536
83 575
1 77
32 212
174 529
168 546
165 412
79 479
72 186
119 292
3 61
21 528
190 440
384 550
333 462
369 461
549 578
18 562
24 100
136 490
52 559
263 355
176 199
183 479
258 456
242 346
362 571
313 580
233 495
134 173
102 597
305 343
74 518
463 498
114 230
191 583
109 475
132 309
133 468
138 504
85 433
54 526
0 14
71 462
33 124
82 476
10 520
259 518
306 412
364 431
144 233
45 596
5 445
534 536
141 512
38 142
133 263
303 582
131 402
84 586
104 385
24 377
60 505
429 549
48 197
365 567
46 272
347 578
110 119
303 492
217 314
22 550
101 487
111 178
324 494
300 461
470 581
215 241
217 435
10 192
140 229
466 486
219 436
57 243
270 285
573 597
17 560
239 310
62 510
156 497
162 189
267 514
110 284
455 510
295 586
228 451
382 479
39 90
408 483
15 555
341 423
73 157
178 400
66 351
119 444
358 466
59 317
79 493
511 543
95 595
475 519
437 588
61 537
163 459
363 467
214 527
298 388
448 582
65 445
220 317
159 503
265 301
177 371
250 491
278 387
56 448
43 453
190 361
24 361
70 284
171 537
0 366
378 571
407 562
142 202
142 369
262 352
111 389
195 481
114 247
37 387
406 413
167 226
417 508
42 589
266 275
234 552
203 560
96 500
210 574
107 485
120 393
252 283
87 372
375 396
274 323
246 299
0 122
111 222
316 415
130 348
429 598
390 560
84 525
214 425
135 176
18 276
321 486
22 448
193 495
132 502
300 369
87 517
136 305
78 308
72 117
319 536
188 346
282 285
56 582
70 398
18 306
192 429
237 510
106 324
327 429
174 225
130 247
377 509
288 344
391 413
4 428
109 302
144 457
123 170
321 358
122 248
147 475
179 325
516 565
291 550
141 374
283 487
212 341
290 315
128 522
141 581
77 442
114 539
454 529
78 568
148 160
34 128
247 539
339 399
64 530
63 483
45 326
73 175
53 311
40 498
268 544
115 458
104 357
128 537
180 196
76 589
338 367
522 537
354 360
195 411
323 349
155 240
258 434
201 395
28 500
279 435
200 214
159 440
351 465
95 118
125 587
356 584
340 554
242 351
182 348
41 576
143 515
27 520
249 298
30 159
50 190
321 538
333 499
53 218
345 567
41 104
283 488
561 591
25 367
107 113
502 528
36 391
258 366
18 594
279 314
32 173
138 339
30 264
548 561
139 502
101 241
275 582
453 503
416 437
221 383
260 383
387 532
347 529
49 50
39 222
242 584
82 223
82 254
25 440
140 234
88 137
94 506
95 545
510 199 295 97 349 81 20 247 577 240 226 334 176 570 257 120 195 204 164 295 88 463 539 510 70 57 599 566 355 582 334 179 505 304 470 76 498 491 276 336 491 535 361 374 546 430 576 59 328 203 32 345 229 4 517 330 328 82 566 129 463 466 390 363 169 274 42 516 412 337 161 298 435 504 558 486 84 11 360 377 350 63 410 55 109 50 483 326 496 325 139 211 2 585 373 29 68 37 429 252 94 81 105 131 80 10 510 7 251 188 155 51 219 509 470 84 106 394 597 284 584 352 237 328 291 431 358 341 371 109 442 178 362 460 264 516 150 546 403 488 107 313 375 446 106 371 465 539 533 199 351 130 188 323 213 239 494 216 328 473 378 299 573 81 327 490 93 525 190 514 379 474 434 69 323 475 17 356 126 540 422 44 22 577 310 141 491 552 157 338 540 123 464 516 89 162 149 138 504 399 543 113 231 104 435 360 321 184 558 27 400 94 559 176 383 586 92 558 55 399 238 370 520 181 140 52 144 44 237 505 224 357 397 216 461 326 137 281 100 118 65 42 136 117 527 170 353 313 302 525 493 214 89 120 216 263 162 144 94 52 426 572 466 411 534 121 526 476 533 197 172 132 173 374 463 338 517 154 120 462 572 66 118 131 12 494 0 183 140 375 363 244 70 380 592 190 561 500 58 349 489 587 546 227 236 194 234 596 126 232 511 316 499 595 284 126 262 528 374 504 276 37 547 276 569 282 298 115 523 56 136 72 249 144 136 224 419 160 546 71 102 319 510 479 567 299 67 518 300 192 244 565 25 384 275 252 370 277 378 29 18 426 539 541 497 126 362 529 155 91 472 169 16 170 177 30 473 279 99 176 24 363 279 31 256 71 543 307 51 112 30 180 413 570 236 143 469 123 15 476 311 331 277 299 372 39 488 511 368 301 387 35 166 319 98 7 259 240 43 229 10 500 65 225 359 312 324 185 373 256 564 386 395 504 375 455 10 208 2 186 531 120 395 39 389 553 123 311 442 552 226 211 585 245 409 183 61 566 430 272 88 533 491 312 375 160 198 36 241 470 56 130 319 215 301 137 371 310 538 364 474 373 514 525 248 505 470 156 117 283 145 208 162 486 584 545 85 192 263 544 38 88 373 108 60 388 118 362 179 270 120 4 453 31 581 69 121 44 192 449 296 507 281 376 216 322 273 305 201 296 531 476 85 17 577 432 136 234 270 166 410 478 151 17 77 328 184 291 108 208 5 381 339 522 595 342 313 427 363 386 265 111 258 434 262 36 307 282 259 111 397 307 157 273 366 128 523 441 165 330 43 562 136 537 171 257 465 496 472 246 417 389 206 238 63 335 296 306 118 559
556 127
585 610
529 777
746 781
252 714
920 500
864 39
19 681
673 356
118 736
859 864
651 130
929 559
6 997
539 173
958 340
805 186
590 808
729 503
312 618
141 36
509 490
335 201
485 28
871 253
952 308
315 910
849 827
137 992
672 545
832 419
842 735
402 928
536 972
725 722
88 11
838 678
273 538
349 719
264 756
876 134
844 20
695 842
810 449
706 392
208 432
528 277
508 870
541 507
978 280
932 262
26 39
763 230
901 225
312 97
241 14
414 232
805 339
545 670
51 251
998 158
778 749
656 233
792 971
159 479
892 542
451 704
64 161
617 535
12 282
25 643
530 242
719 827
104 458
25 804
222 787
612 875
556 560
548 345
565 53
270 432
168 363
156 63
760 642
497 607
980 823
682 911
542 865
948 466
103 647
276 785
81 58
11 723
928 835
460 785
169 265
161 903
809 65
412 495
540 627
872 217
905 732
273 279
249 357
886 58
451 158
990 916
168 170
166 864
90 304
77 684
196 695
641 316
172 213
320 298
259 194
444 756
745 852
137 243
131 669
672 188
804 866
514 112
655 716
533 925
660 396
694 323
79 185
717 674
562 948
305 380
998 555
356 417
748 438
435 954
110 372
559 397
899 465
46 110
392 463
353 39
124 771
375 760
737 621
338 551
582 539
853 91
58 361
587 933
18 81
711 70
639 611
810 701
173 775
433 526
733 319
860 650
87 436
620 20
876 394
559 891
318 998
321 740
943 434
237 646
838 516
190 111
711 886
245 161
194 297
664 664
745 744
146 549
406 987
877 966
134 442
156 407
236 834
154 700
471 206
620 826
41 394
280 401
457 25
279 162
101 975
684 777
254 127
420 888
339 768
916 285
781 825
882 920
339 647
945 717
231 590
625 774
608 482
991 90
165 433
234 953
14 873
379 724
549 802
460 308
922 699
481 973
334 480
622 291
426 561
419 331
891 491
351 873
29 767
243 995
837 782
876 315
133 493
936 179
3 527
89 267
567 654
222 741
133 145
736 938
844 927
772 928
600 421
36 899
320 15
294 306
771 257
865 340
297 564
396 58
139 363
537 447
718 275
204 191
464 846
786 303
873 766
427 854
819 305
599 89
751 585
161 954
298 336
562 88
370 363
705 648
52 750
958 778
353 672
221 92
396 582
670 822
745 358
593 191
45 871
625 740
301 695
316 159
752 402
826 371
497 407
363 69
975 658
736 106
231 881
703 25
827 553
518 319
501 705
110 828
408 106
717 550
321 227
205 533
87 547
205 967
641 553
754 6
937 755
74 637
673 5
627 105
755 68
196 338
459 424
30 144
337 250
164 632
849 313
745 284
556 602
494 678
989 22
397 372
184 929
314 821
487 439
88 355
387 174
104 206
534 386
746 479
475 113
491 338
396 400
477 885
922 204
636 365
715 247
89 483
38 188
317 414
102 239
795 594
285 858
216 52
643 948
789 405
174 832
943 908
514 200
227 385
990 850
806 661
724 136
751 148
280 927
571 6
488 230
935 617
262 89
502 806
269 463
976 387
100 96
249 567
354 931
302 958
453 366
138 329
707 944
384 872
933 982
281 364
205 815
241 315
397 795
295 187
270 57
577 351
713 457
488 928
930 37
611 982
946 79
604 369
871 282
73 577
893 601
700 201
691 1000
585 116
991 316
72 933
364 812
953 814
207 855
563 835
583 691
96 790
787 902
483 71
828 256
153 579
71 326
379 641
544 480
512 62
630 703
404 287
951 136
268 30
231 518
437 408
223 708
533 709
888 680
779 52
663 162
187 885
0 782
841 887
679 418
1 660
85 128
164 729
682 139
982 520
311 655
787 159
6 419
839 705
676 499
764 969
617 593
362 318
196 613
794 484
873 719
71 973
314 442
386 675
191 31
512 654
458 640
945 231
377 135
389 329
382 973
617 925
354 1000
372 509
185 668
261 669
914 875
713 162
685 235
507 162
993 789
619 201
124 526
30 536
421 655
12 493
899 187
902 343
127 860
609 566
645 505
105 612
926 530
430 45
521 741
393 207
352 968
669 872
81 888
732 974
841 458
820 963
626 252
619 155
358 573
245 234
904 410
536 418
349 845
473 269
813 119
859 171
430 795
579 978
859 610
785 432
582 271
63 817
655 450
644 643
449 185
203 4
48 306
161 99
981 188
110 331
545 30
579 238
191 566
901 574
811 992
42 948
118 174
659 993
889 811
986 735
636 479
589 396
675 606
361 107
595 51
986 955
309 590
185 142
917 659
843 140
434 267
118 941
282 507
438 469
889 435
5 179
966 164
495 773
493 733
120 2
811 233
679 266
772 795
77 739
790 209
964 619
723 591
48 603
593 853
25 846
18 255
823 845
319 519
771 682
999 123
150 796
499 531
322 48
190 990
465 508
845 991
189 506
906 142
229 459
64 714
311 869
998 587
243 917
741 695
653 900
335 381
431 1000
950 405
136 207
811 801
672 86
192 241
213 134
317 794
28 460
998 885
366 250
972 482
424 2
302 480
261 606
945 375
789 375
468 541
42 976
773 186
578 777
37 424
693 526
6 344
973 217
13 558
510 455
680 959
566 315
827 169
233 674
109 569
888 20
272 225
455 337
826 640
825 0
228 256
996 993
397 527
744 257
66 781
412 143
740 810
434 912
647 22
518 584
626 440
385 614
645 843
956 584
6 373
57 459
586 455
757 541
126 292
214 487
306 258
911 919
962 25
