600 1183 600 930 24
469 524
16 302
192 524
296 424
314 351
291 502
260 538
130 474
22 262
117 496
101 269
248 551
219 323
149 560
157 427
52 459
367 551
226 330
191 501
9 151
53 161
79 101
51 547
157 505
114 454
93 104
270 436
219 517
95 592
18 248
106 599
247 585
187 590
147 179
424 438
454 499
198 426
235 299
92 478
349 548
47 504
0 300
252 599
75 589
120 203
206 296
462 547
78 164
91 174
245 503
52 358
400 495
127 394
6 84
49 313
37 300
144 423
430 496
69 440
298 313
463 594
396 522
54 586
68 382
19 586
265 435
11 459
512 567
71 500
131 411
175 558
138 325
136 585
34 397
495 574
501 563
247 598
18 44
513 518
399 534
451 570
23 475
473 477
8 408
280 574
202 309
89 352
337 460
44 415
43 449
11 411
171 192
199 466
8 355
549 592
100 206
11 38
8 394
107 182
439 491
483 529
78 348
73 575
131 286
76 323
139 518
49 395
213 343
198 361
374 534
347 569
521 545
51 213
198 396
379 519
3 132
146 286
93 309
357 586
36 340
189 409
157 291
164 366
492 539
380 438
292 394
395 458
146 291
5 228
367 544
130 533
311 368
199 382
336 587
272 499
284 306
235 480
419 455
58 582
116 349
108 395
221 327
316 403
32 340
32 500
105 501
94 113
204 450
521 556
320 402
176 535
19 516
104 276
205 304
16 460
109 364
393 593
21 541
295 345
81 167
73 148
96 184
398 541
240 563
239 584
91 317
1 7
34 559
105 191
396 421
14 478
6 38
343 585
376 482
307 528
215 362
172 249
136 299
392 572
389 479
134 151
96 559
98 140
261 443
168 401
245 589
186 573
123 352
238 283
1 25
87 136
5 453
110 283
141 502
43 211
94 295
231 241
131 146
22 445
5 344
67 244
254 364
20 151
117 323
213 335
16 337
31 77
185 265
171 475
302 371
154 175
69 303
55 98
64 313
67 422
172 536
115 405
327 507
376 388
498 566
234 590
162 467
67 491
44 210
11 286
216 366
375 556
444 541
124 425
173 415
283 509
188 211
487 566
4 243
520 551
36 55
56 194
112 473
302 597
63 331
10 255
477 489
302 507
138 589
3 21
48 554
181 569
87 396
93 534
357 578
374 399
28 530
261 547
454 540
209 499
513 580
1 592
56 442
431 432
50 229
75 285
265 439
428 584
387 416
568 587
313 429
102 228
46 442
79 525
39 211
7 193
249 536
18 364
236 474
206 237
46 596
107 578
60 128
480 598
215 387
535 553
224 267
276 536
139 442
175 269
80 116
44 173
543 569
246 399
368 561
481 540
106 507
417 523
32 71
29 367
141 178
409 539
44 392
315 402
17 584
236 273
464 577
179 222
169 569
308 487
220 249
305 359
113 328
303 440
375 543
121 533
236 533
370 491
112 298
136 198
308 334
51 407
252 577
23 171
29 546
350 409
386 499
382 407
334 381
121 595
77 273
434 504
168 424
45 72
347 375
46 194
85 233
73 598
181 498
202 339
197 583
163 266
270 519
140 317
77 236
254 551
26 297
31 502
50 95
112 155
80 494
310 584
5 355
227 414
242 334
55 532
72 333
43 529
287 323
239 275
275 428
28 38
495 593
139 306
61 455
257 541
514 525
28 481
380 424
544 546
104 338
269 576
14 588
312 471
165 346
301 365
343 412
186 543
147 437
429 466
53 103
258 517
279 538
98 532
300 376
348 455
58 311
34 292
126 588
450 574
15 45
3 398
421 441
155 485
200 251
113 583
337 599
158 215
199 429
51 170
266 404
17 323
290 493
148 511
188 215
427 502
400 574
276 338
200 379
419 483
163 346
336 425
193 326
248 364
462 590
134 263
107 551
317 325
182 544
162 418
14 350
203 289
258 270
144 531
247 480
111 116
151 273
97 274
111 567
230 324
91 346
57 513
30 278
42 555
65 253
258 384
395 473
244 333
250 265
103 161
12 331
179 425
94 231
185 567
393 574
484 537
165 279
255 494
36 532
413 583
92 379
48 387
270 379
347 556
276 452
499 540
13 510
110 456
18 572
272 386
292 397
278 311
511 575
37 135
136 235
17 506
76 372
161 416
256 589
163 570
318 396
301 545
230 357
115 292
447 599
41 62
175 294
227 431
91 325
240 410
71 346
35 234
0 534
230 576
75 282
58 370
120 289
241 406
219 506
214 481
82 364
395 491
317 503
176 292
417 518
216 257
429 568
157 414
152 214
393 495
144 159
33 187
49 458
365 521
262 424
143 150
74 179
244 422
173 562
324 354
27 431
217 271
139 417
315 320
104 444
474 533
307 588
38 214
40 331
24 283
335 343
9 263
230 586
83 230
69 447
15 223
203 234
223 243
196 234
60 470
8 176
172 309
100 296
432 479
342 401
102 498
129 131
77 533
300 482
382 471
315 590
71 163
390 409
136 396
317 531
391 444
301 470
345 472
6 154
65 589
135 209
59 327
55 159
299 446
8 307
233 506
71 508
275 584
102 316
53 388
66 357
85 149
228 461
266 451
168 438
312 421
527 555
256 509
151 178
471 488
122 470
404 507
118 577
385 453
117 345
21 398
87 343
138 317
34 535
133 596
343 441
513 596
185 251
221 266
290 326
515 560
431 479
179 437
435 567
7 25
71 174
109 562
467 590
269 354
68 557
112 477
7 401
126 350
174 346
157 241
48 297
80 548
231 413
48 416
98 317
225 391
152 540
225 366
160 415
52 121
117 430
114 209
468 589
507 597
357 433
90 293
362 544
64 298
79 576
359 533
158 362
137 389
490 493
455 483
221 463
429 587
249 430
328 428
122 126
441 471
108 561
221 404
248 572
355 457
118 156
286 358
38 84
247 412
24 238
49 473
78 97
237 455
213 407
26 554
61 279
154 581
403 569
377 505
30 405
506 517
207 490
206 262
260 282
60 539
249 309
48 420
386 481
85 448
268 495
293 529
395 561
341 376
294 305
145 330
217 336
391 434
249 555
314 347
159 423
17 310
100 257
149 239
111 512
37 209
13 283
414 432
341 530
27 227
16 371
169 281
29 201
93 172
436 506
270 390
409 492
88 325
158 554
44 572
282 456
82 510
261 290
45 244
497 549
194 323
336 401
295 377
139 284
171 238
196 593
167 540
61 483
90 456
114 295
201 254
370 561
107 554
208 574
132 452
99 212
138 468
88 165
37 339
24 510
228 242
7 380
68 443
53 246
173 332
501 526
83 354
218 390
31 121
253 503
15 72
75 260
11 358
370 395
88 468
80 329
255 435
233 310
404 500
10 311
85 492
421 485
118 464
11 214
170 335
400 450
340 532
10 127
328 345
183 483
312 485
359 459
365 545
79 514
94 413
200 417
40 330
350 519
225 552
457 535
40 361
6 530
403 543
6 341
23 253
290 497
113 275
283 579
228 566
145 485
68 407
62 335
478 519
57 250
248 254
10 115
166 480
229 303
265 417
266 500
81 129
237 279
354 516
555 596
452 513
352 410
230 433
147 243
448 539
12 63
99 387
105 240
384 506
99 188
158 387
40 426
288 350
227 432
38 530
49 224
542 579
390 506
145 477
59 143
128 301
87 585
153 430
12 184
528 543
156 574
251 417
245 253
201 551
264 432
199 557
278 565
186 528
361 426
356 423
200 258
156 280
322 429
101 558
13 82
491 582
224 568
293 546
218 233
86 473
0 388
345 486
138 245
310 506
97 216
183 293
263 474
222 223
20 134
119 264
153 194
126 186
54 392
295 406
107 392
10 80
15 243
201 367
3 4
226 397
182 554
65 475
38 481
27 414
23 259
195 268
580 596
120 418
259 423
81 114
222 224
564 595
166 585
121 359
384 517
526 563
148 598
115 394
457 553
56 139
187 462
101 581
269 294
305 459
258 379
0 53
63 453
186 588
170 402
99 321
251 265
318 426
3 338
282 293
137 583
373 452
371 383
130 294
232 557
152 167
33 547
106 337
114 472
39 360
253 475
210 516
192 550
142 526
40 226
217 342
17 219
114 486
74 425
101 154
65 256
59 465
362 546
101 341
22 570
13 24
82 109
27 157
220 430
37 499
67 439
88 538
191 524
316 461
333 373
85 560
219 287
226 559
244 513
297 357
129 167
309 534
391 571
81 295
277 451
401 438
527 596
104 571
493 497
412 585
22 165
276 527
146 502
207 303
248 520
117 194
306 523
122 186
353 381
181 353
106 597
494 567
267 395
442 513
114 117
267 491
356 550
80 255
92 200
198 476
41 343
271 443
78 449
37 202
214 411
133 555
93 399
64 471
16 597
334 353
1 380
32 304
195 418
186 375
11 84
142 238
368 489
211 215
47 552
153 249
14 349
104 504
102 566
419 449
81 540
22 163
208 393
265 567
64 488
145 565
280 450
44 364
33 490
386 540
129 295
5 457
199 232
229 497
413 431
66 525
128 545
382 557
128 448
192 501
158 420
218 409
360 366
402 511
435 582
390 436
89 415
356 524
118 393
111 478
93 374
200 306
48 158
442 596
114 496
170 213
129 377
285 589
262 277
98 531
24 526
147 223
339 534
197 239
91 165
89 410
565 591
71 363
169 347
54 210
206 274
160 563
31 190
145 155
12 40
1 277
24 142
31 146
327 404
23 192
520 572
250 439
433 586
91 98
69 599
109 510
59 507
4 21
434 571
267 422
56 287
255 311
281 353
84 459
149 197
206 348
119 427
456 579
262 296
328 372
119 178
202 249
14 288
98 174
106 150
32 70
46 153
125 225
198 299
47 434
116 548
169 353
13 110
54 107
217 401
51 68
320 462
96 535
5 461
40 184
69 593
176 457
64 466
228 308
144 253
521 573
94 328
32 363
0 339
268 400
73 162
108 489
149 233
128 539
209 454
122 350
69 537
50 549
185 512
192 238
258 284
23 356
187 369
47 246
31 141
222 568
163 508
489 591
212 378
177 195
389 515
109 526
42 527
29 456
268 289
269 324
318 485
30 565
344 461
237 445
107 520
132 338
17 428
286 411
103 212
68 261
52 595
234 440
281 319
161 321
198 318
105 123
131 167
161 525
77 151
83 586
79 230
246 534
104 434
105 563
130 359
211 546
156 393
29 90
361 476
314 556
36 70
296 437
180 189
93 536
229 493
28 386
41 247
306 417
467 575
453 553
174 363
83 324
156 204
95 327
87 441
282 285
41 511
2 6
303 537
118 204
76 428
124 168
235 585
235 598
311 582
74 587
304 383
357 416
150 599
315 467
535 559
9 264
242 308
196 495
116 478
271 342
418 467
252 593
180 350
394 408
447 593
196 289
134 273
399 504
324 576
217 322
189 270
49 429
182 551
35 593
285 579
330 397
94 496 503 539 426 103 268 7 397 368 92 327 396 123 288 516 237 468 388 279 527 589 381 359 440 114 358 576 26 591 569 434 253 346 343 50 513 592 516 470 113 71 566 113 171 208 247 360 221 331 325 163 574 280 552 289 23 405 456 519 307 49 48 484 208 88 166 132 318 535 24 235 136 262 350 62 257 372 369 262 453 309 248 299 356 360 21 139 270 12 572 38 427 554 313 330 485 372 436 293 382 58 92 492 48 10 140 540 352 31 136 140 39 498 547 244 107 544 56 431 333 27 146 525 520 243 93 543 583 190 559 224 109 32 419 161 570 551 547 169 79 423 99 369 320 58 248 145 395 112 395 265 195 291 271 71 110 434 437 562 226 385 175 404 265 506 96 598 49 341 167 570 337 449 251 316 283 256 406 343 240 423 205 379 197 142 40 473 92 424 180 188 510 21 325 415 497 313 46 172 43 254 212 43 571 537 56 468 126 376 272 477 31 243 29 234 406 415 222 256 278 37 191 474 101 537 599 263 529 149 352 17 540 382 567 509 202 154 57 339 555 499 233 574 535 468 315 245 176 493 198 43 271 170 396 101 304 147 567 168 436 11 358 180 496 424 300 32 465 174 184 515 368 270 88 562 376 569 74 371 295 434 146 519 181 436 456 89 317 155 182 126 507 266 567 55 458 196 139 209 153 449 111 584 50 100 561 290 416 169 353 72 273 255 137 422 116 285 579 324 382 458 2 414 280 213 462 329 332 118 119 225 391 217 97 154 371 118 259 432 141 592 103 181 484 49 139 268 366 380 562 127 130 594 271 291 108 101 310 31 493 198 201 187 24 497 273 239 414 152 439 454 382 393 97 49 436 233 288 307 208 410 405 555 542 175 198 307 81 591 257 120 117 500 386 82 443 274 132 300 346 309 342 241 480 381 8 203 375 10 307 215 495 436 599 324 62 363 150 307 504 571 200 195 469 181 171 220 467 390 596 497 502 561 50 113 206 87 0 376 66 237 243 251 333 208 29 428 222 59 429 454 572 230 428 496 551 272 6 327 361 258 97 524 583 107 442 206 587 225 315 503 269 152 66 405 565 362 502 423 153 465 526 400 112 260 50 444 392 21 148 43 134 300 418 258 301 104 140 493 372 530 489 545 277 7 230 395 257 270 117 589 441 552 410 202 132 441 27 228 396 287 147 385 597 55 527 261 99 524 193 404 588 127 306 565 339 373 368 20 135 550 28 59 506 581 347 68 107 393 18 330 127 216 335 190 597 268 106 373 457 161 542 427 40 90 35 180 13 271 543 342 388 166 574 13 364 139 588 476 27 311 75 535 262 127 585 506 148 459 225 393 238 130 489 553 191 388 449 79
287 592
580 204
146 683
497 495
554 467
963 789
115 673
602 257
856 787
96 975
748 682
109 758
959 625
142 203
717 835
577 488
618 27
468 853
40 283
21 466
36 971
506 443
463 209
235 50
145 154
625 229
87 408
267 949
194 685
207 325
809 616
134 882
509 68
792 232
900 693
838 112
442 12
294 677
145 713
303 415
907 596
959 355
470 634
293 334
12 265
576 537
482 698
326 482
138 448
661 474
666 141
835 313
90 808
264 564
39 422
409 12
485 730
570 657
681 600
671 110
647 972
363 255
926 320
993 645
758 449
260 94
146 507
585 622
792 335
787 98
487 13
480 119
550 519
997 304
639 367
266 181
408 797
76 900
361 329
131 575
758 740
256 780
101 229
55 525
88 720
529 970
692 479
914 432
370 179
11 19
228 288
392 128
641 788
377 558
342 880
632 150
968 665
398 338
399 80
243 428
494 349
94 605
933 864
250 504
413 511
86 87
686 22
93 373
740 539
65 192
155 245
705 746
752 497
373 916
306 756
812 684
726 794
372 774
871 11
187 990
918 183
94 841
730 914
86 38
552 367
413 422
751 867
792 729
686 976
252 816
17 817
209 805
494 531
445 669
11 941
336 686
955 479
341 971
310 153
525 706
365 84
164 941
106 110
720 91
323 39
834 540
181 848
568 423
974 280
476 990
715 34
70 954
189 748
414 676
60 687
811 494
915 26
228 904
168 388
366 2
66 149
205 536
989 247
490 187
342 366
413 191
983 437
211 775
588 314
888 975
873 311
194 100
390 608
14 172
430 101
36 666
886 737
989 127
131 967
592 390
662 888
910 910
135 357
294 264
935 646
635 712
786 890
854 213
267 396
627 881
124 913
124 37
173 59
656 228
421 743
989 166
875 116
403 949
928 519
736 377
608 767
179 274
332 653
888 174
988 24
530 24
474 301
788 195
902 62
300 708
16 387
298 371
284 457
857 365
151 750
236 377
433 387
681 296
567 924
476 812
368 663
585 146
615 420
600 453
631 478
373 441
880 647
254 992
960 838
726 151
88 523
301 907
712 344
510 917
849 167
996 474
24 889
433 262
173 122
447 925
33 90
260 894
988 811
538 435
566 583
307 102
278 524
980 406
89 306
394 643
605 685
614 734
831 28
275 62
127 273
710 697
218 131
483 395
574 794
267 14
290 223
771 281
523 263
0 999
155 995
633 672
538 157
617 536
948 125
32 594
590 853
704 262
237 647
50 919
447 351
412 917
455 559
540 238
766 620
385 226
957 43
940 974
261 243
162 179
521 756
234 191
149 812
461 752
678 844
914 148
723 236
199 876
840 699
260 284
26 722
300 828
524 332
91 454
728 456
964 527
264 625
716 969
620 59
766 138
538 54
28 770
556 727
813 835
986 858
349 606
484 895
704 637
821 439
692 442
803 981
906 253
899 838
342 104
861 517
843 990
857 278
211 469
687 364
436 774
34 549
342 150
698 219
635 112
378 875
784 776
857 605
969 590
15 205
515 553
995 913
896 332
661 334
640 5
449 515
297 629
451 42
140 614
649 286
915 379
900 799
358 823
452 149
854 957
429 318
770 817
692 889
775 1000
43 14
945 943
0 538
902 767
221 5
117 477
123 786
49 812
336 398
930 569
199 363
461 74
71 250
761 952
401 390
161 302
733 597
829 190
681 569
576 39
390 830
526 585
339 560
820 907
200 600
241 850
285 492
608 813
571 236
1000 959
790 381
569 90
533 836
995 688
237 682
197 426
228 580
397 982
550 892
426 458
49 352
868 51
823 733
685 536
904 498
847 665
471 464
323 528
963 82
615 297
922 288
853 872
595 107
774 651
274 861
821 364
816 804
632 917
31 55
160 779
939 405
314 943
222 963
5 129
177 473
583 712
969 204
325 292
166 423
875 448
598 575
324 0
544 296
602 353
890 552
196 934
414 879
674 411
375 706
288 988
223 997
81 493
365 473
692 671
560 857
534 392
577 284
625 640
820 158
842 396
508 681
734 298
446 482
428 222
997 509
792 59
565 996
328 330
991 54
528 204
486 579
1000 762
269 746
370 288
218 259
951 745
644 520
64 763
576 3
936 816
838 245
604 173
778 1
705 64
739 414
934 231
326 183
183 18
696 927
782 413
333 804
722 502
3 866
228 90
985 549
771 536
675 805
316 1000
993 377
190 718
202 630
333 260
739 122
846 478
340 771
941 901
794 468
761 573
762 224
637 601
593 947
740 197
726 723
901 93
352 737
698 174
899 877
250 714
534 99
115 74
174 905
304 70
378 519
211 844
508 854
652 78
506 160
226 162
115 186
965 324
663 749
525 627
179 575
435 993
12 502
521 794
560 686
642 853
103 333
791 943
920 463
585 744
141 0
124 537
95 140
467 604
818 877
287 300
160 653
378 56
417 54
60 855
318 586
927 718
422 598
751 88
353 216
616 984
226 749
456 426
192 199
852 904
176 342
751 982
243 341
810 288
753 777
672 191
201 43
137 326
318 451
980 715
118 412
431 629
822 941
754 326
40 624
938 680
508 994
715 566
42 221
62 107
119 816
824 585
961 878
669 714
643 436
885 930
503 223
396 474
52 320
767 914
934 63
955 256
82 564
811 5
68 434
204 230
501 605
108 639
657 630
370 954
446 885
951 437
52 476
636 398
783 848
271 149
891 204
798 560
625 199
844 81
573 174
136 851
493 654
661 43
998 343
771 36
