600 1356 600 994 23
152 542
359 362
73 267
12 480
533 578
53 411
153 572
98 166
280 363
335 585
44 456
79 177
394 509
35 579
223 298
522 589
307 423
469 584
199 271
320 364
256 579
51 315
391 506
366 503
143 366
401 519
31 388
59 390
91 387
225 273
111 262
261 498
151 276
88 597
179 382
14 207
66 300
34 465
289 319
75 369
2 57
54 255
26 180
82 196
49 547
324 463
140 350
81 488
86 340
86 111
522 538
122 285
170 347
130 317
236 296
245 395
196 538
76 539
505 544
118 552
247 303
417 562
517 540
148 546
199 356
148 399
221 387
298 432
290 399
31 409
277 417
82 218
165 440
224 445
372 552
214 580
348 369
151 157
12 211
183 485
118 568
308 415
65 382
388 590
60 405
59 446
94 346
120 520
465 503
165 512
80 554
194 418
380 498
367 501
269 352
45 459
80 138
15 304
335 490
170 298
74 427
36 334
174 237
353 545
316 456
43 218
45 483
10 142
217 374
181 544
54 553
101 468
8 149
162 577
194 263
43 538
32 46
39 501
31 521
15 188
90 191
234 251
58 544
40 506
44 354
280 540
437 555
53 414
5 470
345 591
320 355
40 85
16 104
334 442
363 517
5 463
207 483
573 579
139 478
214 406
72 180
19 66
33 217
387 495
143 478
355 504
130 219
346 351
123 407
87 351
193 224
109 442
373 561
257 436
109 162
101 112
457 490
488 569
227 370
330 373
102 572
161 432
22 545
422 482
232 301
358 557
1 106
31 103
156 508
492 505
389 594
258 452
97 300
400 448
252 400
497 596
368 581
242 547
99 342
348 360
490 585
103 588
145 437
160 372
254 485
96 116
448 537
243 262
137 228
363 375
374 502
123 287
3 289
271 356
128 271
134 591
73 464
294 476
111 243
162 564
133 224
78 577
385 553
20 243
214 458
47 433
13 468
442 535
73 185
99 449
563 587
261 405
224 528
17 581
35 233
190 308
345 357
154 490
296 352
405 537
302 385
187 408
14 340
109 256
69 481
221 413
3 70
198 239
24 433
89 544
438 528
295 463
64 304
495 521
397 424
231 401
167 218
82 554
386 421
55 381
358 433
442 520
160 206
301 599
219 593
49 491
145 277
46 559
418 434
274 515
73 281
240 441
253 478
139 253
337 513
176 189
112 351
311 493
379 555
214 279
57 62
175 514
494 550
210 371
197 215
112 146
76 283
83 304
183 421
316 396
156 365
142 214
314 493
264 534
182 362
280 565
257 528
349 529
220 395
241 542
0 472
249 373
17 350
198 233
136 257
99 475
28 510
421 598
520 535
113 532
261 380
38 489
377 400
166 211
305 455
152 241
409 521
81 569
122 539
37 482
70 371
8 519
109 567
110 143
260 488
208 214
151 484
327 449
138 196
104 524
351 426
325 571
7 308
450 486
58 318
18 200
127 235
161 322
92 311
295 480
68 545
76 454
118 430
113 309
273 368
120 442
327 515
156 454
176 210
530 545
81 471
0 226
417 504
318 547
38 341
97 362
173 254
13 338
0 431
221 557
66 268
422 505
220 332
122 548
30 146
69 247
385 483
238 337
73 328
123 213
191 538
428 514
277 562
538 589
237 334
263 418
32 509
272 447
79 268
169 449
257 438
454 539
227 389
28 391
59 195
175 432
208 279
449 488
286 353
296 518
56 57
21 347
66 424
283 371
294 434
171 387
222 239
184 471
126 397
260 585
259 532
90 467
42 552
210 339
274 327
349 572
456 561
298 347
223 432
258 391
452 499
43 196
172 249
134 214
284 448
222 331
270 494
321 513
40 533
13 447
376 504
267 410
16 339
270 393
3 326
552 568
405 559
310 335
331 556
146 365
177 477
87 531
44 264
18 94
411 497
349 564
11 470
197 296
89 505
154 457
39 338
268 379
245 475
128 485
21 27
158 475
157 322
80 196
26 270
209 400
11 453
267 495
37 366
495 550
87 341
131 229
334 447
89 266
476 564
132 427
320 504
381 523
127 527
219 502
109 573
20 568
68 408
39 367
31 230
319 447
26 469
292 439
176 381
422 481
174 198
1 86
163 471
96 244
1 262
198 439
88 347
197 518
58 492
198 307
84 92
40 144
383 506
89 181
312 399
228 352
6 342
323 483
127 186
410 494
387 521
543 593
540 565
73 306
323 572
14 302
138 538
338 489
26 393
387 409
53 113
162 202
175 356
62 251
166 480
35 573
47 559
150 240
468 548
410 495
315 384
363 457
117 301
339 371
347 597
265 429
201 437
125 220
16 108
72 388
40 499
333 586
105 172
146 454
350 412
438 445
261 559
240 398
490 575
86 262
452 510
203 210
369 541
383 391
232 463
398 530
66 397
299 331
109 202
27 243
93 412
94 146
303 392
116 332
215 313
379 562
27 104
18 346
436 467
185 462
79 379
226 255
165 570
141 344
411 414
136 377
323 349
173 576
237 272
75 348
160 187
22 364
33 519
86 473
361 493
140 586
101 548
394 486
544 570
224 438
358 509
90 522
107 578
158 541
225 425
332 395
126 463
374 382
84 574
229 342
16 203
366 482
508 523
511 515
403 472
124 258
65 95
285 326
77 506
9 411
121 298
91 495
29 403
34 591
81 466
8 33
230 521
157 428
450 462
198 423
459 577
588 590
293 407
252 549
453 506
19 152
135 540
73 462
180 230
289 340
263 564
169 335
297 589
8 529
264 401
289 304
215 352
131 245
269 558
279 580
208 591
216 502
94 351
118 243
273 324
481 492
136 265
265 528
11 77
300 362
422 507
147 546
137 568
424 542
291 514
32 209
31 587
184 419
110 510
96 370
317 437
22 355
93 425
7 500
79 192
75 278
282 465
525 536
198 292
110 452
178 336
127 491
15 334
106 212
138 534
335 484
226 431
92 574
445 467
256 442
47 498
213 583
310 484
124 391
357 499
178 584
7 164
5 141
4 257
140 427
36 579
13 367
22 33
275 278
127 416
51 516
206 398
36 174
537 589
277 343
69 178
132 342
27 108
55 183
164 360
214 591
457 575
319 468
71 230
114 363
168 177
302 553
129 351
74 560
176 283
210 283
68 530
555 588
294 373
267 328
92 514
398 425
159 240
103 590
6 229
154 585
78 188
173 175
6 245
4 204
178 392
399 439
110 282
130 171
309 414
397 453
388 392
551 553
516 525
353 444
144 190
282 503
219 248
160 552
47 261
286 408
344 397
137 352
89 422
331 404
212 302
313 518
215 597
345 578
38 536
103 563
281 306
384 546
392 590
121 598
318 481
445 455
131 443
93 206
132 558
227 308
12 368
425 599
388 584
383 453
104 108
79 97
496 573
95 498
44 561
32 448
197 313
94 426
525 531
446 574
108 111
390 493
128 508
186 416
114 457
70 339
321 585
544 547
264 498
362 478
408 472
159 425
284 400
427 586
84 540
65 595
2 234
299 556
178 303
451 578
79 168
386 598
174 233
163 466
180 469
48 52
213 287
154 513
313 347
189 381
23 239
284 589
200 525
6 131
357 452
28 124
22 216
87 129
90 204
34 482
234 404
70 108
284 377
146 426
249 456
462 486
282 357
4 377
134 345
296 484
130 437
82 167
108 339
164 329
139 362
10 214
381 435
475 511
132 269
140 333
269 296
475 515
0 286
307 399
162 459
484 582
442 567
273 581
260 321
348 500
176 203
192 555
131 368
170 524
236 518
429 596
355 364
483 571
87 346
15 447
337 457
163 238
59 493
458 578
98 244
9 497
360 474
277 555
115 464
94 200
212 553
81 513
49 318
300 383
266 570
184 474
147 312
182 383
274 511
112 426
134 578
83 319
59 565
181 570
171 409
52 309
283 285
75 274
1 243
211 443
259 400
276 361
68 206
68 187
157 161
233 579
184 278
49 481
77 85
26 186
133 528
37 503
188 571
148 536
352 427
365 454
164 500
107 308
161 518
248 374
342 475
189 508
135 280
242 318
123 583
97 268
17 368
273 480
168 362
205 234
463 480
286 431
99 169
220 348
393 416
133 429
374 401
354 479
194 434
150 355
107 190
153 483
413 462
72 469
387 413
261 264
134 458
333 350
376 441
429 497
347 524
79 555
395 541
220 369
472 551
25 553
358 394
46 47
145 320
225 350
34 279
315 536
25 483
95 155
376 562
105 583
59 575
49 336
311 390
60 138
36 237
333 412
105 293
3 319
120 188
481 507
531 536
183 576
459 564
350 581
236 322
516 536
457 565
91 413
110 478
344 453
48 464
40 258
343 379
127 547
23 292
263 354
325 483
151 361
31 72
491 527
57 249
238 566
317 563
55 485
304 340
122 402
197 352
290 489
91 328
441 599
92 291
251 407
93 398
258 510
337 566
256 567
55 128
99 327
85 389
316 534
246 307
36 256
387 543
34 208
336 592
364 502
140 229
348 474
125 348
338 341
254 356
116 395
168 247
43 191
229 427
167 293
294 330
190 227
241 268
69 507
158 245
29 551
303 590
70 285
224 596
336 527
135 517
9 487
336 491
160 526
281 486
241 562
204 522
56 373
99 461
234 496
42 333
167 455
119 281
21 104
77 453
286 545
42 412
188 520
105 378
256 573
143 503
440 570
381 508
16 386
321 488
447 468
394 532
329 419
390 446
13 501
102 323
9 429
377 549
195 540
52 411
67 350
95 433
297 537
126 232
0 255
238 471
50 543
21 243
36 442
64 207
13 101
29 430
41 288
491 547
34 503
146 548
105 213
209 394
280 457
450 557
158 369
373 456
101 146
354 401
487 549
182 391
69 592
199 291
3 285
341 489
272 334
84 195
42 160
287 407
11 141
93 225
275 569
96 100
8 231
272 367
145 417
263 479
63 584
2 62
209 448
69 336
225 324
53 420
370 389
28 362
221 543
479 564
20 21
220 541
23 439
157 311
92 428
14 288
38 148
402 548
136 528
150 504
149 444
372 408
68 286
237 367
264 380
64 188
241 441
402 539
109 205
52 414
28 478
176 435
96 389
499 578
125 415
277 379
177 588
66 383
5 480
352 558
50 130
80 534
319 326
8 479
97 359
97 168
5 344
173 356
8 572
222 496
366 460
76 189
298 518
150 376
100 594
122 319
152 268
252 259
382 401
247 253
203 435
153 255
53 252
240 599
311 428
102 153
28 110
115 410
309 532
90 436
86 289
383 397
333 552
205 476
75 511
329 360
107 144
193 596
231 479
44 418
231 519
154 337
95 179
431 444
147 384
118 372
310 461
296 582
66 97
240 376
264 396
482 507
1 340
287 293
336 481
361 490
232 542
306 464
119 309
22 217
178 247
342 582
320 417
15 64
85 190
100 389
222 573
61 399
6 475
39 246
332 370
304 319
112 338
315 516
436 438
280 517
24 95
56 249
46 405
421 576
44 396
12 443
119 394
121 432
77 100
113 259
24 543
189 523
22 444
71 494
62 583
153 226
218 305
65 179
238 466
121 421
130 201
69 253
248 502
145 364
560 568
117 232
555 563
454 508
195 446
373 434
81 163
112 129
123 251
122 283
289 473
390 574
565 575
263 476
15 120
492 544
48 281
415 500
32 358
47 358
125 500
216 374
106 302
47 95
168 477
375 566
281 309
121 223
7 415
246 290
96 470
182 300
104 598
26 235
207 288
148 312
86 108
132 229
74 586
54 472
266 279
63 469
177 590
297 405
78 520
139 168
98 470
370 415
11 344
369 511
191 305
142 440
14 385
230 550
276 335
117 542
187 206
167 378
171 587
386 435
161 428
50 171
175 291
403 408
288 304
39 423
75 474
62 234
60 297
19 424
25 54
65 401
172 378
222 404
80 82
63 336
226 572
18 525
174 579
62 123
420 487
227 415
430 551
183 386
22 353
110 503
245 443
419 474
405 534
125 332
54 551
25 153
418 561
41 304
328 462
109 535
201 502
427 558
250 531
38 531
28 182
360 419
358 486
30 539
67 225
8 564
162 476
116 244
411 487
368 443
20 88
117 599
122 468
175 199
14 483
185 281
205 573
404 496
34 422
173 432
275 488
314 361
307 439
246 489
250 346
269 582
406 458
213 293
171 563
24 557
165 580
148 315
142 458
7 329
217 519
239 331
84 446
177 555
116 370
24 221
273 295
161 514
83 447
550 384 456 155 44 42 52 140 275 366 133 225 37 186 442 131 54 300 260 305 473 543 429 264 536 124 567 419 92 82 294 404 499 230 592 357 114 431 48 584 241 270 17 230 164 181 177 484 291 91 523 525 47 235 584 310 557 201 116 342 416 349 211 259 107 105 318 285 14 487 109 247 474 131 118 570 239 419 147 84 359 11 137 441 108 179 235 104 480 593 265 248 125 276 583 108 597 386 472 455 320 397 530 582 246 178 551 281 44 284 365 128 57 360 51 197 262 81 173 545 226 9 135 86 577 452 132 340 317 140 123 380 361 303 33 127 266 471 215 169 237 554 285 0 181 56 461 476 467 548 598 445 584 487 381 23 485 528 111 251 344 90 487 291 390 380 230 500 349 246 435 287 428 225 147 515 366 494 29 204 477 278 326 374 436 212 597 433 460 235 405 521 18 345 5 126 459 257 205 272 349 460 333 274 11 264 31 218 201 48 496 529 399 283 188 64 245 37 306 3 45 147 155 543 455 83 585 499 236 314 597 225 555 119 276 432 68 384 544 106 137 51 29 419 144 98 36 226 507 163 8 225 308 510 580 491 569 227 319 509 326 400 573 357 248 358 518 490 547 329 222 13 169 54 385 335 443 488 46 185 391 40 443 98 590 517 527 329 291 440 374 259 544 143 303 127 546 238 246 201 388 256 7 505 358 184 442 477 356 101 523 216 177 584 223 0 120 55 324 205 454 75 249 482 375 448 36 451 320 479 199 124 181 73 49 3 27 54 536 472 495 525 505 112 357 392 581 311 465 505 176 357 444 200 25 261 325 578 497 266 133 565 378 559 323 332 208 19 397 564 408 490 126 425 281 365 231 476 372 463 487 308 538 298 420 335 277 423 468 513 426 475 322 136 127 125 7 177 139 487 85 159 400 281 247 204 150 38 449 254 482 44 468 466 212 235 150 504 188 156 364 251 596 450 46 371 338 581 592 459 180 128 376 444 113 311 207 336 98 260 333 7 165 285 494 139 107 273 236 91 490 415 4 585 294 241 169 465 505 442 358 510 590 523 89 560 430 37 220 3 543 16 189 535 348 229 495 365 287 499 359 508 252 163 340 114 543 338 368 269 130 585 174 299 130 170 577 44 63 507 380 522 350 157 371 263 117 31 539 463 86 482 37 298 382 414 255 158 18 423 11 294 502 356 258 250 37 417 594 73 109 213 453 498 288 163 366 156 420 88 17 440 391 573 458 163 32 357 10 231 535 572 495 328 93 278 188 33 528 266 67 554 168 300 586 297 592 64 166 28 463 39 534 371 472 481 232 205 64 515 549 491 237 190 466 511 552 117 54 563 56 170 292 457 127 331 172 538 21 249
546 478
715 417
494 131
801 358
154 105
468 783
682 785
503 986
460 355
37 124
150 973
430 829
539 778
806 200
676 382
704 277
856 461
615 717
977 192
353 719
712 550
788 534
434 482
652 16
201 363
609 394
28 560
784 502
268 800
620 527
911 296
146 544
182 248
450 436
159 894
636 128
687 164
159 863
884 102
784 146
345 905
734 359
569 630
307 59
373 225
581 325
216 235
235 272
15 329
62 719
248 468
979 13
5 216
33 192
594 431
951 454
465 135
468 106
23 796
952 831
296 166
814 15
507 85
94 646
680 301
321 310
349 748
554 705
495 573
126 743
817 385
81 506
114 559
48 395
643 627
663 934
911 344
378 865
602 287
260 661
357 118
802 937
351 67
745 293
997 753
431 924
756 415
921 152
749 569
45 866
237 60
127 415
962 693
519 655
955 222
266 329
469 864
281 708
519 798
731 838
427 883
841 206
568 372
185 596
820 496
431 66
698 479
370 995
810 467
589 200
249 837
778 475
876 219
61 210
946 948
25 470
532 871
409 696
658 527
77 294
655 244
876 570
849 302
506 45
286 825
552 923
417 762
5 655
987 458
881 179
265 505
653 769
701 717
53 58
246 980
975 888
131 127
696 648
310 140
198 745
634 691
442 802
99 974
218 814
387 944
338 536
883 253
863 8
854 81
490 410
426 591
865 753
352 684
554 410
866 888
270 363
994 322
894 727
663 850
452 648
589 584
871 692
526 266
824 988
558 984
37 961
531 823
341 1
232 706
790 838
824 585
205 523
410 91
918 586
705 111
938 608
904 407
229 648
158 686
328 354
88 544
8 873
298 797
935 511
730 980
63 365
11 584
542 584
648 296
926 373
414 963
263 69
257 629
15 14
438 250
990 824
317 99
772 649
712 72
998 618
1000 238
324 491
585 244
884 445
179 81
567 163
532 617
657 349
127 905
140 250
852 403
569 797
662 461
451 26
192 967
763 620
394 457
421 454
322 35
289 436
594 883
193 422
613 95
865 598
62 26
511 707
519 429
466 945
698 620
678 741
114 509
432 359
432 730
661 102
535 127
56 606
842 693
737 172
880 996
656 65
417 618
346 650
20 756
746 496
498 851
630 816
802 116
170 718
335 422
424 128
964 159
549 46
88 199
168 766
963 535
563 443
645 165
148 75
294 881
108 243
796 870
294 251
756 443
437 282
351 270
86 101
35 899
51 424
322 665
745 708
49 535
997 559
732 216
555 745
704 918
759 928
838 802
323 578
729 931
85 908
938 891
57 337
224 864
884 359
201 180
832 343
512 512
490 10
703 345
761 365
818 86
983 655
679 30
410 11
516 198
516 741
778 696
252 147
839 618
572 20
304 751
467 705
680 420
202 668
736 332
267 39
19 388
755 93
442 978
15 299
789 794
935 730
837 34
810 617
912 762
933 50
387 154
253 542
48 752
776 298
394 552
838 912
852 726
540 374
492 728
610 323
808 328
725 876
83 426
587 991
506 164
602 48
548 893
599 667
708 232
817 819
98 689
902 938
835 155
851 430
740 392
865 140
722 780
298 595
404 799
266 960
928 198
784 581
620 955
517 347
573 682
903 209
730 652
471 475
391 274
416 528
964 586
248 922
187 311
248 729
621 992
876 804
256 755
974 929
390 517
999 274
163 827
775 210
580 762
622 896
515 924
843 370
614 566
483 181
382 404
972 961
384 619
169 155
392 35
304 636
322 268
956 414
358 355
358 807
922 4
637 413
879 487
172 462
154 583
478 917
950 794
314 831
178 637
9 498
129 308
570 834
348 210
373 780
483 609
795 58
148 204
380 319
876 288
594 505
580 86
260 215
178 992
542 4
564 523
152 505
46 453
10 163
548 655
155 421
18 252
495 943
4 533
351 568
414 237
659 994
61 168
885 516
78 812
750 126
399 724
480 665
925 228
668 670
922 691
55 99
669 496
520 460
882 634
221 315
465 222
913 459
200 33
299 549
111 29
739 45
49 989
380 653
647 214
598 807
491 453
151 5
992 791
766 245
182 211
756 888
146 384
332 967
249 894
378 831
940 329
272 7
399 196
910 912
209 1000
528 299
143 788
754 810
98 393
462 749
7 435
194 885
849 977
228 16
802 259
85 583
463 824
796 988
573 473
782 393
671 969
689 842
490 236
189 694
212 787
411 319
511 768
79 771
130 835
595 368
827 771
989 493
113 331
65 139
781 906
841 109
864 848
34 680
49 786
918 789
50 491
111 446
566 118
22 86
291 284
299 933
558 951
793 173
372 475
189 837
387 588
46 817
347 865
120 808
983 367
147 282
274 857
654 886
43 931
854 934
922 660
684 891
992 45
999 904
817 661
416 408
628 264
140 478
230 123
956 375
816 552
990 105
554 553
56 636
111 56
490 352
457 587
958 122
87 262
347 941
306 207
618 222
972 65
232 189
266 111
893 323
997 868
628 855
382 688
240 395
2 833
462 526
899 20
10 701
850 264
105 175
90 464
619 477
600 611
631 445
392 62
271 596
598 6
171 363
727 687
267 251
663 607
437 211
336 621
225 548
485 300
951 863
908 997
622 185
685 582
759 964
10 915
626 345
513 387
610 147
957 755
928 817
910 528
557 279
312 997
670 143
65 957
584 729
773 725
460 70
135 619
818 850
641 659
193 562
223 577
210 145
205 623
215 929
127 690
350 394
456 897
343 329
21 51
735 594
858 548
416 654
