600 1464 600 1129 10
64 512
305 345
279 576
499 597
6 328
58 260
199 511
269 496
344 351
93 593
92 212
210 545
49 265
179 409
12 450
30 94
262 430
165 528
148 304
60 441
249 279
291 326
96 123
8 406
240 418
273 334
288 511
68 477
439 550
150 332
357 404
319 321
91 251
230 548
117 489
262 277
418 564
111 315
71 549
9 95
438 517
288 372
425 592
94 428
195 444
362 381
275 522
90 305
350 537
54 299
346 563
56 525
126 345
125 504
20 536
313 433
300 519
392 507
219 553
197 588
355 469
107 589
275 406
78 181
360 525
448 521
366 508
47 448
88 205
1 329
200 458
183 590
233 249
193 297
335 529
16 169
13 306
24 400
32 285
191 440
47 421
110 366
427 482
358 417
67 575
266 462
25 276
173 220
38 178
361 453
259 372
57 571
16 205
98 540
413 449
318 445
287 337
121 582
162 408
404 511
37 323
46 59
18 507
501 522
16 515
35 423
352 517
8 423
234 575
202 474
585 592
408 543
24 412
10 231
53 242
166 450
276 454
457 488
43 90
115 189
158 355
379 567
140 337
358 509
328 583
294 580
227 397
48 513
2 126
29 443
208 459
411 515
190 428
127 279
436 489
13 89
185 392
95 588
111 122
98 315
434 576
334 598
192 451
23 144
161 508
287 538
139 341
79 109
128 278
19 133
100 501
114 418
365 480
23 494
291 366
25 597
82 127
60 495
150 266
215 223
194 286
291 484
283 599
292 362
71 516
398 503
222 377
295 405
173 307
29 103
418 513
34 560
163 344
186 210
27 340
300 381
231 460
223 515
448 491
460 569
109 261
470 599
384 493
11 296
315 435
201 560
387 490
74 338
366 556
14 480
15 460
25 304
116 512
273 526
372 578
105 536
218 233
67 446
324 484
364 467
567 569
95 200
238 360
197 203
134 245
5 211
172 527
293 482
75 255
186 283
109 131
505 567
266 356
251 368
91 308
319 325
181 255
84 173
79 322
574 589
315 472
280 302
174 576
36 413
235 366
107 574
399 536
25 454
111 178
77 366
188 565
98 310
79 168
299 388
391 536
75 497
320 499
310 590
393 443
128 592
57 157
151 203
88 126
56 511
44 533
134 361
213 370
162 544
352 355
266 483
131 168
36 423
4 287
165 294
251 535
227 267
73 319
167 181
255 301
275 509
381 594
281 519
335 557
121 463
385 507
128 380
112 116
80 497
76 154
97 226
171 278
67 421
127 576
482 565
123 224
158 531
123 567
362 587
192 403
263 359
352 514
47 67
128 518
33 160
45 424
381 587
142 456
194 563
174 523
64 318
51 356
61 583
59 439
79 120
215 533
1 264
205 345
302 461
346 503
87 468
84 382
253 323
199 404
268 444
431 436
66 564
344 541
91 393
177 423
256 573
337 584
83 521
34 452
209 293
139 254
179 426
321 392
87 330
176 512
425 585
370 572
258 429
201 370
138 597
5 381
86 211
390 519
287 419
36 177
454 519
165 580
270 550
391 434
102 551
58 469
430 510
119 130
112 438
144 233
264 588
221 403
190 245
122 388
246 349
461 510
26 290
1 402
0 15
136 562
23 200
30 233
183 402
325 562
188 546
61 539
284 480
116 591
512 574
184 528
189 433
7 380
39 493
151 252
95 149
175 507
10 446
317 389
210 599
406 522
181 256
152 585
251 397
100 275
5 587
56 372
33 566
81 165
264 316
1 316
400 568
73 136
245 412
287 444
201 213
0 484
11 572
311 385
65 180
64 107
18 566
16 305
17 525
353 530
427 565
42 228
74 299
34 379
204 210
105 395
416 595
129 447
197 271
162 181
347 369
81 518
421 448
183 418
334 440
268 376
193 589
15 466
276 281
343 541
16 371
30 190
135 441
34 250
112 355
214 328
332 571
341 360
81 184
421 534
221 526
80 335
160 392
235 282
83 376
214 391
449 509
250 567
28 543
195 287
45 105
306 470
213 224
218 249
127 233
323 387
236 425
269 458
4 461
271 310
68 159
384 492
175 392
186 545
20 395
527 552
256 301
250 296
283 369
259 288
134 412
326 484
135 495
53 152
5 386
248 404
44 415
8 36
49 109
324 412
170 231
164 176
105 506
243 410
76 383
129 425
40 363
88 223
501 598
75 270
77 110
43 188
140 280
373 448
28 335
317 352
224 314
152 242
32 392
157 253
303 377
520 532
442 501
290 465
184 518
255 497
340 537
81 294
47 575
210 405
280 572
330 553
153 581
263 537
45 506
281 414
254 341
151 476
281 300
46 401
409 504
11 170
500 581
7 128
70 474
72 354
79 117
137 455
271 590
190 373
163 454
92 374
231 250
3 58
293 427
405 416
183 207
264 445
506 526
119 365
442 598
451 501
202 371
52 222
80 527
113 410
97 426
12 66
266 323
40 594
332 408
529 544
118 315
236 580
196 531
194 508
176 318
9 149
157 220
12 274
403 423
206 584
309 541
171 184
144 269
177 290
249 432
208 531
3 469
254 430
135 478
246 422
166 267
73 325
399 583
2 554
148 495
121 413
105 422
153 204
297 564
283 298
274 418
71 148
93 482
50 410
116 574
96 567
100 509
376 521
39 341
317 523
224 379
163 363
11 34
120 322
171 217
165 236
176 438
111 435
3 208
87 443
464 539
85 586
132 347
398 411
158 208
333 409
209 482
270 331
155 276
35 530
149 313
124 412
106 284
185 321
77 235
73 551
343 531
54 388
99 290
388 540
353 423
347 595
32 507
13 263
133 493
15 569
251 577
229 397
19 370
349 442
297 402
353 459
339 394
101 132
360 493
198 330
405 595
211 300
75 527
150 571
110 586
114 183
97 471
315 540
69 164
144 312
503 563
295 347
362 386
368 535
201 572
151 197
459 531
87 320
99 353
294 592
71 228
137 353
238 341
38 195
198 320
52 535
145 480
158 570
83 189
276 519
18 385
167 456
292 455
21 521
133 370
237 468
349 486
114 547
42 516
96 346
191 241
226 471
395 536
311 407
81 592
45 391
85 482
348 413
185 285
514 517
5 86
76 532
389 424
62 552
378 416
48 253
192 367
16 411
312 496
319 487
399 555
471 550
148 351
9 151
456 540
68 281
243 488
393 467
47 234
178 195
38 579
304 478
119 145
4 419
417 449
85 282
266 298
138 553
93 565
11 231
22 387
319 562
9 588
121 168
64 445
94 249
72 185
37 251
222 467
70 202
228 589
124 361
246 440
433 476
7 85
6 583
143 597
446 534
109 436
209 278
12 475
5 437
324 534
113 463
129 453
181 408
395 422
385 566
102 578
302 430
333 487
186 295
282 474
352 438
180 535
245 428
123 314
204 581
113 265
3 260
523 576
0 326
17 212
285 311
247 468
89 470
201 452
136 325
423 530
259 357
246 464
402 418
280 461
196 343
267 561
555 583
437 488
343 570
161 282
190 496
47 521
383 388
147 388
545 599
150 157
103 364
317 469
118 476
59 550
19 254
98 252
51 283
297 473
89 204
28 101
207 382
22 229
511 525
42 116
85 209
30 249
144 164
60 475
311 507
380 592
258 377
68 86
225 269
237 247
320 468
109 117
233 312
35 389
211 381
1 183
286 508
199 277
94 361
143 247
41 267
111 388
61 394
285 507
432 447
31 416
236 375
270 527
50 265
214 536
298 599
255 544
24 124
345 554
135 143
409 562
187 463
306 368
89 599
219 477
11 232
217 230
380 585
320 330
478 597
34 213
303 342
563 569
213 452
65 340
191 246
431 489
263 581
57 220
22 267
61 555
200 494
7 209
508 556
40 196
92 407
262 287
137 196
364 443
43 546
115 521
330 558
324 542
470 483
181 332
277 430
291 412
367 406
14 284
51 150
263 500
485 513
17 578
163 390
219 330
303 429
118 472
214 399
244 284
279 434
401 573
331 527
235 508
359 537
144 494
176 494
80 529
63 447
68 414
292 488
225 433
353 531
570 591
235 586
203 588
83 115
150 253
26 187
29 257
242 585
332 559
258 340
14 259
84 590
206 446
34 232
101 335
177 353
277 404
124 568
99 177
286 466
77 586
487 562
169 398
339 539
193 473
260 353
318 512
250 569
299 338
335 544
294 425
178 388
182 346
340 377
225 313
286 326
486 524
59 426
106 365
314 411
59 146
69 233
245 373
257 330
239 562
98 271
161 474
321 354
286 569
113 488
164 438
344 363
196 353
251 490
421 542
450 485
42 309
200 502
129 432
161 235
21 538
35 403
164 233
15 231
214 375
148 516
368 577
161 371
349 598
424 506
202 305
58 389
40 141
418 547
100 522
25 148
324 421
259 284
340 420
138 414
339 528
32 185
49 261
502 588
192 334
551 566
386 437
75 301
22 561
51 559
238 525
98 151
137 290
145 299
18 160
154 532
300 390
160 566
90 554
167 256
73 365
300 594
39 360
157 571
193 228
304 597
145 338
230 427
367 522
54 145
126 533
191 598
42 570
113 243
210 295
448 542
125 426
441 475
120 413
182 503
182 398
195 579
146 179
142 173
197 316
118 151
37 577
45 174
337 575
119 480
249 447
248 277
169 411
383 540
118 268
329 589
188 230
58 317
217 278
212 374
373 496
244 259
497 544
8 367
326 556
102 244
19 572
57 167
28 408
129 236
214 434
139 430
538 575
17 92
234 538
153 378
342 467
323 490
17 102
297 589
372 511
358 489
83 118
12 41
497 527
11 560
90 93
382 418
136 409
71 495
34 296
9 476
66 297
455 465
197 264
96 182
244 578
352 523
291 400
317 424
74 119
84 142
239 487
247 596
26 465
127 517
115 448
244 551
242 453
0 10
40 455
371 508
289 515
48 157
368 470
286 563
421 446
408 559
261 436
260 389
37 490
319 333
110 152
31 359
425 580
456 573
127 523
110 400
482 593
76 401
310 540
112 176
211 281
247 441
259 404
382 547
232 560
97 125
20 422
59 75
273 422
191 334
159 211
84 216
218 279
350 429
399 464
292 465
468 499
419 461
134 428
198 597
492 493
79 131
358 431
149 476
220 418
43 554
13 470
49 50
15 326
124 400
432 453
67 584
323 462
31 263
154 401
275 449
263 420
321 333
138 155
553 597
274 564
194 371
193 549
362 594
239 333
0 231
309 516
60 473
426 504
330 443
166 323
155 414
63 434
205 223
157 418
183 197
406 449
258 303
55 258
484 534
120 348
55 350
248 262
53 568
17 566
298 483
442 486
197 590
219 558
140 461
14 145
152 568
85 235
139 511
207 547
385 407
117 348
412 542
142 307
64 327
84 207
41 596
11 584
162 335
241 598
87 397
39 254
221 389
48 450
104 441
363 541
170 206
226 409
75 439
369 481
252 315
74 388
361 568
87 227
78 167
143 441
45 523
190 312
21 268
42 574
108 349
256 456
505 569
125 409
7 278
274 485
141 196
34 224
65 377
127 218
9 203
219 257
220 382
238 511
208 469
106 551
166 387
70 482
78 332
130 146
486 509
553 558
57 173
4 337
53 453
110 380
130 409
297 329
331 550
107 329
52 180
245 542
74 401
87 393
132 557
375 447
70 282
195 248
37 266
124 134
141 343
147 383
473 549
59 401
451 522
73 130
242 425
250 460
222 393
21 234
80 557
54 248
94 453
390 594
76 147
243 437
92 498
28 369
228 516
159 281
273 506
326 466
278 427
199 430
118 444
90 565
444 579
59 573
2 43
112 512
82 279
78 571
302 510
422 440
105 273
141 541
141 363
130 179
6 214
90 593
26 488
51 408
38 111
386 457
230 278
52 393
62 471
228 396
73 392
227 247
52 91
94 432
225 458
150 559
84 220
412 484
55 429
283 543
31 500
8 449
362 457
41 450
110 291
280 584
125 226
289 533
414 553
331 471
229 387
308 535
477 553
144 458
83 433
0 534
212 492
200 318
42 396
16 202
253 266
198 553
11 280
21 376
54 178
26 463
119 338
90 345
509 524
383 532
267 596
396 589
369 543
157 513
60 135
301 573
2 533
244 372
26 113
362 488
237 499
46 146
21 444
30 428
53 361
383 520
290 582
20 399
174 391
17 498
104 475
24 291
371 563
118 435
13 420
169 503
27 535
170 584
438 514
292 594
172 552
156 219
240 485
101 481
110 585
118 433
72 479
118 376
329 402
269 312
370 384
71 193
155 281
283 545
222 342
23 458
99 137
374 492
164 494
19 39
441 596
302 572
216 310
365 551
154 520
143 478
182 314
149 433
27 65
19 493
95 313
402 564
518 592
200 445
154 573
355 591
334 526
204 378
465 488
27 306
331 552
80 172
91 535
35 260
254 302
371 503
227 468
295 595
162 255
177 582
202 593
68 272
198 499
186 369
239 409
33 551
20 464
348 449
10 206
226 552
446 584
74 130
12 485
346 569
116 570
73 160
261 431
25 155
231 296
95 502
327 445
185 354
63 279
31 378
321 336
389 403
452 560
464 555
168 265
227 596
455 594
43 565
444 538
456 520
54 357
273 440
1 327
154 456
520 540
263 340
87 251
248 287
396 574
424 526
250 505
143 237
3 353
426 471
352 469
41 104
223 289
60 549
10 534
257 443
165 583
146 426
187 582
116 355
204 405
158 343
26 582
150 356
393 253 321 552 85 474 305 478 450 403 83 41 409 286 176 66 470 549 583 316 96 316 578 399 51 158 399 397 342 558 22 587 539 562 510 158 529 261 329 161 4 295 12 51 454 42 386 256 518 599 186 58 6 51 7 599 135 141 427 150 292 569 368 522 175 498 386 99 358 35 366 377 193 409 552 321 29 418 375 57 103 414 413 202 155 203 336 519 166 589 257 201 311 115 318 266 117 29 325 227 2 533 417 54 89 195 286 89 253 1 54 515 442 101 220 309 291 581 495 519 220 148 493 111 437 121 566 432 53 120 278 565 173 499 313 77 72 200 84 100 220 341 399 99 564 209 203 167 169 266 88 591 534 51 374 528 564 46 585 565 277 220 169 519 421 192 98 120 34 4 45 144 246 91 406 9 473 132 553 19 537 212 579 196 229 72 333 433 30 542 21 212 136 419 490 507 525 227 65 412 550 435 107 79 107 510 86 542 560 548 15 179 481 135 293 92 405 6 81 550 71 366 108 78 408 46 318 96 210 438 350 95 36 431 284 101 32 543 65 2 362 5 127 17 24 466 528 74 228 267 307 411 212 335 249 550 572 200 164 389 46 225 349 585 131 587 519 392 333 205 118 189 590 173 261 69 577 411 278 526 430 197 555 501 579 499 315 505 258 144 157 523 285 101 447 185 174 584 428 197 543 32 239 541 416 102 304 529 509 390 134 559 388 57 9 370 275 343 261 460 587 581 208 546 551 462 77 216 524 507 384 490 261 272 447 75 26 498 480 295 311 425 584 235 157 88 596 172 407 152 104 410 241 477 35 409 290 231 86 433 151 542 1 412 446 85 409 528 551 99 217 287 505 322 338 477 232 365 250 530 98 562 535 252 148 249 391 242 199 443 183 150 537 492 444 55 424 283 27 180 584 93 350 431 210 181 245 519 367 316 409 503 276 69 436 483 223 379 397 394 119 309 234 400 82 311 441 198 355 176 405 340 159 89 422 537 253 447 270 308 397 389 564 289 285 557 547 216 183 492 31 127 62 365 40 99 360 247 528 342 553 273 98 43 75 532 242 357 539 446 575 366 213 78 137 466 493 168 443 284 352 157 165 379 171 5 51 261 594 97 81 267 351 23 427 293 47 464 84 21 249 379 213 562 511 30 60 25 463 125 158 133 153 172 334 563 259 421 118 264 108 366 12 299 131 536 563 1 17 92 510 505 597 565 57 547 468 566 484 380 514 227 201 177 584 324 358 439 215 339 180 139 260 173 336 327 265 481 131 73 326 56 288 501 35 62 540 33 547 378 406 423 42 589 87 344 121 34 312 142 510 231 561 30 395 216 5 60 402 231 371 525 251 261 435 404 68 213 380 121
805 340
436 537
920 38
287 274
782 544
19 376
532 90
697 85
176 149
533 542
807 379
871 433
321 653
168 901
774 724
837 334
897 188
953 684
945 815
941 542
443 76
697 513
191 696
512 435
709 272
154 476
107 259
128 893
381 915
4 688
552 311
173 993
952 912
879 807
940 402
252 198
168 180
238 794
685 624
939 591
161 360
264 657
292 414
890 42
977 15
386 199
667 849
714 430
306 723
2 127
2 195
347 868
79 767
637 215
738 713
23 958
910 695
425 750
321 242
639 878
272 577
528 35
632 986
501 193
424 441
108 859
333 588
765 457
18 504
455 327
837 139
260 494
974 988
830 832
709 837
539 878
605 803
742 204
434 803
71 110
496 973
645 76
480 251
634 463
478 683
726 144
18 430
119 717
944 111
203 907
881 100
117 757
990 687
844 82
574 278
509 487
966 299
685 969
582 668
180 246
241 61
425 937
897 758
25 731
289 636
416 149
813 775
381 453
405 24
4 64
698 209
663 649
407 384
39 217
439 616
618 430
355 388
96 47
639 561
748 820
101 141
102 188
658 713
969 333
679 255
722 978
932 74
444 253
689 47
570 197
744 862
15 98
428 986
969 520
677 323
224 569
795 887
192 319
104 539
878 615
819 482
222 363
494 721
176 581
522 406
740 749
693 892
664 796
224 498
577 524
361 813
556 581
659 186
196 964
567 792
109 499
5 609
380 748
298 357
30 474
888 858
808 189
436 865
173 418
496 366
589 82
257 703
481 792
33 140
954 201
839 432
681 9
566 996
474 745
413 211
934 860
454 385
167 208
702 677
751 915
89 813
448 833
973 259
438 586
631 28
937 953
297 940
99 225
841 10
602 471
586 346
346 67
258 123
321 518
845 233
726 632
242 338
492 586
100 599
822 623
482 458
932 482
869 163
522 573
229 963
949 149
802 409
480 640
300 308
741 113
251 920
87 422
976 651
997 409
483 157
962 85
522 705
760 16
508 273
34 609
440 722
316 186
44 786
982 122
973 364
583 450
694 996
191 666
299 466
172 722
801 42
836 363
904 431
488 318
713 471
789 213
549 168
161 606
911 637
790 965
380 676
339 39
617 186
26 272
857 751
636 334
392 53
196 623
749 653
539 277
896 355
152 746
584 614
344 786
902 573
470 858
509 818
15 647
46 934
822 706
283 236
5 29
770 601
116 954
463 520
35 182
266 815
233 676
674 534
568 403
585 942
533 631
5 534
372 128
363 630
192 74
125 458
789 622
735 62
481 221
862 497
77 469
774 159
313 893
821 736
1000 901
833 261
745 556
841 671
998 74
155 275
758 283
106 327
771 103
613 107
308 970
876 383
368 538
247 862
703 746
111 391
508 846
859 536
27 856
160 521
890 144
167 873
511 760
137 793
256 437
530 672
1000 806
555 377
541 479
997 292
623 650
459 567
352 258
461 425
859 922
116 656
876 971
99 113
276 756
735 374
836 903
801 294
411 501
495 89
376 481
83 623
615 961
399 818
827 1000
335 105
449 914
886 937
758 512
728 797
574 2
97 890
903 602
10 813
258 371
211 427
912 110
940 280
361 970
110 84
321 7
36 1000
187 471
382 288
230 259
931 984
355 352
322 836
790 692
126 9
99 999
943 632
632 258
77 340
185 388
37 704
779 813
759 234
235 148
192 837
329 946
978 487
849 194
859 697
639 408
997 614
524 147
660 488
45 834
205 993
943 360
671 131
82 391
435 689
625 763
998 520
978 788
15 332
217 746
662 747
288 199
140 379
429 179
903 897
81 723
569 34
419 104
324 436
157 697
959 229
469 63
708 244
611 859
405 573
263 167
804 648
296 997
197 125
996 753
393 886
762 954
3 242
984 201
716 332
132 173
74 531
928 9
261 996
143 40
410 664
806 559
108 926
743 408
400 82
216 176
348 188
625 133
696 942
789 76
614 306
7 932
849 606
47 0
566 246
607 505
458 182
676 593
37 32
10 298
404 346
598 909
363 98
233 601
273 22
48 671
704 545
443 489
774 414
541 218
672 401
143 75
304 694
293 94
969 436
607 225
151 447
150 313
536 773
46 322
552 430
258 284
870 329
820 533
310 780
69 202
437 37
107 292
830 293
8 783
158 644
332 287
210 876
651 964
638 596
301 582
812 159
281 608
602 537
5 565
192 535
987 957
777 768
383 948
821 106
227 842
754 345
348 663
238 2
822 968
78 299
74 23
183 750
658 374
1000 558
971 554
489 413
226 527
594 377
524 930
954 752
133 587
156 969
269 70
478 492
926 244
726 941
890 309
374 158
967 847
809 236
216 46
846 563
863 648
435 412
364 708
396 318
985 151
241 466
423 298
658 48
144 416
579 744
679 457
244 93
383 241
203 9
932 662
343 144
550 958
606 42
480 929
238 226
275 336
591 770
961 43
763 379
157 833
444 122
56 963
727 502
520 3
613 708
235 391
704 375
342 902
482 895
282 909
897 3
442 646
795 9
283 545
643 912
875 776
603 995
81 574
904 67
484 19
799 266
464 980
60 597
382 849
942 445
230 712
807 931
881 241
384 598
839 41
933 781
929 317
665 219
879 273
304 388
396 776
896 519
553 836
359 427
747 482
441 220
205 800
900 723
709 596
579 138
159 939
126 205
503 58
809 443
644 154
709 171
48 380
497 532
349 456
500 662
328 371
649 113
861 122
132 350
327 1000
215 647
149 552
297 58
238 890
