600 1645 600 650 9
79 191
563 569
333 397
7 494
157 253
339 412
233 360
263 366
29 116
234 518
271 484
104 563
231 444
227 486
186 592
13 239
111 484
282 470
166 207
417 583
365 493
330 421
23 317
36 404
73 374
430 563
362 576
326 590
154 348
258 320
323 354
7 351
202 303
375 481
455 470
32 524
147 383
53 344
232 324
228 230
46 433
99 318
88 447
187 202
474 503
134 260
116 134
258 351
67 552
403 593
139 382
128 465
85 498
326 407
113 151
466 557
213 434
270 363
394 429
73 84
39 480
189 382
38 371
469 523
223 478
78 516
129 404
286 322
224 295
269 388
487 545
207 316
552 571
56 320
227 316
21 264
42 167
177 549
342 380
176 545
176 433
467 565
517 565
28 143
227 368
239 326
55 200
245 357
24 587
34 335
257 503
331 492
218 570
394 473
9 197
218 522
78 513
24 272
125 424
417 592
11 530
284 372
211 462
149 403
107 394
350 527
407 562
144 238
238 367
473 508
366 484
217 391
147 470
123 531
104 500
65 527
111 291
224 440
87 459
100 408
294 329
82 452
204 338
208 518
132 527
19 81
268 390
336 388
67 274
319 356
222 371
385 462
141 510
174 429
36 361
199 282
156 312
4 79
321 545
131 361
335 452
18 50
285 362
173 345
50 470
228 488
345 544
356 361
27 302
209 521
89 401
173 201
205 573
162 386
271 507
162 285
225 310
73 233
243 570
59 387
298 497
182 263
140 242
20 410
390 458
4 537
55 287
267 274
400 495
534 543
299 343
214 476
135 429
225 312
125 280
154 419
147 282
15 390
100 555
267 351
250 561
263 362
151 332
34 416
10 573
306 395
11 459
104 373
12 309
222 598
87 192
103 440
276 566
213 518
16 260
454 597
321 487
308 496
58 199
61 568
125 590
124 253
255 512
221 453
138 561
130 164
239 491
381 535
97 214
17 387
29 212
81 342
139 589
92 460
332 506
49 58
174 394
115 578
128 163
29 253
47 59
393 468
12 575
108 183
317 504
115 523
141 293
445 451
271 291
341 533
397 486
268 354
342 462
269 516
115 422
56 351
288 478
489 568
299 377
304 462
248 250
395 440
211 342
232 344
396 534
137 376
161 548
73 550
448 563
472 493
192 256
20 300
45 417
125 326
31 227
270 278
308 532
290 478
393 465
24 27
131 188
286 407
325 531
236 546
18 427
262 510
249 485
293 457
234 434
94 296
5 229
76 307
487 531
16 195
478 489
25 69
313 396
297 328
201 275
60 559
168 255
520 540
473 536
191 315
13 537
2 553
105 578
150 484
95 506
169 415
538 591
423 468
88 207
542 597
440 497
120 229
278 319
11 405
308 505
162 362
32 163
173 275
343 377
33 169
358 594
165 438
249 297
63 542
336 536
292 455
338 407
163 575
30 204
75 397
294 424
171 261
421 422
540 586
60 546
27 474
171 435
201 422
151 558
20 517
445 454
264 279
233 579
153 533
350 353
116 482
118 232
13 598
422 578
15 175
112 468
232 439
22 42
407 424
174 406
143 407
138 250
418 512
336 483
368 561
10 225
205 574
251 431
235 577
177 453
144 490
173 422
317 431
152 549
7 393
74 535
63 251
45 77
257 329
174 349
105 398
79 537
123 393
150 434
100 236
168 418
378 433
63 219
100 126
207 246
235 421
76 405
295 480
26 389
58 166
418 553
440 476
222 537
155 236
164 299
250 296
365 453
387 428
178 322
265 323
434 518
185 574
30 136
70 532
277 590
327 350
237 292
140 409
515 579
437 446
176 378
23 585
432 537
373 429
95 443
235 330
6 199
309 529
0 350
191 239
316 486
47 438
90 182
364 549
167 592
181 521
3 405
111 150
110 469
477 595
168 553
56 258
371 532
89 564
416 504
151 506
31 486
364 594
144 387
229 281
254 354
89 219
73 535
99 437
396 543
241 510
488 548
91 237
57 119
161 300
15 533
307 567
303 477
213 366
172 277
243 284
344 481
217 368
307 323
46 77
333 534
83 589
126 453
64 416
117 568
72 456
177 540
84 441
192 459
117 489
80 553
342 521
43 493
109 468
5 312
219 454
237 554
515 576
84 535
39 291
536 582
107 582
162 306
99 207
220 252
240 279
94 481
127 321
66 261
47 289
272 348
240 399
220 547
64 452
42 506
156 451
314 446
245 465
419 520
2 511
160 448
485 529
208 241
55 208
6 314
97 480
469 533
459 530
98 343
516 543
207 402
145 352
14 545
5 71
249 529
325 545
310 583
224 355
155 258
21 498
444 529
189 589
456 504
51 194
4 191
10 583
230 359
319 587
9 542
1 592
13 432
97 476
298 343
59 92
118 439
46 528
229 598
354 390
187 477
377 580
114 151
118 344
365 472
337 467
512 550
405 488
24 278
296 481
87 256
112 494
189 542
41 70
210 326
244 440
131 154
296 344
39 414
129 216
47 519
108 392
298 499
193 504
270 302
236 358
366 434
109 540
273 559
97 271
323 390
205 225
334 525
190 538
102 140
256 327
396 582
214 440
65 553
450 599
102 409
169 569
8 353
10 205
246 402
108 471
71 179
240 482
188 520
373 489
429 508
442 530
133 326
106 293
566 574
318 446
113 558
524 552
133 172
20 68
331 524
129 346
9 276
250 324
527 553
27 503
187 212
316 447
256 353
135 508
149 221
126 365
244 480
559 577
26 417
75 129
52 288
488 530
86 384
80 132
154 587
1 583
125 257
33 264
551 561
80 418
68 242
352 451
219 401
91 292
317 585
371 598
266 389
149 188
0 132
136 562
287 360
278 587
38 41
71 312
230 337
98 298
128 325
297 444
294 356
122 376
12 492
197 566
260 362
435 451
348 587
93 457
106 141
115 153
197 479
249 254
60 441
62 251
88 316
8 442
248 296
23 504
31 138
194 369
144 471
355 440
26 266
180 409
50 427
258 594
93 141
194 556
261 463
358 364
219 538
91 554
210 315
349 430
54 261
126 408
155 546
43 221
383 426
232 551
162 195
186 583
195 306
153 330
100 202
98 482
2 65
533 588
298 440
395 497
33 415
175 458
263 386
116 260
181 323
89 591
401 564
552 559
173 578
357 465
75 216
216 248
195 499
161 228
66 445
323 458
259 509
396 447
48 266
182 507
442 459
190 564
80 293
163 460
35 41
581 584
247 593
364 494
89 190
22 506
166 437
416 456
45 95
180 385
308 310
121 344
77 528
46 95
140 380
449 459
221 493
102 304
171 501
566 573
181 254
8 256
126 236
106 550
98 299
36 294
281 310
122 459
218 482
238 471
1 186
14 114
340 575
225 583
277 558
31 397
113 277
64 335
502 530
220 241
114 474
408 472
77 266
51 249
253 370
106 287
14 332
311 538
374 550
380 462
384 576
215 290
209 462
573 574
420 495
216 286
108 400
61 489
184 567
368 391
335 456
138 216
460 584
268 328
349 539
15 231
87 122
522 541
117 403
434 547
545 581
87 137
247 596
159 450
330 422
371 496
183 528
33 279
225 574
131 509
145 464
106 360
218 415
277 503
443 506
436 555
372 430
403 478
370 595
54 171
351 494
196 528
60 571
466 580
81 265
334 599
40 403
203 241
223 461
5 225
54 526
2 87
166 391
90 507
44 569
101 193
105 523
280 590
204 491
172 210
68 517
104 429
45 46
301 516
26 583
322 407
142 315
115 330
35 315
232 296
351 594
99 446
179 206
305 372
163 357
7 267
490 528
175 376
413 479
316 333
37 556
375 407
76 548
454 464
200 287
439 551
198 466
61 448
288 301
2 527
8 350
410 467
246 396
316 534
309 485
379 488
295 355
5 120
243 372
197 464
145 566
511 523
63 189
171 526
269 543
90 271
57 60
241 547
329 424
9 413
402 447
121 572
60 155
73 436
127 531
18 411
361 509
126 364
333 543
336 543
366 507
27 127
306 386
107 347
255 345
145 451
71 159
25 516
32 274
464 479
190 591
84 275
38 222
93 252
276 389
215 536
361 587
340 524
96 393
57 201
172 315
61 169
146 253
273 524
251 387
304 380
304 409
27 114
331 340
483 543
198 305
319 329
92 108
234 547
112 364
311 317
93 293
436 535
193 416
137 588
326 338
156 185
370 515
56 274
140 180
15 297
169 522
2 350
13 222
98 499
6 50
217 439
156 435
67 524
4 432
178 560
213 263
191 326
152 453
242 548
273 552
246 318
391 425
376 458
183 196
216 404
197 413
63 311
93 262
64 165
251 311
174 539
82 165
346 509
425 439
120 281
116 253
559 571
234 241
263 576
52 478
349 406
382 589
279 399
257 424
178 286
29 399
203 518
370 477
413 597
78 475
188 419
36 286
68 300
325 581
14 151
224 466
249 328
557 580
104 160
53 554
152 364
250 551
288 403
413 454
109 586
42 558
95 433
251 490
444 492
9 83
29 482
226 254
193 438
86 515
16 134
17 519
59 519
317 412
195 260
51 226
428 585
38 142
401 454
40 221
42 70
125 407
398 553
381 555
19 380
124 157
154 540
215 473
223 269
85 493
61 160
411 446
202 555
17 59
221 540
425 554
131 419
61 264
136 375
245 267
105 345
82 521
231 533
106 512
70 505
71 450
168 544
16 98
48 528
143 322
0 514
284 522
109 549
15 268
44 430
364 453
80 512
180 462
10 26
165 416
148 542
513 516
293 512
221 520
433 528
19 548
473 582
383 455
73 275
275 441
183 420
311 412
11 449
149 520
127 272
69 516
496 532
410 565
303 555
50 455
521 556
283 337
17 289
114 127
230 530
47 369
171 599
57 441
87 469
267 357
235 341
72 412
223 290
156 159
360 579
492 529
49 199
159 312
449 567
283 300
290 461
389 573
103 480
143 375
183 367
22 417
42 151
181 226
75 333
50 292
23 101
40 593
191 210
127 487
349 372
188 509
214 395
501 525
461 536
359 502
0 252
122 449
32 340
68 140
186 308
83 139
37 165
81 307
359 442
108 584
318 411
92 584
272 531
122 567
37 369
213 576
91 455
183 392
251 428
233 436
132 457
62 490
441 535
375 572
116 124
185 352
260 370
181 556
156 574
218 243
95 176
395 499
112 549
457 514
442 502
190 311
242 380
47 193
35 172
121 491
403 489
275 345
76 567
95 332
96 468
35 277
257 280
3 530
110 523
454 479
7 468
325 487
133 210
347 582
469 511
299 482
542 589
59 471
36 259
69 75
86 287
135 373
80 457
2 469
142 222
72 504
82 385
154 586
387 471
252 514
26 45
119 577
48 189
220 510
278 329
388 543
31 561
295 466
423 586
37 82
337 359
85 100
212 498
165 452
71 334
123 465
199 314
149 288
208 384
96 586
48 382
169 448
90 386
546 555
408 493
334 450
158 559
217 561
28 560
28 375
76 449
161 488
383 554
255 544
126 472
103 295
30 572
117 596
130 570
317 339
348 393
349 563
394 508
22 592
401 445
453 540
201 421
136 572
375 562
392 400
90 214
247 498
283 410
149 513
184 458
66 463
491 572
2 256
39 97
159 435
178 248
157 370
145 574
154 520
259 404
30 491
463 526
249 444
51 369
26 77
274 357
129 259
40 149
352 574
338 562
37 438
258 571
440 580
301 513
130 557
376 567
74 381
163 584
130 299
73 360
21 247
311 431
444 577
133 590
206 334
107 539
383 470
414 480
509 513
42 592
213 384
415 522
22 443
117 247
101 289
141 200
270 503
405 548
97 291
405 530
36 424
282 426
52 269
54 463
260 515
123 325
107 473
484 507
190 412
70 167
34 64
9 589
27 363
393 531
175 533
107 174
167 186
53 237
21 279
75 138
82 209
231 341
170 309
140 517
52 223
20 565
201 441
568 596
60 74
253 595
200 510
406 500
36 356
186 310
264 596
183 471
346 475
164 570
313 582
12 331
288 513
180 304
139 266
160 373
272 393
34 456
183 378
119 559
7 245
248 286
187 595
496 598
62 63
377 440
244 476
218 284
97 244
105 544
113 474
62 189
2 398
163 170
477 515
329 356
198 570
57 158
247 493
316 391
0 527
44 563
226 249
41 142
142 537
259 346
203 208
159 599
68 161
82 335
227 561
146 212
374 512
2 327
314 437
70 558
51 485
109 112
6 18
289 519
439 554
391 426
400 581
29 240
336 396
134 482
130 580
415 482
475 509
220 262
200 241
128 581
29 146
179 229
85 408
10 389
47 485
171 334
167 505
500 563
103 355
17 101
329 503
144 367
23 193
241 518
44 169
28 481
176 420
298 377
71 229
230 488
69 346
113 114
431 585
29 498
211 521
7 465
184 323
92 309
331 575
53 121
314 411
56 67
28 296
492 577
79 142
261 451
37 521
78 509
161 242
290 489
388 461
138 248
130 377
20 283
275 374
78 346
277 474
309 460
49 391
169 541
273 492
163 340
228 379
81 521
194 226
25 333
406 429
233 555
124 260
100 212
131 587
286 404
11 76
171 525
165 193
52 301
45 443
15 458
141 262
19 307
14 321
495 545
345 374
281 598
135 290
101 387
381 436
106 200
291 484
270 329
132 553
59 485
110 153
215 461
143 560
160 489
130 198
333 486
435 599
477 579
453 549
195 395
392 420
292 427
105 168
219 542
49 166
261 435
6 470
263 285
330 341
88 402
233 303
98 134
248 560
179 334
339 504
24 127
429 500
67 571
218 299
396 483
41 315
167 308
31 75
56 571
132 514
168 398
63 538
417 443
14 176
119 158
121 481
254 268
243 305
458 567
501 526
35 70
145 445
83 276
87 588
162 260
398 523
114 321
426 554
8 192
69 333
91 383
274 351
83 266
192 442
30 562
208 213
133 277
153 341
128 584
7 112
214 306
287 579
189 490
494 594
284 430
235 444
302 363
413 542
60 381
163 274
372 539
283 467
228 283
305 570
448 569
327 353
469 588
187 303
55 384
30 338
155 594
85 212
221 365
99 246
126 358
170 575
150 366
255 374
19 242
198 557
156 352
60 158
264 568
96 423
55 86
230 283
148 589
497 499
74 441
157 260
103 244
111 434
144 251
79 315
230 502
204 326
391 439
137 175
400 420
181 194
109 177
66 451
176 332
246 582
356 587
349 500
231 297
284 541
282 383
369 556
128 357
219 597
9 566
445 464
28 248
310 496
265 521
33 240
69 129
24 348
495 581
170 460
15 328
259 361
90 306
252 262
16 499
219 591
119 201
32 67
9 148
229 525
86 579
320 571
251 585
285 386
412 504
266 382
83 389
110 533
398 511
101 585
169 264
179 525
105 115
21 596
323 521
58 437
25 543
200 208
135 473
233 477
236 594
40 43
362 515
53 118
29 279
44 541
6 411
187 253
224 580
202 212
223 388
117 593
316 368
201 577
425 426
110 115
43 247
367 471
35 558
324 551
105 173
43 593
396 536
265 307
279 498
109 423
43 493 580 195 397 190 395 388 516 597 182 228 291 210 541 594 585 6 307 376 30 132 579 271 485 39 308 426 128 481 504 559 174 534 335 406 98 148 317 473 554 576 263 23 433 345 203 50 75 129 210 574 390 471 117 485 235 301 381 145 299 350 567 498 388 168 83 509 197 345 364 440 454 132 200 300 480 539 303 42 433 128 221 425 124 441 189 559 487 539 183 427 436 414 194 411 415 30 581 286 577 434 3 309 171 106 41 400 135 47 333 121 130 274 464 444 4 578 332 388 515 109 229 155 100 524 206 385 250 193 121 12 433 120 1 272 219 249 155 390 597 494 96 584 497 325 433 152 48 410 135 183 212 104 331 29 484 125 520 342 541 114 81 0 586 337 394 24 427 200 594 356 21 130 82 305 424 66 34 536 66 71 463 525 329 441 202 223 10 42 538 367 259 209 197 119 573 414 252 54 220 376 411 64 303 96 62 114 116 563 80 338 578 346 310 247 31 564 136 219 60 552 336 306 93 60 544 99 79 250 597 102 56 116 327 399 534 206 541 406 358 507 416 324 371 276 103 80 573 15 111 511 274 501 456 561 273 514 272 205 365 577 196 5 526 321 581 343 89 110 241 340 63 53 139 96 173 176 370 598 574 314 576 432 334 26 301 197 133 558 525 419 407 193 375 580 330 445 122 341 335 46 500 125 89 367 246 260 188 574 580 94 551 527 416 362 286 215 280 107 299 481 247 81 221 365 309 227 229 466 251 43 71 124 266 554 60 28 251 502 400 238 356 425 578 576 367 113 78 257 276 262 461 414 59 327 564 232 519 534 17 70 253 140 130 139 197 42 101 486 482 510 588 414 529 184 44 269 481 285 9 585 157 111 36 541 498 67 17 524 185 117 25 244 299 400 415 70 140 541 586 362 428 440 299 181 17 209 315 49 337 4 366 312 37 477 174 449 223 227 339 414 195 109 387 330 251 175 144 148 454 352 173 160 483 353 457 430 219 454 598 419 110 65 308 436 170 577 578 232 121 187 119 168 527 6 174 518 358 48 461 379 211 471 75 189 494 235 272 64 281 95 521 559 67 426 527 577 591 13 194 180 235 212 466 185 331 305 422 524 246 13 562 511 233 202 511 126 239 231 239 118 311 458 175 501 199 294 261 365 254 206 336 166 360 139 419 374 296 330 417 357 407 281 538 17 414 184 480 66 156 301 253 444 88 225 565 1 318 405 187 384 213 207 546 477 62 83 421 320 588 6 200 498 256 87 450 557 485 275 239 312 95 382 276 332 503 585 119 26 429 94 398 84 44 578 371 269 241 90 66 241 460 218 181 144 135 570 453 441 155 239 551 592 420 208 550 214 147 5
557 998
722 185
645 922
803 913
536 44
796 102
32 102
483 497
717 987
876 261
779 208
795 886
682 585
609 3
609 314
734 727
168 772
792 514
0 86
878 822
953 914
246 612
664 234
904 496
464 348
208 307
753 236
511 308
322 85
253 679
440 48
221 218
590 542
158 654
986 547
586 188
366 227
903 653
636 78
74 980
291 477
605 109
635 219
291 503
81 612
718 271
724 322
837 585
779 335
113 133
21 56
837 617
218 384
238 11
976 77
371 861
530 564
547 701
80 149
761 526
501 682
150 553
815 382
862 381
944 570
593 920
992 130
554 571
933 888
244 288
616 185
824 87
988 440
455 761
488 706
255 263
806 850
732 293
264 332
568 63
506 909
863 790
949 639
813 272
484 751
313 635
352 832
686 909
99 242
983 363
179 895
147 51
674 481
458 949
295 56
671 293
427 403
130 917
134 752
32 201
368 634
814 487
938 810
37 872
79 527
587 812
452 885
24 427
665 442
401 462
650 811
195 999
437 471
568 251
563 311
613 776
222 725
231 526
218 66
563 671
763 119
338 18
738 859
497 399
259 755
433 147
364 582
519 345
572 450
286 257
48 750
356 363
542 949
510 144
189 730
87 445
412 50
706 831
254 201
829 292
968 843
430 924
596 60
353 104
783 434
961 182
289 685
91 57
869 286
293 420
227 962
602 279
392 520
662 776
364 397
452 625
912 126
285 772
528 675
879 99
126 534
881 898
223 810
613 492
45 723
921 600
108 171
662 176
572 866
131 620
682 559
920 46
558 169
555 766
13 497
698 801
642 334
360 482
338 176
811 55
983 737
817 677
211 886
723 391
803 790
909 152
708 160
322 698
310 389
828 336
943 396
536 94
709 945
892 537
846 645
168 815
750 394
914 231
20 712
79 119
409 901
553 735
366 666
330 920
473 43
816 181
831 32
89 208
332 889
955 697
530 119
912 722
302 662
270 902
135 881
104 426
279 220
194 129
98 696
926 334
379 979
330 467
629 27
166 408
29 801
774 150
789 630
188 199
887 930
770 77
831 970
692 720
250 68
383 768
295 968
627 699
395 614
170 29
744 461
510 15
198 672
338 976
896 865
48 671
83 910
504 481
18 267
281 572
290 182
726 636
253 158
815 409
468 997
294 737
792 667
530 838
674 954
457 208
482 594
345 330
247 777
985 104
429 962
252 873
203 599
841 731
784 283
535 506
762 711
193 363
450 268
158 949
482 373
591 618
571 525
519 779
834 236
533 228
427 304
234 636
505 214
727 78
87 92
923 970
83 664
237 850
387 196
406 828
242 419
829 537
140 469
161 996
77 2
480 925
403 226
8 852
276 81
703 680
105 788
82 736
917 928
244 386
456 320
366 699
938 771
25 645
174 840
822 813
685 126
711 568
724 114
906 418
850 111
23 332
52 140
579 119
152 221
914 471
15 234
405 275
514 584
573 337
373 150
817 743
260 111
538 405
498 114
654 970
743 690
417 248
630 730
643 598
642 300
204 277
849 56
992 586
104 392
874 992
450 80
946 456
619 564
668 733
905 746
108 747
275 26
529 805
322 306
6 406
415 377
23 550
614 974
489 528
934 173
688 979
789 706
38 841
376 263
550 467
399 578
773 997
405 788
375 333
260 828
474 295
430 546
335 546
237 930
733 434
170 172
875 643
319 769
665 52
6 587
111 494
478 809
371 58
743 803
76 766
676 358
855 937
904 773
444 688
810 312
118 54
313 870
986 711
201 856
802 463
155 368
784 237
786 733
154 141
665 417
473 411
31 464
143 836
33 309
226 247
615 858
221 661
628 416
997 294
65 274
244 468
313 244
824 889
38 521
422 122
343 630
963 797
973 958
7 128
946 430
928 278
2 971
140 675
949 532
719 246
531 885
335 378
635 368
602 724
607 751
419 435
412 197
164 99
127 106
4 3
814 437
67 495
34 587
864 454
543 15
697 343
271 989
913 80
425 730
62 182
889 591
190 97
67 826
520 721
757 954
695 258
676 677
997 180
19 161
131 261
131 580
762 874
850 86
962 136
964 619
358 509
965 283
109 26
989 521
500 958
771 768
754 904
639 490
130 383
956 753
988 53
974 231
519 461
0 789
955 994
454 449
658 866
62 58
723 501
347 602
50 416
535 268
292 334
95 876
361 738
204 451
955 254
28 922
320 54
165 682
99 333
192 960
745 570
200 235
542 377
841 915
176 468
794 357
430 20
672 609
333 574
448 513
613 380
691 100
110 816
280 615
147 797
60 547
924 12
806 972
484 266
949 482
657 146
644 249
197 935
61 446
319 337
392 941
641 885
490 881
275 377
516 979
330 819
236 343
986 874
299 934
802 537
318 418
880 695
115 666
634 841
593 590
835 3
984 21
571 954
741 342
712 601
801 939
510 376
670 85
691 777
145 292
464 734
77 403
562 33
913 375
4 533
353 452
102 626
887 310
125 340
561 829
569 371
415 655
312 991
858 861
407 498
474 857
230 131
557 608
548 904
168 73
391 673
857 668
24 742
590 227
534 639
314 136
214 176
409 80
67 584
982 407
998 947
869 217
790 812
200 572
100 590
41 696
522 612
394 25
831 206
856 157
646 562
294 831
625 659
588 782
379 821
35 773
588 419
15 377
757 180
633 448
848 481
380 432
389 357
685 882
851 308
478 153
951 367
695 211
260 522
431 574
319 743
232 574
929 308
696 31
887 59
