600 1052 600 848 5
24 154
304 374
179 598
37 147
531 544
63 136
500 541
205 349
170 575
135 524
2 450
333 399
262 346
118 544
306 373
138 162
244 288
8 228
7 16
56 197
70 84
28 393
132 562
283 354
243 485
148 582
257 431
206 504
225 255
286 365
314 586
202 416
238 446
63 425
333 551
212 395
301 325
291 471
415 468
74 326
542 581
4 486
52 74
86 270
358 539
0 296
241 248
75 376
32 253
349 494
76 82
54 183
93 176
434 580
514 569
11 410
188 313
64 356
45 455
37 121
380 458
105 189
244 396
45 154
176 451
160 254
22 33
259 565
72 363
91 97
178 416
172 438
59 188
365 496
127 484
422 462
220 569
123 334
26 228
77 202
222 335
194 405
88 139
19 94
67 572
228 590
11 92
57 282
42 560
503 584
222 460
150 197
204 235
131 559
58 431
213 369
344 432
109 532
35 166
240 328
4 365
78 262
157 274
270 569
449 574
18 38
162 246
58 275
2 79
8 494
447 595
71 183
331 387
39 279
190 576
364 473
45 449
89 273
170 426
85 100
220 327
264 555
19 279
166 303
132 223
177 564
20 131
159 508
338 348
409 547
15 561
286 378
170 392
78 520
205 381
310 482
172 391
231 521
32 224
251 464
282 469
143 341
235 422
458 509
196 555
10 398
555 593
25 277
534 577
250 383
36 280
126 150
409 500
421 556
56 583
302 506
204 306
371 547
123 582
97 503
117 533
391 438
101 294
255 375
4 315
465 483
393 423
251 547
137 559
194 198
109 347
138 265
293 495
324 434
220 256
435 590
17 137
60 238
150 575
368 569
95 210
40 95
104 214
92 370
9 412
244 401
26 232
202 497
287 412
134 331
36 446
50 456
79 564
338 534
453 479
161 391
237 309
218 310
51 354
292 379
112 128
78 278
207 512
63 249
331 412
105 299
483 545
413 428
68 386
64 368
37 113
317 570
252 333
330 360
122 263
443 448
146 366
269 324
174 569
242 388
102 534
29 218
66 131
49 232
99 532
435 513
115 586
234 426
11 340
203 294
109 502
417 462
274 571
200 433
180 186
39 497
19 202
108 323
2 590
114 231
401 457
65 93
149 597
114 374
1 511
194 448
142 260
8 381
124 200
587 595
225 266
30 103
26 494
214 360
280 531
240 311
282 313
272 387
184 566
17 369
292 459
497 525
166 362
98 397
149 584
179 528
164 593
28 260
281 364
90 410
84 191
20 476
48 459
171 363
277 442
190 365
356 376
7 175
72 476
422 444
244 268
179 199
226 394
536 572
176 599
245 550
102 577
140 462
119 503
232 530
18 265
130 132
129 197
72 131
163 568
286 337
148 577
242 374
200 336
154 581
80 599
39 367
481 526
450 564
19 501
467 479
110 317
7 546
372 395
467 586
337 437
342 575
266 417
399 433
247 524
253 373
31 104
9 229
456 507
187 554
165 556
275 531
331 584
257 281
180 567
17 363
271 386
27 575
318 376
40 501
245 477
162 504
451 455
575 586
33 486
297 474
7 342
365 594
4 395
589 598
106 337
57 313
203 341
263 487
253 511
125 563
521 561
138 536
63 439
375 588
34 164
361 566
111 241
42 360
123 485
44 264
359 360
323 507
85 157
103 418
396 397
75 195
239 369
182 549
390 541
8 300
218 552
329 344
445 513
281 307
175 447
338 582
255 266
402 516
130 508
487 498
171 297
161 539
23 124
47 282
125 399
143 487
314 488
154 578
64 318
82 238
125 438
217 460
305 313
3 112
146 514
349 415
97 421
317 389
302 527
123 338
224 466
30 548
41 539
46 582
200 548
35 520
70 217
289 305
182 330
62 340
219 581
92 403
116 159
375 554
107 538
137 196
12 543
11 89
102 261
140 554
14 343
227 325
295 312
386 522
104 549
31 214
28 129
136 382
256 524
275 364
469 496
110 563
410 457
24 153
107 453
237 259
93 477
207 592
158 588
51 283
247 430
155 241
403 493
307 415
211 306
121 513
147 339
125 383
323 413
198 552
160 339
287 441
204 266
75 141
139 581
34 593
145 429
488 522
401 478
211 444
43 515
364 489
258 385
74 293
280 472
330 359
232 454
231 374
554 588
293 484
262 263
214 588
50 490
547 550
262 276
259 334
261 309
77 183
97 425
21 82
96 382
449 451
21 475
96 518
210 533
173 212
236 280
139 322
119 584
243 512
387 520
119 377
528 589
9 597
410 556
98 396
55 171
130 537
190 496
413 579
263 341
78 346
380 509
258 294
226 386
117 210
32 312
151 231
310 431
117 388
292 419
9 287
3 172
250 570
55 109
487 490
51 220
199 432
111 358
23 433
349 381
83 406
174 246
187 462
40 336
166 520
464 555
78 171
419 495
407 479
187 219
256 430
40 561
286 437
343 420
103 161
99 264
104 321
423 587
29 552
234 392
109 120
100 194
209 301
87 104
120 398
79 267
223 562
211 422
163 254
72 288
259 309
70 193
435 498
135 351
46 258
400 462
177 475
73 109
167 563
132 576
239 517
29 184
254 475
221 313
358 434
314 406
165 229
160 505
165 597
80 176
378 508
298 340
197 423
55 502
86 440
60 473
383 438
367 497
303 362
507 530
34 290
69 134
356 559
6 209
75 332
191 216
478 526
224 312
352 516
73 278
356 516
269 429
551 561
285 442
95 501
369 517
6 414
229 597
109 113
64 66
165 410
346 520
274 317
525 541
226 407
299 545
212 372
37 585
45 581
308 529
324 580
484 529
90 382
179 240
186 377
329 477
226 453
333 553
114 157
197 583
55 73
166 341
255 417
199 535
93 432
104 442
246 270
397 509
47 306
9 584
18 138
325 436
37 445
254 541
382 439
425 567
451 599
150 260
251 409
25 285
91 556
94 416
117 280
172 383
379 459
212 289
186 543
500 532
247 408
140 417
227 550
25 107
65 80
210 561
379 596
5 373
152 583
143 203
445 498
156 509
27 426
21 233
407 522
235 417
470 577
266 295
171 278
66 458
107 351
167 317
393 447
133 134
60 76
167 252
155 248
39 233
168 355
257 468
121 445
220 538
342 343
271 527
60 364
135 479
195 320
432 535
256 538
129 393
10 500
186 243
574 599
86 206
463 467
363 474
255 295
47 562
101 323
190 378
201 590
404 487
130 328
102 309
136 421
358 418
111 434
202 279
113 120
392 426
47 211
148 338
292 596
48 464
170 408
236 364
15 40
189 365
182 226
577 579
24 219
244 478
158 360
145 181
330 386
114 566
73 122
403 523
93 371
284 427
401 410
0 74
9 478
103 248
13 493
192 200
99 500
146 246
129 423
284 509
144 255
71 497
111 580
11 62
182 386
85 184
195 569
318 356
12 567
186 582
58 364
21 76
106 181
251 264
28 150
251 371
235 462
17 20
89 518
156 427
474 481
85 274
231 242
165 401
133 166
197 426
23 399
72 474
11 370
235 266
52 75
151 521
380 514
203 303
183 436
565 592
10 532
127 599
135 467
61 493
143 263
84 209
144 158
4 496
234 408
97 149
162 558
209 414
266 511
29 304
0 75
1 204
321 515
11 53
40 551
287 297
384 429
305 372
247 327
482 552
377 582
290 459
134 350
291 491
218 304
374 566
337 594
36 236
340 366
93 379
254 390
20 137
113 347
5 57
14 586
351 524
207 565
369 502
79 475
82 233
408 463
484 596
163 475
259 592
130 240
151 167
115 575
101 507
215 381
345 536
455 578
162 523
216 548
108 507
50 404
127 529
34 516
398 557
281 468
288 474
440 504
370 518
382 556
480 557
52 376
49 590
124 548
272 331
120 347
100 405
54 525
263 498
142 546
387 441
343 406
456 490
297 363
233 238
181 483
284 397
391 548
231 388
47 444
53 98
495 596
159 286
33 395
155 424
123 243
196 264
354 540
325 573
307 591
259 261
141 195
521 533
167 571
19 95
68 522
78 297
283 538
125 252
268 288
215 307
55 278
215 564
43 529
304 361
357 486
188 221
96 493
325 335
77 416
208 448
83 488
339 505
34 419
8 215
73 113
126 426
14 420
57 221
66 356
267 339
234 247
152 572
104 277
121 267
69 377
371 491
181 429
265 536
258 303
77 436
446 472
26 49
464 471
241 589
38 345
320 411
381 415
38 61
307 473
262 341
68 271
183 510
177 215
91 597
29 405
128 519
96 439
76 492
17 239
107 226
209 344
261 579
155 589
319 424
282 562
39 163
207 334
100 448
172 461
153 578
102 579
164 559
104 296
49 201
284 340
23 125
400 422
105 365
470 579
35 387
366 558
84 301
95 452
326 352
192 551
146 558
459 464
209 432
187 499
124 391
80 596
93 491
314 479
348 534
153 199
256 351
288 481
508 576
371 477
91 165
378 576
81 93
281 473
330 549
332 540
160 585
12 249
202 367
371 471
513 590
132 537
108 428
81 451
27 126
184 405
583 587
204 373
44 409
355 535
29 194
277 354
113 122
392 408
174 514
119 350
228 230
79 505
185 212
177 591
21 177
337 365
245 547
25 283
173 289
226 285
159 324
299 483
290 419
128 316
102 470
406 586
172 539
498 513
228 494
272 412
137 593
249 567
287 526
398 541
30 161
471 491
193 217
205 494
254 398
134 582
407 453
92 523
1 373
475 505
99 169
330 560
54 500
9 526
486 545
353 458
302 560
368 380
333 521
17 476
4 357
118 242
240 537
113 585
466 527
108 232
181 519
84 414
208 443
198 208
435 530
319 598
30 391
264 464
12 182 362 222 278 518 592 103 116 513 61 107 81 522 572 135 349 146 198 591 457 412 387 248 173 179 233 467 195 523 491 57 84 448 338 398 336 563 422 339 420 457 168 383 530 52 35 144 533 517 539 526 49 360 431 109 455 88 341 281 306 253 159 570 53 23 265 57 372 156 379 584 251 102 228 106 465 80 84 69 281 587 272 62 32 353 148 207 476 373 168 408 540 255 138 286 403 393 6 202 252 16 101 86 100 391 484 63 511 497 37 29 122 398 202 338 17 460 180 342 143 467 25 12 378 240 404 276 50 528 25 348 578 51 287 546 450 435 473 222 526 40 13 291 249 590 268 416 23 335 424 32 439 232 153 122 152 307 469 256 493 258 555 268 441 41 460 137 200 263 276 554 66 214 585 407 285 555 91 387 541 357 237 108 504 491 282 482 118 145 479 134 521 281 301 468 186 392 285 528 223 101 341 27 172 392 592 100 431 235 89 411 168 333 104 113 480 301 562 367 126 195 556 316 558 444 150 156 7 354 429 53 581 93 19 218 67 422 194 145 512 482 58 457 565 566 278 189 536 554 265 587 514 44 31 51 309 470 282 206 522 590 383 246 184 331 13 515 61 15 24 232 70 263 331 527 467 138 510 292 39 61 445 387 175 343 248 14 586 363 84 569 515 509 482 392 78 108 236 474 322 29 217 437 210 189 36 156 546 204 246 103 96 457 199 141 180 149 101 160 139 398 431 233 400 296 443 539 255 402 475 214 30 32 336 304 525 62 158 543 369 571 61 108 533 586 227 529 368 560 165 302 300 158 468 404 184 264 355 253 366 80 279 55 332 295 218 414 155 211 91 395 380 271 251 200 174 556 353 331 57 541 57 440 378 10 62 196 372 315 444 28 69 460 33 426 433 74 33 133 137 440 583 404 466 47 209 44 579 224 314 116 549 143 3 599 212 245 327 60 521 296 227 472 184 334 24 487 81 155 113 205 527 3 376 344 520 375 226 467 47 26 520 10 9 210 121 556 93 2 99 526 97 287 315 338 125 163 408 98 262 60 368 491 41 425 275 179 336 248 307 500 364 385 122 555 146 162 312 268 534 469 478 9 248 564 520 380 184 119 178 267 400 182 187 373 378 61 178 51 282 378 508 54 543 31 494 59 213 109 591 386 263 138 46 464 96 18 457 146 266 272 257 497 411 468 419 547 229 594 530 352 275 556 77 527 171 142 248 297 315 473 5 274 128 161 576 386 115 447 481 173 415 4 186 599 378 321 370 53 183 273 200 121 267 422 189 324 553 101 249 121 250 427 213 433 467 318 311 164 57 252 521 134 128 41 302 564 456 51 228 359 494 477 95 79 273 105 205 10
582 292
294 43
523 879
9 495
30 130
234 81
306 467
921 1
476 938
821 615
486 668
887 443
987 737
953 427
810 27
212 733
946 27
625 563
943 304
270 679
626 516
412 828
5 55
89 620
307 307
581 169
593 973
844 107
918 73
113 947
161 492
498 181
351 12
0 119
566 471
787 717
311 854
613 808
978 325
391 761
198 706
83 449
422 61
481 229
478 590
350 340
800 795
220 123
546 510
630 942
699 874
636 206
599 357
858 482
434 682
642 670
924 159
202 71
280 950
179 26
332 891
985 354
893 391
998 585
695 424
452 422
692 464
994 203
589 38
900 759
256 548
378 700
704 530
632 704
555 346
625 321
371 884
325 655
726 692
482 853
471 375
380 418
374 838
684 0
251 507
32 884
831 246
595 258
375 246
915 477
908 505
904 604
938 392
413 452
233 654
252 708
985 489
928 628
794 491
520 619
28 929
766 913
866 942
148 466
524 195
40 225
64 283
650 143
682 980
563 660
38 687
162 352
33 446
595 747
95 809
789 82
183 319
210 839
181 840
914 723
561 697
585 852
632 775
906 863
110 566
44 645
888 121
470 324
15 405
947 111
205 251
654 521
196 213
822 711
854 774
717 119
970 560
592 531
919 277
352 281
365 195
657 233
865 22
710 817
435 125
56 358
825 306
575 805
842 872
905 660
869 93
89 775
893 213
281 378
319 346
184 405
794 357
41 856
437 158
158 277
536 770
124 496
883 288
448 769
595 468
884 561
754 761
68 706
254 447
551 602
815 126
697 649
55 500
81 18
747 289
962 1
435 395
410 879
250 631
247 367
951 740
60 313
536 69
381 662
75 884
33 14
963 804
318 216
137 8
35 197
132 177
196 512
154 654
240 578
60 961
701 262
550 572
953 139
102 979
329 408
182 621
588 937
304 692
760 850
284 96
475 988
862 253
985 945
44 991
312 518
219 765
250 171
46 44
597 642
463 180
444 912
186 563
216 552
182 959
329 242
722 240
212 34
281 570
163 153
388 30
380 98
582 94
378 608
556 951
825 582
557 982
131 805
636 970
373 802
846 187
333 145
258 856
909 930
344 813
579 587
261 326
158 387
151 844
982 832
747 499
417 529
793 280
780 184
166 433
994 674
29 621
461 560
99 692
272 22
501 752
399 128
703 190
309 984
803 840
936 987
874 61
841 977
691 762
664 820
506 577
966 269
335 89
544 858
703 497
95 314
753 246
524 8
807 663
947 481
39 827
233 934
659 757
555 211
664 693
300 770
259 825
333 964
152 122
626 177
813 403
596 136
102 217
768 624
734 570
123 33
549 425
498 486
520 421
523 323
745 894
411 93
567 261
731 644
892 331
14 265
529 931
305 550
476 20
765 803
152 908
100 85
249 118
373 939
428 330
881 975
226 992
270 280
366 48
167 77
690 45
70 111
48 408
25 747
673 392
242 409
680 310
512 246
418 279
763 954
124 312
350 571
618 382
815 216
226 306
368 490
502 89
854 679
642 263
129 720
966 924
299 595
177 684
80 260
880 879
543 801
856 381
730 791
828 5
790 0
345 526
995 233
713 726
580 719
932 898
436 997
876 710
689 146
607 408
711 360
594 199
213 472
654 420
5 147
114 385
486 123
462 84
102 876
781 773
686 598
292 887
78 197
828 347
329 765
704 331
617 614
925 434
441 492
63 69
255 56
122 841
394 200
643 367
920 783
139 219
496 456
770 335
444 960
948 516
8 556
73 390
814 876
553 37
766 697
178 807
2 796
431 736
115 533
827 157
961 74
565 117
36 93
739 456
811 457
508 716
115 641
278 232
828 530
650 450
955 351
724 847
65 929
720 29
649 62
791 143
450 602
881 524
656 331
835 646
764 995
277 492
399 971
288 656
366 164
142 410
554 389
770 34
959 591
292 151
988 110
202 443
962 649
880 179
822 376
719 999
101 357
734 189
267 977
343 439
138 616
133 339
643 909
349 625
105 283
49 570
999 546
862 213
755 671
539 151
14 994
254 206
615 840
306 815
970 42
16 955
380 348
472 899
406 384
276 736
637 103
655 994
361 378
718 902
854 512
745 381
529 461
217 595
63 471
321 180
748 134
495 548
35 299
381 1
719 88
368 977
113 132
815 933
465 508
261 768
322 919
717 599
473 821
666 547
404 482
807 556
685 100
520 671
756 597
141 996
0 306
498 300
952 840
6 207
686 843
620 44
261 886
674 890
471 469
354 912
980 406
503 997
530 364
60 139
359 730
644 844
300 257
458 648
235 685
654 636
941 668
894 250
511 787
443 37
731 938
159 242
771 428
405 619
329 50
999 886
620 887
771 304
486 257
620 440
571 631
978 459
28 355
744 715
116 764
599 70
919 339
719 165
403 729
759 556
441 3
220 346
452 258
673 928
226 896
532 645
163 776
885 908
295 441
930 244
242 254
659 181
112 457
623 237
463 714
388 318
994 773
181 876
14 237
890 5
430 563
154 539
521 115
385 521
152 702
143 967
81 733
406 232
527 537
920 561
533 703
854 334
656 480
469 51
175 743
186 136
67 668
446 881
954 964
91 841
964 695
400 793
722 303
17 666
61 798
962 215
371 548
410 353
823 66
157 195
856 908
315 379
787 939
152 306
341 312
874 813
921 193
887 682
578 773
762 72
986 162
447 219
188 364
565 904
395 905
971 996
578 502
42 254
994 71
494 394
875 603
216 384
443 355
