600 1687 600 828 5
52 211
100 168
89 371
310 401
69 269
318 471
280 574
147 489
73 489
118 486
344 431
267 287
291 456
132 467
8 341
152 563
195 278
24 336
223 558
144 199
407 457
181 471
527 565
469 493
132 316
58 430
210 379
354 556
245 359
162 265
88 235
314 539
154 176
577 591
217 316
86 334
436 476
158 506
524 599
173 574
178 567
38 395
306 426
176 381
30 268
80 282
385 565
355 401
459 590
180 225
30 197
42 423
35 423
473 494
409 431
77 218
23 336
26 65
273 293
116 535
246 407
149 174
559 575
413 504
437 470
477 532
262 364
21 175
364 460
223 241
395 507
121 513
182 570
405 432
15 496
31 551
9 38
111 442
176 588
153 526
402 481
120 259
38 214
296 341
436 514
202 589
143 417
378 587
279 395
212 526
0 274
346 577
218 591
260 304
204 283
40 596
246 355
226 490
42 205
28 71
326 462
97 562
4 111
122 154
222 524
82 258
235 392
82 461
120 575
382 584
216 361
214 279
102 481
76 489
68 89
109 344
213 449
366 499
194 458
358 596
549 566
453 579
409 453
231 564
230 556
422 423
35 194
51 358
21 230
87 448
113 531
158 305
154 525
146 555
90 188
259 389
94 515
117 215
182 507
150 191
118 456
310 350
133 153
224 295
201 510
417 573
423 488
124 446
252 499
41 445
332 567
298 517
118 590
489 599
166 321
151 212
394 574
81 462
279 328
164 391
93 400
311 503
281 534
23 499
30 258
26 31
254 558
270 391
34 541
116 545
83 330
318 490
72 233
2 354
431 448
18 532
366 593
57 269
305 418
415 492
89 507
373 401
254 561
131 247
529 558
349 360
84 132
11 482
416 475
348 426
470 550
374 586
87 431
2 287
221 382
272 563
307 324
126 244
249 266
414 446
12 302
435 543
15 216
117 362
407 449
148 451
506 599
92 484
253 513
346 450
88 341
145 426
475 496
57 261
466 567
80 587
161 287
59 572
188 373
131 337
119 357
54 560
512 582
350 407
308 351
77 380
326 541
341 448
70 424
144 299
528 537
150 460
459 500
501 510
60 467
88 542
366 440
149 422
22 133
336 499
194 566
406 532
1 246
202 301
192 599
181 567
100 166
381 525
96 131
300 394
28 178
46 256
42 422
432 465
58 233
187 597
2 211
226 443
203 259
112 485
131 266
0 212
67 163
256 568
170 338
170 447
255 393
195 477
158 599
188 569
58 197
3 122
318 487
203 559
556 570
169 512
399 466
233 493
339 573
42 194
95 508
506 536
284 466
389 562
36 88
25 526
301 589
468 588
296 527
281 304
259 562
442 491
306 396
90 140
239 343
154 240
118 318
439 537
477 561
127 316
257 449
29 297
110 243
272 277
45 239
128 240
223 560
240 384
196 516
1 306
78 507
495 571
335 438
390 417
176 583
449 518
13 273
98 341
52 170
91 466
118 487
269 444
473 573
238 312
36 342
58 498
35 42
23 593
300 489
59 103
337 339
319 503
179 597
515 588
7 238
137 149
158 593
96 238
11 415
92 504
195 476
65 424
54 220
15 475
520 591
88 333
170 592
18 406
33 432
285 531
204 379
147 229
158 404
305 595
156 387
489 536
126 581
77 346
8 107
240 558
412 584
87 105
45 343
22 526
39 117
193 493
44 159
322 405
453 467
92 552
388 539
276 338
355 407
96 247
285 363
14 309
19 395
8 408
225 321
197 557
249 570
303 476
440 499
7 360
37 433
76 516
319 340
206 224
452 594
378 485
329 342
220 560
173 352
456 513
105 292
390 413
119 447
3 517
72 493
299 568
54 315
192 324
226 393
90 125
247 311
229 410
47 176
55 64
196 439
147 410
407 518
32 140
143 552
13 317
287 573
262 352
405 574
242 565
186 349
20 443
43 129
158 324
32 246
216 416
295 304
284 455
477 555
173 322
463 516
151 463
118 459
347 534
257 518
22 513
145 223
504 552
38 61
131 311
423 491
56 442
295 403
58 382
286 394
190 498
213 446
297 430
241 529
415 465
133 298
116 469
471 486
110 434
66 259
26 53
54 104
361 419
311 444
446 577
249 571
439 516
254 384
58 557
13 437
37 370
534 553
275 310
55 530
211 267
36 421
91 148
445 586
204 304
25 153
115 146
92 336
63 68
213 331
204 597
280 394
142 231
173 411
330 554
143 238
138 159
195 598
197 430
141 525
76 147
128 525
252 538
179 260
345 428
110 177
144 523
236 469
403 415
39 435
35 585
150 289
412 425
556 571
345 455
6 427
243 365
408 467
125 479
175 230
40 358
324 366
111 250
215 232
538 580
64 106
29 383
157 284
351 588
154 381
2 267
425 559
237 339
27 218
246 331
327 568
379 471
353 541
219 383
273 317
232 435
253 515
24 554
504 554
165 447
81 138
60 132
415 482
391 536
229 599
247 444
143 339
152 480
319 429
30 82
398 528
434 539
326 353
32 306
250 290
398 580
0 151
545 581
161 417
85 427
79 150
102 242
263 479
271 350
31 65
3 50
322 432
132 586
208 245
107 431
302 422
164 305
341 361
28 567
169 582
336 484
51 581
286 391
107 408
16 263
218 577
12 387
529 560
82 582
208 359
134 207
70 501
208 227
76 300
198 502
318 486
115 145
5 420
268 297
180 426
344 409
46 144
299 327
491 549
361 522
288 328
369 557
144 256
388 397
222 528
67 264
75 289
429 509
257 450
148 209
24 484
179 187
155 188
249 473
27 474
8 356
262 280
331 446
263 343
237 238
436 528
471 567
108 276
441 527
47 251
77 271
74 401
62 570
268 430
5 283
83 108
37 71
307 599
7 349
47 122
141 562
17 542
285 492
162 345
96 337
164 595
165 592
272 416
187 224
376 406
268 383
284 332
497 534
412 443
266 494
123 128
161 573
34 362
375 472
308 515
146 406
491 585
151 274
402 482
131 494
529 582
126 202
114 235
44 144
32 155
124 145
136 231
105 441
361 527
410 516
66 97
222 307
1 414
148 466
456 487
74 424
192 307
514 537
127 586
130 362
103 104
532 598
61 317
40 335
173 262
55 462
180 306
139 407
69 286
92 312
157 345
312 418
422 488
9 470
82 97
214 328
239 538
225 578
64 138
203 583
425 584
34 191
469 545
231 582
529 546
531 565
400 565
51 183
103 220
271 450
42 302
75 364
14 269
121 234
46 81
183 358
327 523
224 334
43 318
129 443
196 463
3 384
517 561
378 568
206 415
194 205
12 149
84 409
307 580
261 269
46 462
98 448
283 379
26 74
381 583
10 341
311 319
74 373
48 290
43 533
403 465
34 46
100 321
184 574
161 267
458 472
443 468
258 268
93 216
23 366
112 378
47 588
373 501
338 397
452 520
83 434
258 320
139 401
25 133
212 463
133 303
130 215
36 480
570 571
63 317
80 458
76 410
110 338
188 479
228 252
68 429
296 441
41 481
227 300
274 300
45 263
94 253
252 343
185 564
423 442
248 408
45 540
209 335
408 579
244 545
362 485
163 462
179 204
315 367
86 206
354 571
105 344
264 462
122 176
215 435
243 338
79 576
22 351
64 159
484 504
137 492
20 468
7 186
1 32
193 233
85 185
577 594
139 457
51 265
555 558
126 183
513 553
379 500
238 377
262 289
535 545
116 134
324 404
75 460
238 339
278 598
3 561
14 444
5 433
33 403
384 558
43 291
204 590
274 347
335 596
73 394
14 261
174 465
308 513
184 405
113 482
401 569
62 507
222 398
27 520
246 449
350 518
6 511
149 465
374 433
232 460
200 452
347 359
174 387
66 120
11 492
206 295
169 572
31 483
296 448
106 530
15 522
85 136
84 445
60 217
172 310
224 482
41 344
142 564
326 544
170 276
67 319
198 576
31 172
178 471
475 563
214 395
86 415
177 243
118 497
237 337
320 511
24 504
496 563
382 557
136 461
16 434
430 498
392 522
207 535
85 564
271 518
298 303
255 412
392 496
204 500
330 434
155 246
1 124
2 571
29 498
19 38
128 546
278 532
92 418
187 481
49 478
7 96
169 367
256 299
187 445
149 302
181 393
261 309
249 507
165 390
420 433
85 461
169 564
10 361
30 66
180 321
508 587
333 421
0 347
467 579
234 291
377 521
56 111
340 548
175 279
219 498
442 531
241 560
293 317
312 377
54 452
187 323
339 417
324 593
53 74
312 552
117 378
496 522
261 289
11 285
417 504
388 510
265 596
124 414
250 566
137 422
48 194
36 99
438 596
55 63
118 513
90 225
10 114
284 399
398 436
4 531
44 293
140 155
471 490
267 357
393 443
80 205
73 300
396 578
462 502
95 587
359 534
122 240
36 392
330 343
62 182
5 586
34 353
291 318
17 341
276 365
102 292
139 454
144 327
225 396
132 453
28 91
418 595
250 505
205 282
206 403
280 289
418 593
44 523
34 112
276 592
128 154
21 182
35 491
535 589
382 575
189 250
49 201
5 374
516 537
64 530
155 569
116 190
186 444
258 511
89 395
162 428
150 576
209 466
59 169
5 597
210 433
468 583
105 448
33 313
135 335
171 374
273 550
184 313
29 219
106 293
71 325
156 232
125 225
78 249
447 592
285 488
293 523
228 554
19 61
211 357
419 522
200 446
217 370
343 434
391 521
24 252
72 581
163 264
266 509
141 381
248 579
304 590
317 437
291 487
36 235
99 480
7 247
249 509
335 399
331 414
175 507
258 461
20 291
373 569
404 593
82 123
103 529
100 376
281 295
221 584
442 488
29 430
258 383
102 385
181 490
158 164
16 539
190 493
381 389
442 549
108 165
167 357
120 559
428 584
101 503
288 470
59 529
127 368
172 483
46 353
365 519
67 502
16 343
354 495
302 543
367 520
132 445
329 480
244 589
31 275
101 311
301 535
93 111
37 374
110 397
53 65
218 464
510 539
338 365
115 406
64 293
94 234
19 371
295 323
521 595
190 193
67 311
140 188
566 585
27 367
163 502
291 533
172 551
351 515
55 81
123 582
116 236
350 457
190 236
555 561
189 505
219 386
115 223
114 341
104 220
270 536
304 323
312 595
213 450
514 528
264 548
68 319
280 286
130 191
48 375
83 554
199 299
79 309
224 481
15 361
167 390
216 475
91 451
161 390
191 544
236 493
386 511
0 534
127 217
245 534
2 495
375 508
129 533
243 434
128 582
248 431
198 309
156 435
156 302
302 435
242 402
166 225
153 476
500 590
279 547
245 313
331 449
22 25
162 455
294 407
168 540
137 465
171 586
352 411
10 419
391 506
546 558
290 505
334 482
98 296
38 328
298 561
242 385
9 437
389 583
394 536
463 526
195 298
59 104
16 510
239 252
184 227
391 595
17 333
124 306
184 300
42 282
178 433
12 156
213 346
155 160
93 565
66 562
72 162
222 580
227 313
73 536
85 511
370 374
173 387
195 303
153 463
84 344
89 429
188 510
167 267
18 598
69 186
63 340
320 461
257 271
417 552
84 109
503 509
142 185
287 473
283 597
260 323
449 450
288 547
177 338
218 380
92 593
156 364
75 262
20 94
238 360
77 464
24 228
458 587
390 504
189 277
252 336
47 351
30 97
568 587
197 268
121 253
342 563
215 362
424 478
277 416
137 415
112 568
393 490
325 451
313 432
360 521
412 583
283 420
104 315
155 401
187 260
152 342
145 200
524 537
494 573
341 542
47 517
69 521
12 174
121 291
105 385
146 477
140 396
107 248
275 401
384 561
0 526
50 122
63 371
166 540
0 553
146 532
204 260
332 466
188 501
75 150
315 572
369 575
210 471
266 473
368 370
96 237
33 281
434 519
129 490
44 81
28 325
189 372
14 198
153 436
164 506
168 538
150 198
292 385
34 544
313 405
66 369
55 340
315 520
317 530
108 365
63 89
202 358
274 516
281 403
377 595
406 426
41 109
105 296
145 348
33 245
47 50
153 196
368 374
47 298
41 187
5 171
158 418
52 119
393 412
11 113
252 440
55 264
160 355
129 318
140 578
161 167
66 197
591 594
250 277
56 566
133 251
379 486
99 342
316 586
252 554
300 574
70 373
106 317
286 521
153 439
310 457
134 535
483 551
129 226
363 422
22 251
120 369
61 371
274 359
385 441
333 356
113 402
69 349
51 72
160 401
93 416
368 586
165 413
524 528
112 256
90 479
180 376
89 509
284 438
87 344
34 256
39 543
86 224
117 485
345 584
454 457
53 424
113 242
159 293
195 436
383 511
307 366
21 507
203 389
147 599
200 223
110 314
54 200
297 383
83 519
200 594
70 478
39 587
251 298
58 193
221 233
41 102
272 475
367 474
110 388
85 320
67 444
227 359
60 316
245 281
253 308
17 356
401 454
45 479
309 576
74 275
381 562
216 400
557 575
210 420
279 507
14 67
157 393
349 521
45 125
271 346
123 141
38 288
183 202
123 562
104 572
59 582
9 61
178 210
90 578
28 37
412 559
55 317
135 399
382 425
491 566
45 166
541 544
473 571
190 219
272 372
387 411
28 433
261 286
322 465
99 329
199 256
271 464
240 546
201 478
108 554
114 419
135 438
233 428
363 488
246 294
88 114
157 584
27 591
379 420
94 121
126 589
264 340
107 448
54 223
357 447
91 325
292 344
356 408
185 231
429 503
160 246
120 203
342 496
145 406
439 514
8 448
112 362
425 575
459 486
307 440
230 279
314 388
252 330
150 215
146 223
198 326
363 492
102 344
169 231
221 428
328 547
79 289
261 280
62 249
39 378
334 415
255 584
229 524
114 392
461 582
108 413
157 332
173 405
78 89
383 386
393 584
443 533
346 380
264 319
13 550
203 412
242 531
186 269
28 466
336 593
198 544
174 322
61 63
546 582
21 556
266 503
102 402
410 537
111 531
124 348
488 531
248 409
136 185
61 437
367 572
372 505
14 502
294 355
213 577
79 261
241 558
69 261
246 414
97 123
180 406
18 376
52 357
26 275
181 332
19 89
380 577
130 150
324 599
251 351
108 519
150 544
194 585
110 539
165 357
176 468
392 419
186 247
290 566
231 461
63 319
103 560
3 47
172 275
339 494
117 435
95 458
481 482
123 525
122 384
52 447
80 194
41 84
94 588
39 80
441 565
315 452
436 439
11 531
307 524
180 396
352 387
427 564
118 553
333 542
121 456
277 372
508 568
353 462
438 455
51 126
254 555
81 144
108 504
135 284
44 138
39 282
55 138
156 352
9 288
545 589
360 377
133 476
146 558
165 167
296 361
137 363
282 302
33 465
520 594
200 577
100 180
208 313
59 512
198 462
101 266
4 565
195 561
538 540
94 468
284 345
71 451
307 538
125 166
497 553
166 168
8 17
143 312
157 181
57 69
322 387
375 458
443 583
400 527
78 509
278 477
193 498
229 537
486 500
472 508
489 506
478 501
88 421
95 472
58 221
191 362
20 234
22 308
286 536
287 571
51 162
361 400
194 375
4 93
101 131
342 392
20 533
270 286
84 453
13 470
165 276
56 549
310 454
6 386
201 388
239 540
440 538
224 323
209 399
207 301
232 364
124 200
182 556
127 370
352 364
150 232
37 451
337 494
300 516
72 469
290 372
427 511
66 557
282 543
151 516
564 280 378 597 213 221 352 174 406 515 327 534 230 218 414 290 507 116 152 446 328 279 549 102 13 184 90 423 355 304 534 460 454 283 451 49 18 585 457 510 191 242 592 16 204 198 471 503 126 171 23 409 381 441 148 589 376 202 216 479 442 33 436 362 126 251 110 554 244 372 486 547 576 116 595 599 484 57 315 112 335 88 151 280 488 483 378 318 372 120 452 527 29 387 576 359 191 104 285 307 458 442 525 87 503 556 559 591 258 537 444 211 450 517 542 177 585 254 462 95 77 448 397 81 403 161 41 460 78 531 112 550 302 508 361 195 309 409 187 377 398 137 147 93 565 437 499 174 358 496 565 220 60 480 557 150 579 329 597 146 387 88 105 157 497 471 321 116 505 185 439 237 325 578 201 534 532 506 311 120 439 549 192 414 52 398 506 47 393 288 252 559 21 152 356 82 355 354 363 240 433 58 528 140 311 512 594 43 585 91 423 519 108 535 15 4 128 366 152 468 311 578 15 524 137 39 221 264 531 574 433 378 547 74 257 589 546 585 62 305 34 419 508 283 536 15 246 290 171 16 542 282 62 291 64 281 218 30 81 430 461 370 565 513 88 374 584 313 379 150 584 17 497 343 262 8 525 120 428 510 3 0 506 558 101 300 404 556 590 143 159 340 69 420 178 298 430 43 575 121 136 361 178 245 49 298 595 428 208 29 377 324 220 134 158 358 360 423 377 225 7 241 325 515 148 248 453 394 237 434 26 110 402 147 152 176 266 187 365 239 101 22 584 144 284 505 201 155 291 126 507 157 328 141 572 328 128 214 253 108 558 554 18 124 468 491 97 59 445 140 414 43 113 463 1 381 309 151 191 80 406 315 85 587 174 468 585 30 104 588 591 457 401 595 68 438 522 55 27 337 374 594 549 349 495 471 566 486 514 22 161 123 51 284 369 548 567 283 413 19 562 144 532 470 284 99 401 510 125 393 125 379 214 137 497 181 47 475 341 35 467 362 168 506 240 476 342 177 211 36 569 309 413 157 485 555 334 405 488 372 503 130 19 209 440 162 590 16 177 73 21 278 89 402 52 594 39 66 331 355 44 120 59 130 197 410 188 484 436 212 105 520 319 450 423 328 528 56 215 167 292 217 205 99 486 477 454 240 220 4 461 560 509 50 121 273 570 537 468 590 427 527 465 94 411 410 287 380 531 577 130 181 374 398 111 23 325 409 307 563 22 225 56 503 121 182 387 552 200 150 579 464 223 452 312 129 77 268 324 6 192 506 242 342 448 443 399 348 114 280 299 370 567 325 251 442 189 59 342 370 589 311 329 271 428 148 47 143 32 570 585 126 397 555 26 418 424 105 228 86
586 494
254 168
19 678
542 287
769 841
899 501
660 0
260 664
948 763
109 950
899 857
703 742
584 751
160 979
308 745
873 937
118 348
975 777
393 315
100 867
705 302
34 796
602 381
283 457
216 471
559 416
31 108
372 28
921 406
777 60
689 114
8 97
224 181
604 657
379 871
639 864
983 914
958 459
85 931
514 863
999 211
851 644
604 848
770 359
314 961
211 340
384 895
585 324
599 972
11 247
574 282
926 142
17 575
39 129
396 137
254 896
697 915
360 700
803 100
488 92
996 585
140 927
75 778
195 864
261 946
12 128
698 143
273 760
199 821
332 667
50 219
955 425
886 97
436 567
78 134
442 734
472 510
273 9
124 805
397 753
537 893
326 931
636 118
184 436
885 622
622 33
700 680
893 750
943 850
115 830
202 238
962 369
251 544
762 874
653 339
535 953
222 661
671 146
911 794
981 941
304 302
194 720
802 697
492 142
451 111
864 762
215 952
932 734
146 466
878 662
56 387
738 872
459 901
724 728
919 844
372 205
921 15
476 841
708 453
26 555
702 198
680 362
589 245
602 148
301 161
206 289
947 128
956 551
578 167
780 317
450 813
204 688
925 609
543 387
960 2
946 281
597 80
631 743
288 921
143 60
202 203
635 171
580 50
184 597
358 953
340 190
398 236
429 515
985 363
605 752
409 772
541 489
922 990
533 416
580 198
162 191
546 768
836 263
326 545
293 961
182 157
101 590
878 180
297 825
339 576
108 534
274 318
84 566
278 342
513 67
5 505
913 528
32 46
511 691
630 696
30 821
625 256
72 409
856 403
785 537
286 253
826 326
36 771
993 152
528 604
606 47
309 698
800 574
130 238
717 969
836 28
416 821
360 477
823 74
587 918
471 327
511 440
726 127
345 813
400 943
352 126
16 302
995 98
709 224
787 512
573 869
703 625
981 4
596 594
986 315
890 448
20 600
564 467
274 82
56 925
476 820
834 916
987 548
312 14
774 29
426 138
833 145
389 437
394 190
730 613
264 247
769 280
551 609
227 428
428 492
4 814
572 73
492 787
845 104
681 334
958 884
893 27
212 637
237 628
229 367
545 225
438 194
774 769
95 392
949 103
615 613
207 152
241 683
921 695
124 782
697 944
563 343
235 408
661 373
476 265
797 229
430 925
213 46
698 86
680 196
745 569
385 722
477 716
169 333
268 844
936 172
164 749
57 641
743 97
324 720
388 615
231 35
811 968
225 1000
561 517
57 85
65 472
770 974
443 307
15 890
437 671
642 587
549 868
823 482
913 275
713 775
373 639
96 666
87 971
422 702
663 984
708 343
828 722
253 983
163 117
693 590
884 808
760 79
538 349
442 952
497 566
980 43
571 792
517 363
722 561
303 553
285 183
352 451
633 373
356 753
99 64
250 753
261 567
579 632
50 358
435 64
976 577
187 931
765 394
219 790
645 75
270 278
567 706
715 582
349 511
961 390
338 847
422 992
51 962
964 979
201 415
270 120
877 314
1000 816
732 661
974 284
257 484
181 655
38 445
181 627
231 856
930 809
924 946
194 371
874 690
872 208
265 48
607 529
315 185
301 676
157 11
604 357
492 743
353 879
29 711
135 127
982 757
46 563
992 182
599 550
287 638
877 876
437 835
662 763
462 757
87 459
326 436
452 34
954 508
715 165
971 494
159 854
730 991
93 218
926 499
567 987
317 274
280 611
478 869
808 445
292 38
635 194
769 166
722 81
523 239
808 763
716 21
551 721
26 356
662 215
162 535
355 600
924 903
793 265
435 600
66 867
260 217
21 395
408 415
943 323
797 882
115 137
768 712
677 623
326 514
519 644
360 272
184 83
964 705
940 661
459 491
524 725
758 221
139 497
250 144
684 706
786 948
161 570
283 540
898 881
833 461
986 847
626 776
637 806
32 150
761 195
314 213
594 5
849 186
185 791
782 94
894 721
579 680
917 461
135 380
504 825
465 403
151 947
959 261
494 419
314 415
824 792
689 840
726 298
268 735
845 601
318 122
35 512
923 753
236 95
252 73
981 406
391 104
957 636
129 79
902 256
702 374
122 44
547 935
752 467
440 769
635 94
312 862
527 456
249 0
647 681
921 344
999 647
667 264
909 57
145 998
823 402
545 977
147 699
420 20
815 941
478 362
431 266
18 223
176 280
993 979
777 657
751 676
10 69
229 491
448 865
770 430
726 388
675 799
446 532
805 330
669 873
681 749
886 68
144 677
50 711
879 961
657 484
806 52
260 460
782 465
90 254
301 794
197 765
200 512
697 987
381 567
76 829
513 998
150 786
78 305
663 57
514 99
683 403
457 438
633 349
484 489
512 304
190 24
164 450
400 60
321 647
885 918
336 979
415 457
602 191
576 429
842 823
428 428
507 162
229 935
752 804
409 291
750 335
638 537
959 25
406 589
448 457
299 394
62 340
252 350
360 856
956 813
539 818
361 834
943 42
505 186
8 959
248 827
688 896
176 999
6 41
223 563
664 456
209 439
437 239
9 774
736 151
468 226
735 218
459 159
489 297
660 185
867 983
547 31
819 822
669 907
871 388
457 937
109 200
60 756
73 730
463 68
128 620
501 627
738 177
376 773
314 61
224 240
945 688
377 417
917 114
555 125
690 255
835 202
647 887
904 575
491 935
630 287
960 65
742 517
380 48
49 489
305 500
384 79
324 609
970 198
842 504
423 325
393 492
