600 1236 600 817 6
398 587
78 237
52 281
58 509
217 542
443 599
11 391
201 595
29 547
48 392
226 506
325 418
247 572
49 401
134 584
204 305
13 511
152 209
218 281
59 346
108 469
6 397
575 591
81 442
289 396
71 566
383 565
196 277
228 534
157 254
135 369
296 541
12 480
182 452
127 464
297 521
165 351
211 424
114 160
68 321
25 585
140 310
96 452
93 324
173 345
66 84
86 437
50 227
92 545
45 587
178 545
81 405
304 489
103 141
209 255
340 571
68 253
117 356
144 435
473 552
79 160
117 378
51 184
438 491
183 310
76 206
99 280
203 426
159 186
163 168
85 403
137 514
139 298
160 320
193 249
518 562
42 440
154 563
109 342
134 263
178 392
40 540
162 202
108 128
184 320
260 410
293 541
68 350
152 430
235 524
5 204
254 335
57 428
145 408
242 430
65 431
167 407
219 598
152 361
312 415
77 542
276 378
56 402
53 332
170 250
30 145
119 223
133 387
198 372
447 591
196 542
2 483
166 225
111 571
145 268
169 298
146 329
386 533
91 333
249 546
41 579
212 387
259 358
562 577
206 460
167 329
180 446
455 572
180 203
89 219
91 117
225 266
446 552
50 508
67 516
438 452
11 432
224 558
298 561
7 315
499 557
383 558
321 516
12 318
244 366
14 532
45 493
0 214
77 217
121 421
6 404
509 576
150 308
308 502
356 430
113 247
29 150
120 420
18 240
109 431
283 288
277 527
244 458
36 595
441 460
53 129
53 567
352 588
50 317
44 359
359 515
9 198
276 582
166 266
82 215
173 208
164 313
168 543
16 137
21 261
75 267
27 551
184 565
114 482
80 486
191 280
224 467
194 587
170 555
341 386
8 594
121 245
31 156
415 503
1 90
2 531
417 538
327 458
425 507
566 588
28 74
105 294
49 345
84 526
85 416
13 540
258 472
132 413
100 280
158 373
319 513
280 436
274 460
121 537
364 525
107 310
205 251
95 286
247 345
263 520
108 448
248 302
55 386
404 546
191 436
190 198
167 503
300 455
233 316
92 479
364 427
2 246
43 367
3 237
166 530
228 341
300 432
139 429
168 280
70 473
242 490
168 284
342 431
0 429
73 213
48 479
386 406
132 534
274 494
378 535
283 536
134 337
25 214
81 299
208 423
284 360
151 205
78 104
249 404
131 374
264 462
307 455
276 535
107 269
224 370
119 590
402 560
330 472
371 488
43 351
159 416
385 430
79 251
254 464
157 335
485 521
50 444
11 523
149 514
437 506
153 435
29 122
1 45
206 329
45 331
157 481
287 308
59 96
10 286
85 118
99 100
100 597
249 307
88 564
210 319
462 474
198 360
391 450
229 562
59 279
142 459
18 304
18 497
97 330
100 223
422 552
211 440
254 363
46 324
99 234
3 545
314 510
406 533
83 242
219 554
213 518
344 378
54 530
175 430
454 544
137 470
59 443
80 291
480 572
113 345
158 189
215 528
313 366
128 369
239 381
49 432
84 501
393 531
389 536
6 176
206 316
247 301
35 250
364 431
72 537
172 428
36 327
25 551
568 574
244 353
331 493
283 470
165 326
31 400
386 597
199 545
125 290
280 543
21 105
105 595
335 359
268 563
146 156
202 308
11 259
63 139
26 569
31 362
102 384
64 306
270 289
260 580
250 400
87 204
245 264
473 584
104 259
186 476
407 571
152 281
230 402
269 419
192 512
312 362
36 270
426 446
249 495
4 510
166 278
41 226
358 589
412 479
105 375
45 326
189 224
77 523
25 69
80 239
290 510
207 250
77 463
231 504
229 423
33 158
4 236
148 502
5 287
30 160
267 569
208 371
467 565
497 554
42 47
277 391
241 467
186 306
234 559
126 380
106 182
49 110
27 505
2 60
354 491
174 415
347 469
182 379
430 486
142 307
363 414
339 403
302 462
173 229
95 497
282 530
439 591
86 372
223 578
1 245
293 339
78 259
233 494
166 336
34 244
66 137
213 401
283 478
147 390
192 313
227 372
273 284
42 155
478 550
143 577
527 542
217 365
429 519
22 130
139 447
336 530
111 167
49 358
135 376
163 323
226 437
88 403
364 406
168 437
391 523
275 338
248 566
148 445
29 191
69 377
209 582
90 395
261 371
451 532
387 437
489 598
58 348
232 573
106 215
142 176
101 306
222 255
235 264
9 284
55 411
150 425
105 271
460 575
326 474
439 456
425 502
54 225
62 588
326 465
223 590
151 553
40 519
83 185
267 463
175 486
204 369
148 282
16 470
155 424
260 459
122 236
112 481
363 464
81 352
177 451
43 330
71 188
199 412
263 473
102 475
89 114
65 550
346 457
45 66
288 470
71 596
255 473
83 490
53 221
48 178
207 400
251 461
138 503
12 261
70 420
225 376
274 591
218 222
302 596
440 529
413 534
61 206
178 479
197 463
164 295
381 490
410 459
547 559
10 440
160 522
26 249
456 591
364 597
136 204
456 492
171 443
223 579
216 494
97 479
393 483
329 503
83 414
384 510
118 298
46 471
58 322
245 474
42 240
509 592
102 343
248 462
338 540
114 129
257 572
291 496
426 521
40 517
242 486
193 312
30 114
216 439
274 439
225 305
38 338
436 559
22 145
252 448
402 444
171 528
117 127
108 369
144 185
66 501
37 134
64 130
6 353
453 539
377 505
140 445
73 315
292 298
482 554
43 97
105 201
92 394
9 513
171 491
342 579
149 288
73 549
221 467
291 361
236 334
21 271
49 213
380 407
29 323
70 422
389 534
427 578
278 305
563 570
409 463
9 360
265 540
41 395
246 512
364 533
181 501
271 574
138 340
28 69
198 273
454 494
67 243
169 339
59 68
139 339
163 513
189 221
135 347
322 576
236 290
142 249
19 303
457 599
293 359
367 479
282 336
251 583
191 559
509 557
400 487
90 501
124 466
34 318
52 220
259 586
173 480
45 245
198 402
193 546
297 505
228 389
328 509
463 495
303 563
313 433
99 453
62 217
68 468
290 384
0 540
133 372
123 488
57 172
493 587
176 459
81 195
135 238
319 456
300 572
46 51
301 345
356 414
187 564
0 481
3 527
378 385
146 503
258 462
93 500
400 418
182 509
117 414
328 570
117 333
19 154
121 524
173 423
431 525
507 559
315 577
23 502
444 544
69 551
289 548
11 358
124 555
110 213
0 585
343 540
160 374
96 516
371 568
105 548
82 592
481 515
437 543
354 528
238 376
22 268
26 495
98 518
311 572
352 566
466 508
206 274
32 89
296 516
88 243
192 433
294 375
344 535
56 444
73 518
158 224
328 563
316 508
243 403
216 319
172 528
18 489
14 133
87 376
527 545
142 556
483 522
69 116
300 523
52 581
277 542
226 537
77 349
12 353
273 360
296 339
14 177
55 228
455 495
50 233
165 330
239 291
283 413
232 458
328 557
322 570
20 161
218 388
66 181
19 103
343 475
246 313
144 381
22 322
114 147
131 500
378 582
48 62
146 170
39 156
275 540
141 256
2 340
80 175
48 217
4 492
361 430
84 109
41 109
282 419
287 334
202 334
103 304
356 385
168 273
305 376
40 338
471 573
91 127
145 461
438 443
120 218
61 316
306 522
429 481
411 419
23 336
253 254
409 495
300 409
420 422
111 340
56 227
100 427
317 444
103 489
142 404
168 191
443 457
122 162
274 575
311 580
39 312
295 458
47 155
290 538
318 375
447 561
266 278
296 403
356 378
27 116
215 354
64 553
452 516
221 224
186 571
104 309
71 81
229 345
84 431
488 577
432 572
63 339
367 477
24 207
391 542
212 596
148 419
466 555
15 295
45 90
122 210
233 544
94 313
188 212
452 491
151 461
69 74
431 550
33 95
421 524
453 597
17 279
432 523
458 573
388 496
115 515
478 536
49 368
15 46
381 486
103 240
299 325
306 393
41 90
373 567
262 380
28 417
320 565
64 186
37 485
320 374
384 475
337 552
209 222
62 352
248 588
338 456
1 395
391 399
93 131
332 467
245 326
384 538
136 179
309 589
382 488
108 125
26 418
0 519
10 42
145 563
81 365
173 301
159 476
100 590
400 442
72 235
83 254
136 290
38 40
48 542
21 375
44 321
30 251
23 308
33 529
123 423
94 366
130 187
435 443
423 488
314 384
464 481
131 483
348 564
277 357
157 464
75 569
208 480
343 498
175 361
194 351
201 327
34 294
284 513
46 558
156 312
87 135
5 305
75 299
496 581
416 476
401 518
49 229
71 248
199 504
266 305
126 329
135 593
104 368
106 491
68 335
276 473
214 585
44 68
126 460
441 575
119 543
84 181
261 568
152 385
171 354
70 355
306 571
235 462
119 579
176 397
50 124
292 575
355 420
54 411
366 433
257 311
257 307
148 336
211 529
12 375
215 491
297 485
273 437
14 227
13 338
298 434
297 377
77 197
83 363
7 577
74 417
80 381
347 521
58 243
219 303
58 187
57 141
309 368
144 279
352 365
109 501
208 488
394 412
192 415
61 146
189 373
72 462
99 310
72 524
142 410
32 482
210 323
195 442
256 428
570 576
342 525
30 408
518 577
115 481
498 540
165 194
185 253
337 584
321 541
434 594
119 506
55 539
249 362
119 437
66 477
11 357
259 357
133 227
256 557
127 551
125 136
161 218
5 23
279 346
4 511
244 327
429 517
54 419
63 515
243 509
83 253
192 246
291 581
153 239
199 394
61 466
257 455
50 466
396 558
412 477
217 352
415 512
147 482
409 523
178 527
502 507
156 503
74 475
314 343
368 589
445 559
144 599
18 42
19 598
392 542
232 484
377 417
179 204
190 273
82 172
94 458
129 467
242 414
207 442
413 536
12 260
209 473
153 381
561 575
1 121
201 294
68 279
209 281
233 444
112 157
115 139
190 437
24 35
170 487
15 471
33 373
74 498
197 523
170 466
230 372
18 286
533 597
68 96
227 317
214 265
161 388
195 405
122 150
319 492
250 451
45 501
37 337
161 200
134 520
107 419
37 521
75 77
93 374
374 522
481 585
253 279
243 348
60 131
116 505
179 287
134 485
235 421
327 484
46 383
371 382
55 107
285 509
120 161
118 339
148 269
3 277
70 552
417 475
241 383
387 537
26 267
96 321
244 318
38 447
367 587
220 388
341 536
353 366
51 324
101 522
33 211
32 554
15 458
551 585
182 516
446 521
18 95
64 476
198 437
46 396
342 364
10 18
82 528
402 544
4 210
362 449
417 448
147 373
155 240
250 555
164 500
398 477
139 515
177 227
44 335
277 399
358 432
333 363
329 380
71 302
55 341
308 425
218 355
458 484
410 556
13 343
17 185
172 285
479 545
130 322
208 261
130 151
260 397
47 424
193 415
286 529
347 369
225 593
510 511
252 469
30 461
221 332
351 367
390 554
104 110
71 352
27 127
252 521
465 587
513 560
15 164
126 262
65 470
88 187
475 498
6 433
182 215
222 281
477 587
60 500
220 496
183 453
370 467
341 406
124 177
99 559
270 396
185 279
402 513
52 496
114 320
285 428
89 563
95 554
297 520
174 503
272 403
39 503
472 474
10 529
41 501
42 424
15 573
275 400 41 87 169 144 551 71 450 418 112 226 437 427 587 178 202 459 550 9 427 102 597 78 340 433 279 336 289 228 381 232 587 38 218 88 519 81 27 324 383 527 272 525 336 273 534 358 352 281 512 157 305 201 302 214 403 62 401 405 509 423 318 502 525 30 411 417 176 302 80 458 269 270 138 32 216 541 97 25 524 468 270 181 366 442 303 64 141 70 534 201 38 158 417 441 266 254 222 318 576 138 200 324 507 510 135 408 449 431 457 205 213 567 323 555 455 385 148 165 33 346 270 39 337 209 146 522 190 413 189 126 133 573 534 383 314 86 599 185 424 116 137 562 154 145 529 455 141 584 544 349 437 133 353 347 57 327 534 368 195 578 450 434 219 85 581 121 560 220 350 513 243 116 319 559 421 570 392 444 132 265 516 55 509 392 161 275 480 52 31 433 78 514 52 535 463 221 420 460 184 96 368 497 299 476 431 150 180 385 199 273 372 356 188 294 8 368 312 208 447 245 597 404 385 115 189 83 545 219 224 310 356 595 558 519 472 179 349 191 547 253 8 358 3 196 314 472 93 316 219 75 77 558 154 212 320 406 591 555 536 239 598 208 575 385 44 573 311 538 453 1 67 45 198 488 501 0 116 299 470 350 455 341 336 386 493 11 169 355 554 406 63 261 76 209 215 523 320 539 304 159 577 103 194 150 133 321 75 296 1 533 549 77 152 232 423 46 553 41 82 421 538 474 258 551 153 307 418 131 56 416 349 266 277 21 286 326 327 395 268 276 120 275 103 131 535 356 403 198 515 17 158 146 113 90 474 591 348 512 140 517 445 298 246 30 491 264 80 61 127 241 90 351 0 86 26 22 379 174 421 104 314 438 551 517 358 39 447 216 379 224 289 275 181 518 514 137 155 81 416 110 449 231 21 183 503 57 450 268 501 561 463 534 484 240 103 22 256 483 282 461 343 296 0 586 533 264 219 557 341 39 314 157 597 191 21 389 199 38 16 115 482 435 433 380 533 298 511 148 479 363 405 560 364 279 21 291 568 258 540 517 157 246 549 51 565 551 43 314 328 453 45 486 17 446 319 320 245 444 117 427 454 558 309 461 237 241 45 474 388 293 273 35 103 20 583 361 151 464 426 110 292 17 461 99 490 66 100 166 139 32 531 559 281 145 71 539 88 69 60 599 304 327 586 212 415 516 131 557 15 521 535 453 348 22 501 324 530 186 253 289 220 489 229 394 278 135 215 557 259 391 185 374 128 103 46 224 57 174 599 96 354 366 200 362 207 56 227 62 438 302 303 528 500 421 286 517 89 311 215 147 474 67 147 589 116 96 311 101 274 575 348 579 139 98 271 323 288 435
350 284
339 843
739 479
591 953
259 464
86 515
742 642
993 904
541 307
280 639
924 91
699 897
885 713
303 393
428 699
860 482
166 959
388 65
881 49
762 74
15 7
927 717
708 235
64 563
546 690
313 255
644 703
229 239
239 310
204 612
771 232
622 610
828 157
923 150
899 609
536 669
947 544
106 281
394 366
638 566
360 361
258 860
965 60
467 915
458 176
338 902
896 436
964 36
541 873
780 881
438 610
882 402
121 46
904 253
0 612
24 750
372 620
714 22
640 194
465 75
791 439
492 551
522 827
447 258
652 315
139 894
261 991
581 121
449 120
250 272
49 182
508 743
367 758
929 983
272 289
613 752
525 487
647 822
695 969
760 294
247 27
556 732
615 49
326 107
221 950
563 254
311 705
48 444
604 216
781 123
310 882
273 166
520 966
843 386
823 546
876 115
505 121
520 880
902 957
134 722
213 743
705 337
256 388
848 8
740 981
968 619
553 64
17 714
148 359
226 913
821 992
651 447
378 212
776 844
816 231
423 274
217 263
245 174
513 298
244 772
11 56
341 798
207 543
910 836
473 630
160 389
539 457
330 178
111 381
886 290
665 263
793 401
27 961
388 707
103 248
57 414
154 435
157 986
655 485
449 299
106 704
729 43
750 706
924 872
368 39
760 206
548 544
872 218
70 644
132 985
176 548
688 287
169 97
338 7
698 95
962 0
591 582
411 187
955 179
593 319
812 281
52 37
191 516
218 641
796 486
413 883
11 562
612 458
228 690
479 311
533 593
559 7
656 21
877 839
635 527
230 53
781 679
459 678
524 930
136 462
9 248
249 947
584 87
50 748
905 361
349 77
621 366
639 252
453 713
942 207
292 690
201 673
738 550
701 596
415 911
570 699
629 876
694 822
324 668
587 994
40 3
925 576
188 483
3 341
98 453
740 322
492 495
556 642
893 805
122 119
235 510
983 137
413 718
866 971
320 288
594 64
388 496
583 800
32 78
807 108
115 22
962 253
51 107
224 800
995 299
8 503
300 819
390 644
3 865
855 882
349 639
662 999
928 501
406 540
128 679
396 812
221 482
650 976
25 423
280 2
884 0
941 333
262 102
588 173
850 581
351 862
766 485
820 843
474 781
712 681
528 637
773 274
151 332
370 90
376 149
58 134
712 76
751 778
454 808
703 948
845 728
924 764
559 405
156 243
378 837
334 312
13 531
651 765
729 199
55 683
972 483
952 724
560 146
266 695
457 468
327 372
152 180
635 904
35 520
409 75
186 690
114 78
24 646
92 932
255 630
651 62
889 93
128 487
94 977
979 440
200 420
188 1
484 389
488 231
934 634
812 520
534 182
153 296
512 350
585 744
730 824
847 850
452 776
758 130
860 36
59 495
672 359
731 723
151 485
759 957
72 707
818 774
646 590
779 540
269 414
966 954
452 540
398 615
876 633
313 511
830 350
492 149
700 208
262 581
859 408
624 721
394 870
904 541
674 136
531 511
480 877
327 975
910 283
299 152
189 460
401 161
67 598
85 264
356 393
484 259
687 453
58 844
209 858
288 360
230 202
818 867
454 55
76 377
616 195
601 841
452 97
451 933
545 787
813 616
582 26
32 141
236 126
682 919
732 919
430 199
300 666
195 38
667 617
330 146
160 851
566 767
772 576
434 965
788 954
137 392
961 349
939 794
351 683
912 188
789 374
904 657
35 466
195 303
193 157
609 109
581 405
320 45
987 811
935 376
218 403
191 114
58 797
347 730
80 40
27 868
886 201
646 860
569 881
687 424
565 982
289 843
939 444
800 655
366 970
675 887
555 613
876 920
332 584
570 188
733 669
525 712
84 858
621 434
750 178
698 794
794 743
0 638
476 996
21 910
272 129
662 526
611 299
218 324
624 674
8 663
12 170
375 795
15 203
899 858
987 47
170 602
44 336
190 800
687 24
388 291
212 94
186 911
746 851
748 590
533 393
377 12
149 701
285 712
486 51
394 470
976 95
512 405
586 675
493 20
399 589
93 683
36 294
415 403
201 349
675 666
668 836
496 656
523 62
92 765
375 548
722 786
380 437
440 36
872 523
798 701
499 461
738 246
415 795
663 797
348 203
366 920
479 587
935 291
476 103
109 344
114 944
891 479
468 832
95 177
415 850
233 344
634 329
355 998
94 906
501 920
866 785
384 246
857 182
746 413
915 519
122 297
264 70
556 579
938 852
839 48
301 67
542 32
315 456
350 947
418 499
681 739
126 1
833 82
266 312
700 131
830 451
267 924
95 598
601 506
612 998
182 238
271 830
122 611
468 561
633 118
238 438
288 430
714 504
278 613
23 993
406 247
535 101
411 350
904 931
386 340
133 261
95 327
738 366
694 846
353 775
179 864
191 940
604 918
614 0
932 128
27 590
721 449
484 703
76 817
8 928
166 212
52 890
331 765
189 377
45 774
321 338
498 198
597 867
240 719
352 554
546 963
737 620
163 629
986 503
901 989
139 863
270 238
49 225
706 314
841 126
502 596
759 751
672 110
956 399
125 657
326 529
451 417
919 903
722 155
628 220
906 326
504 803
896 227
957 777
647 731
690 173
651 404
769 813
913 478
985 765
477 452
666 170
990 875
187 841
254 814
845 776
163 28
144 116
794 263
75 207
344 230
652 934
383 944
495 827
752 931
222 767
430 447
635 80
0 395
584 353
949 567
451 735
112 776
806 84
411 22
