600 907 600 806 9
231 596
408 416
150 324
61 446
289 356
151 225
336 454
19 307
138 519
136 551
201 388
6 87
2 19
123 211
359 385
168 340
112 415
385 394
403 524
173 323
167 259
25 250
265 576
185 463
187 525
71 428
403 453
144 182
459 534
155 481
489 556
201 342
478 546
114 500
62 582
147 597
235 250
305 386
232 358
420 599
234 592
322 528
199 472
9 240
45 523
238 495
434 591
351 395
152 359
109 389
470 492
347 570
279 426
276 316
4 20
83 385
228 497
491 499
494 588
230 265
278 384
403 414
32 160
41 42
261 476
6 479
508 555
84 316
23 213
483 495
459 552
148 224
435 544
171 558
368 529
16 514
368 534
196 234
312 598
264 463
59 164
192 519
35 53
426 506
96 417
480 482
175 369
343 377
102 135
158 306
299 599
377 465
38 489
68 518
337 424
46 364
47 338
176 434
189 428
426 486
161 326
263 478
304 548
48 581
208 348
248 256
129 314
149 249
13 417
103 336
353 389
120 293
181 339
206 234
166 444
242 513
188 192
82 478
581 597
29 166
177 537
146 343
91 283
26 446
187 357
275 371
199 227
287 348
248 452
191 548
4 508
176 551
158 516
275 395
0 385
160 464
115 166
143 562
487 582
249 375
533 537
423 587
197 331
350 417
376 447
43 569
491 541
57 290
151 317
194 356
312 420
193 450
171 570
115 142
199 264
54 168
145 226
146 465
289 332
111 347
32 46
485 549
106 232
336 538
152 385
193 506
437 441
12 587
214 313
126 484
502 566
338 442
241 434
325 571
22 527
122 234
286 573
506 532
0 394
103 538
357 464
76 301
202 583
51 292
43 220
246 366
218 299
320 433
83 567
133 267
221 509
463 536
326 421
209 535
39 181
22 281
208 416
21 479
192 475
334 597
82 99
81 415
26 73
247 330
187 440
112 358
0 99
169 595
553 580
194 301
216 278
346 485
459 510
328 587
155 277
257 322
482 554
192 363
18 463
38 170
97 267
169 410
264 536
143 325
208 310
285 296
340 503
85 222
18 268
90 384
227 235
132 594
160 286
368 439
257 443
142 197
371 512
17 536
70 505
288 451
68 423
50 345
98 427
187 190
33 167
446 557
24 555
39 443
325 475
292 540
274 310
399 457
172 251
110 594
131 136
529 552
258 435
25 64
171 378
87 373
204 552
124 204
227 432
94 241
101 109
42 215
285 476
63 93
52 372
242 277
131 576
469 572
432 522
202 585
409 476
228 398
11 43
195 369
296 512
329 471
95 452
154 438
100 412
482 543
9 54
206 540
217 485
195 589
69 273
403 409
58 537
374 406
119 236
400 540
418 567
99 359
157 340
24 197
244 455
237 583
79 138
448 551
407 491
88 565
125 562
206 468
318 474
20 173
111 522
34 306
52 414
309 329
436 463
374 582
27 29
28 267
422 591
199 250
432 504
266 420
164 449
37 87
27 415
106 484
137 579
280 407
133 140
257 350
150 376
261 285
105 426
490 526
343 475
21 211
159 516
1 242
18 306
355 485
47 191
198 595
268 543
480 554
170 222
303 320
192 530
91 335
160 253
46 302
321 354
203 311
168 503
212 287
129 316
137 330
51 400
454 538
74 83
80 491
565 593
97 438
283 287
267 305
70 363
265 435
163 414
17 180
261 296
544 580
141 478
17 185
115 379
569 577
405 543
296 453
61 124
59 338
96 528
338 367
374 461
171 347
563 564
41 263
351 371
147 373
111 432
292 456
139 534
211 259
117 538
463 472
417 569
294 509
60 589
262 298
507 520
325 372
138 465
560 573
27 145
391 477
47 442
7 344
175 586
68 526
78 132
221 419
221 504
428 430
300 475
412 592
163 496
276 541
87 342
191 572
245 518
47 312
32 563
96 219
67 361
7 499
219 528
333 339
213 229
185 365
316 519
91 287
348 392
29 295
130 523
78 313
24 508
19 110
579 589
8 221
314 515
160 187
254 385
91 108
375 527
344 395
71 516
436 574
386 564
454 474
151 270
359 483
349 562
217 365
371 453
178 443
481 539
28 564
249 493
265 362
238 270
345 387
317 462
335 592
132 379
181 333
493 518
291 409
39 339
171 227
411 446
376 466
358 562
251 521
43 355
107 177
113 313
102 391
318 535
479 514
61 557
204 489
375 401
185 207
401 588
210 217
290 330
17 298
40 218
119 397
161 593
95 520
238 385
197 508
279 382
93 466
109 467
75 198
337 538
0 148
32 286
99 488
121 279
116 281
180 210
324 466
16 123
106 309
111 511
206 520
372 475
25 498
26 131
110 132
60 550
13 138
217 346
80 499
271 501
399 502
240 352
54 240
247 286
68 493
136 545
232 413
51 122
320 416
51 206
242 539
391 458
452 520
64 574
98 473
269 562
53 525
342 583
271 553
51 239
80 333
165 506
2 469
137 183
118 451
91 383
186 599
409 454
230 427
280 344
24 387
15 523
441 471
17 262
345 377
27 81
392 396
274 521
93 462
40 449
205 458
19 155
44 315
188 372
513 597
46 121
404 552
31 70
104 321
190 253
282 322
50 377
147 201
1 348
49 511
81 226
14 192
100 234
360 408
164 338
16 461
363 530
138 276
40 164
307 572
121 278
299 547
389 586
30 298
89 409
161 369
218 442
45 251
296 371
441 496
324 376
4 24
243 452
268 273
144 289
28 305
59 597
90 209
80 162
121 532
73 131
95 540
29 415
83 169
182 289
270 462
4 268
253 431
73 204
32 573
76 356
29 112
258 265
227 455
407 541
62 406
408 433
383 412
506 561
396 539
55 330
252 369
115 245
34 313
173 272
467 523
344 596
107 321
87 205
105 308
409 424
335 396
36 362
341 591
341 565
334 513
143 232
200 553
63 462
162 333
416 513
337 409
135 303
33 553
148 509
85 510
112 331
118 174
187 438
34 214
303 597
311 336
12 249
582 583
199 235
1 539
69 463
106 437
397 443
310 348
307 469
308 382
206 400
303 360
256 412
171 262
24 349
173 387
90 121
468 507
427 542
1 416
218 449
107 429
73 557
154 575
48 388
181 528
258 580
109 283
151 380
148 294
33 259
46 563
203 474
148 488
155 328
286 330
142 331
99 152
261 512
378 570
13 297
2 334
378 522
59 581
26 557
225 327
391 544
361 399
15 172
293 314
61 404
266 598
146 300
254 289
130 467
86 344
207 482
25 229
3 497
223 438
57 190
265 542
401 481
263 390
56 97
5 153
277 481
31 351
54 340
173 297
183 248
178 236
489 531
77 239
233 488
243 520
224 254
185 273
583 585
145 402
366 434
207 549
178 346
239 484
442 449
228 492
20 272
6 37
4 284
89 454
277 539
48 164
308 311
188 475
6 487
220 569
8 504
14 138
19 191
545 559
295 375
314 505
461 578
369 389
69 381
195 579
23 229
36 531
65 193
199 590
63 238
31 515
143 571
250 436
152 394
505 515
47 367
282 443
441 538
47 598
145 153
206 507
259 370
231 470
321 537
34 128
59 334
176 559
149 295
445 475
66 250
184 255
18 381
365 549
188 363
174 450
248 451
162 492
226 358
322 350
139 510
301 354
267 357
405 482
184 339
419 488
151 218
60 330
388 581
134 513
181 322
213 263
72 171
299 442
121 302
211 501
334 338
225 599
337 414
257 397
121 384
248 288
380 447
82 483
5 239
329 437
49 182
79 445
45 172
138 316
301 321
254 319
81 145
66 235
48 202
185 549
256 383
410 584
492 497
49 58
113 393
192 445
285 403
1 513
165 292
103 329
123 156
439 534
91 592
6 342
47 572
98 460
128 428
38 552
68 490
180 185
4 387
112 142
0 254
25 66
34 158
350 568
113 304
285 291
266 312
262 558
194 321
457 500
391 580
308 426
115 430
168 240
311 382
320 408
18 574
7 407
179 369
89 476
220 554
10 255
256 579
361 457
99 394
338 449
107 533
9 500
278 386
191 425
352 447
177 321
492 596
83 410
38 510
58 127
187 267
146 445
248 579
233 478
260 351
76 354
92 393
435 517
54 566
22 122
297 577
235 455
435 580
27 402
153 484
291 476
383 586
101 366
364 573
128 313
44 511
311 535
76 332
441 28 428 134 427 532 408 466 463 377 143 53 225 578 411 407 135 57 43 5 595 348 12 5 515 424 158 421 390 439 205 408 459 69 154 95 121 386 18 437 269 110 237 323 110 549 317 278 569 108 228 406 131 430 89 429 523 76 81 245 289 300 318 543 167 380 64 515 155 72 158 169 394 449 491 345 319 589 45 116 476 26 61 417 252 21 67 416 199 557 419 180 488 210 398 541 76 61 330 547 504 219 167 398 499 265 232 319 313 536 37 265 24 389 187 110 279 259 449 416 221 347 171 417 434 560 570 550 115 37 405 559 93 380 291 584 306 363 32 342 96 468 314 561 87 167 152 448 48 439 89 442 124 23 214 332 155 410 481 324 168 144 203 491 255 145 214 48 159 166 589 523 575 415 22 0 147 564 96 139 424 564 275 123 405 517 453 126 60 191 207 494 551 437 198 217 310 258 249 324 419 322 4 444 327 36 360 306 165 216 495 247 272 444 434 455 146 385 224 547 288 92 349 196 0 538 467 335 270 174 239 223 88 28 582 235 76 501 311 355 534 276 550 218 106 497 144 439 238 411 104 210 21 364 21 220 130 414 562 478 278 16 262 436 3 583 374 50 93 232 585 578 178 98 367 262 488 91 479 236 331 468 258 434 590 339 357 504 154 236 556 196 251 527 58 188 176 88 162 110 258 517 14 522 351 258 1 392 176 429 519 263 242 462 38 546 466 249 63 318 141 517 258 414 141 470 105 500 465 436 491 587 133 514 538 409 284 195 294 573 222 66 122 564 33 252 189 586 365 29 222 254 521 197 408 25 418 352 533 437 161 517 323 478 231 223 483 166 379 437 30 501 31 242 167 300 249 130 456 576 68 143 305 86 47 519 459 498 72 255 477 261 403 560 416 3 4 396 528 301 50 5 500 597 347 528 476 562 387 124 326 334 332 448 57 433 420 532 534 173 294 191 248 70 583 434 77 546 482 330 81 307 102 302 24 467 232 56 239 295 10 45 351 311 267 34 192 559 450 43 217 385 542 321 591 597 107 451 86 598 180 144 413 597 254 29 454 489 595 113 567 271 106 551 273 339 473 414 30 325 479 312 590 409 16 322 69 76 453 102 372 466 3 486 427 41 262 226 243 42 455 387 161 192 483 189 568 406 384 16 363 598 113 100 523 275 356 577 367 241 306 19 65 342 471 318 425 393 268 337 116 132 366 314 518 205 270 37 560 206 514 79 535 86 327 535 114 31 425 126 144 152 135 518 53 86 435 574 404 520 33 100 116 120 35 170 199 215 484 357 230 27 236 284 324 80 544 204 31 320 306 204 209 575 147 228 193 259 519 527 144 326 391 428 204 510 589 36 91 11
794 215
587 639
587 582
26 48
393 256
332 596
890 659
75 166
741 106
909 453
73 11
344 63
499 514
233 186
192 247
602 805
989 705
531 41
462 210
606 488
304 249
874 694
414 623
624 289
344 326
609 187
780 949
396 547
76 839
402 453
501 2
85 376
143 833
920 797
543 256
90 997
853 862
850 681
916 899
128 24
807 516
722 329
660 349
290 95
766 24
618 871
169 793
685 515
812 581
829 45
284 329
300 663
141 390
128 993
963 486
175 954
1 980
185 998
871 29
718 580
245 996
829 967
948 633
894 309
566 215
248 715
651 178
963 372
525 493
485 145
107 310
445 338
602 84
792 915
981 211
956 326
981 160
308 588
579 371
220 243
88 116
342 504
731 277
945 213
115 199
954 914
38 282
837 654
349 990
7 505
53 695
495 768
601 360
906 348
619 982
299 777
185 139
35 897
694 853
781 259
393 731
521 933
780 749
129 571
998 50
108 605
267 498
945 9
464 795
529 841
586 451
732 4
383 412
599 315
955 409
472 384
427 670
148 555
208 787
278 63
147 282
100 729
361 653
990 773
856 948
259 363
226 614
823 15
508 293
138 227
556 851
752 917
565 398
24 854
663 653
781 666
705 924
283 908
199 212
929 921
43 868
668 226
434 366
311 419
848 71
325 525
228 309
771 643
790 182
443 455
921 394
800 430
839 268
301 554
22 955
540 548
974 837
968 575
468 259
478 302
134 873
440 940
64 99
189 441
791 542
227 645
442 400
903 839
902 510
950 237
940 880
639 36
637 832
290 229
235 764
422 851
671 958
919 25
267 12
393 843
475 54
151 75
821 80
233 852
63 58
455 84
741 400
101 882
167 377
471 342
124 927
649 475
173 285
200 658
933 79
345 892
467 679
371 351
947 353
606 111
853 822
821 628
817 548
38 544
831 912
820 689
329 725
402 73
647 715
19 667
461 23
900 744
569 779
661 282
565 294
658 317
3 750
381 4
799 482
210 106
300 125
752 133
973 866
42 970
828 163
744 376
330 483
665 114
12 100
641 247
745 845
34 181
301 462
713 192
421 707
660 143
284 36
926 544
810 320
316 626
869 503
524 989
563 609
349 787
628 211
477 430
625 912
205 876
299 826
460 494
618 161
669 790
479 914
153 896
857 173
103 29
342 827
215 45
824 822
932 826
63 286
4 439
559 45
693 289
541 141
789 855
665 456
69 874
420 168
288 361
799 348
877 768
354 234
445 130
644 758
26 343
190 177
534 590
70 751
56 665
91 200
452 638
172 50
523 794
426 258
45 434
155 855
537 742
264 792
859 148
231 964
52 476
265 689
119 254
766 173
436 539
27 407
320 168
527 18
752 470
215 330
972 93
137 759
728 662
634 340
57 816
491 245
620 559
87 639
234 547
595 749
69 603
698 436
539 331
75 255
757 73
145 193
841 410
7 583
889 203
697 659
959 36
185 74
324 200
896 393
262 427
386 926
766 402
513 547
176 568
220 911
360 399
901 165
140 114
674 593
495 694
78 570
146 485
733 523
111 71
928 520
478 986
847 589
249 331
37 229
312 309
309 18
684 1
557 707
318 356
239 101
52 313
875 460
487 849
996 89
308 55
910 139
101 841
349 445
777 303
718 744
992 395
818 853
141 358
187 812
450 51
568 886
687 538
969 995
392 897
952 852
27 366
189 418
812 658
975 641
461 529
890 428
260 294
657 82
503 412
836 463
458 168
57 632
410 818
35 745
865 267
30 795
324 283
819 605
456 857
692 317
808 752
515 718
609 338
808 247
3 282
532 674
246 51
0 49
991 463
298 714
476 575
359 563
67 427
863 972
366 178
957 664
109 174
699 710
63 498
920 267
759 976
416 764
292 506
161 438
371 495
673 687
223 138
980 325
727 169
691 389
378 953
475 960
558 524
112 494
612 416
114 649
726 830
493 326
992 23
504 356
159 926
702 83
722 701
587 973
760 786
540 196
201 551
44 934
986 920
68 907
163 506
776 485
205 9
410 391
195 276
784 972
846 441
695 902
776 519
206 706
228 820
312 797
57 401
78 537
688 157
278 654
976 439
797 686
918 956
719 856
973 688
868 335
511 147
124 851
238 268
876 371
547 817
356 720
665 551
28 150
174 541
540 171
660 888
2 539
197 368
25 459
838 731
710 238
941 701
331 107
515 577
370 113
745 306
251 582
339 33
138 679
905 616
750 207
868 889
550 466
105 134
38 123
484 492
508 654
772 345
184 470
30 85
583 263
62 125
953 447
899 780
986 516
900 535
718 118
111 278
143 633
368 752
428 292
799 153
906 920
803 39
1 407
651 623
959 727
86 285
455 296
673 756
493 460
173 262
329 766
636 795
689 33
589 863
122 415
91 965
573 488
409 593
181 113
911 999
155 323
878 848
172 699
905 0
958 945
11 621
561 83
896 27
132 528
536 618
254 742
126 158
713 796
378 201
787 776
726 939
676 252
779 447
650 382
387 28
283 978
667 917
877 914
837 791
334 131
369 323
893 892
831 935
587 50
727 981
211 837
169 614
304 392
129 813
95 799
428 963
1000 566
974 241
255 79
269 127
666 41
282 440
637 537
179 847
541 220
35 997
731 885
262 155
995 599
320 903
793 799
775 604
940 586
886 569
899 252
851 536
442 810
528 523
506 621
311 947
603 134
538 962
418 741
452 971
584 415
936 295
8 176
705 633
676 483
718 399
