600 1597 600 711 10
49 274
170 296
445 502
243 458
353 484
102 448
128 264
313 527
387 456
189 460
194 506
324 488
189 247
304 313
145 499
79 547
165 492
8 213
69 283
209 538
152 443
5 229
55 547
520 564
356 457
153 245
360 388
307 482
179 181
241 483
376 595
479 516
224 424
261 266
71 508
206 548
30 135
328 591
240 454
19 122
128 380
72 406
374 466
42 47
542 551
259 506
150 319
268 468
262 470
490 541
387 470
6 295
209 453
393 498
90 410
61 377
117 515
304 500
267 477
146 242
251 378
430 485
37 575
91 568
3 338
209 459
39 433
321 472
318 408
35 392
230 582
267 277
324 399
66 146
33 525
270 368
84 456
125 223
278 375
91 561
2 506
273 488
392 405
29 307
540 554
505 506
266 461
35 74
244 271
113 395
32 393
228 597
287 338
188 469
228 372
97 273
65 333
66 411
497 539
199 407
253 437
363 531
99 584
400 424
121 242
409 592
439 586
28 43
114 231
78 133
44 219
281 418
136 352
366 481
271 281
258 419
19 276
254 349
229 498
170 599
174 483
55 406
255 499
157 425
95 103
354 576
155 250
93 235
221 470
55 138
15 41
227 304
457 526
93 184
2 192
337 581
425 512
244 281
100 585
76 411
459 538
278 551
94 132
444 575
63 524
61 109
228 296
176 590
7 195
151 380
165 510
99 279
220 435
92 530
228 517
1 251
545 591
79 130
180 306
83 296
82 313
142 250
192 308
115 342
237 581
121 240
73 244
279 446
365 398
133 537
111 481
310 496
77 206
151 165
218 561
212 391
114 562
146 547
492 598
19 516
108 152
149 543
289 395
517 599
481 557
392 525
102 475
162 508
348 569
295 318
34 520
501 537
82 197
179 287
108 568
322 544
122 216
470 557
448 518
1 101
235 530
309 407
171 234
26 355
41 545
10 561
323 436
31 119
178 572
289 382
129 212
78 215
166 353
42 329
123 510
292 571
460 492
305 521
257 351
336 596
215 333
70 243
277 420
198 277
165 380
275 320
436 473
154 538
30 336
174 241
199 593
104 365
123 232
81 474
163 174
24 561
154 407
25 173
412 447
59 338
0 346
82 578
183 480
119 424
358 385
76 115
25 333
27 192
286 469
48 519
288 344
121 454
196 212
305 536
299 323
414 572
486 530
215 361
339 439
279 538
252 512
49 436
434 556
132 348
13 520
477 487
528 539
55 79
430 518
107 265
296 491
182 268
132 213
112 403
230 256
588 594
15 114
36 38
208 441
436 465
242 388
149 202
139 151
135 579
154 593
47 447
360 523
117 188
225 327
380 386
279 593
179 338
440 495
424 561
520 541
84 345
108 443
36 534
132 316
83 491
112 442
68 213
27 390
4 419
223 464
193 329
45 344
383 523
9 519
285 522
48 415
239 353
40 223
103 223
118 350
70 198
40 234
272 495
304 396
229 555
33 340
126 141
46 176
208 333
275 590
61 383
159 171
177 596
15 531
29 511
354 433
47 478
244 356
347 579
53 535
37 341
95 188
65 208
97 263
181 207
387 468
163 483
269 504
92 429
164 554
107 276
131 490
101 118
99 446
65 282
7 440
62 118
304 389
369 564
268 387
71 471
430 553
230 260
69 328
240 254
431 545
18 380
220 264
59 370
395 519
197 371
301 466
11 167
54 489
308 580
160 533
560 569
161 594
54 248
280 519
95 435
249 501
334 366
44 142
351 463
120 179
32 533
35 525
161 559
172 548
271 490
124 177
246 318
195 293
214 591
155 200
122 148
10 560
200 250
40 159
279 459
312 362
56 214
8 132
59 567
263 534
250 522
201 493
442 574
113 415
202 249
262 427
358 535
24 560
85 389
380 492
135 336
396 500
45 349
254 269
170 302
110 592
118 566
402 410
105 473
86 205
200 363
267 487
147 316
77 428
3 289
116 490
122 155
154 332
20 362
400 443
248 581
74 99
17 134
127 168
99 475
148 335
42 139
565 566
167 586
237 509
144 402
211 439
330 422
341 454
447 453
166 355
297 373
364 498
233 376
524 537
268 345
181 287
91 191
126 584
149 579
159 530
130 290
193 565
449 489
128 460
159 397
393 555
294 522
144 178
248 461
336 476
359 528
18 20
166 484
73 457
118 469
42 165
15 328
276 576
168 471
50 188
144 399
389 423
152 253
262 430
16 374
271 529
288 504
19 107
69 173
170 437
19 576
348 560
182 229
157 294
272 440
101 366
76 342
58 333
27 580
186 251
265 433
181 395
280 379
370 425
136 523
303 511
185 258
245 373
117 350
357 359
45 126
91 108
241 585
260 381
190 329
223 496
183 536
34 64
110 393
111 557
133 501
189 570
301 353
81 365
226 574
235 450
214 441
321 556
277 477
82 171
44 522
204 401
91 424
196 391
20 30
150 335
198 243
458 550
227 527
2 115
18 292
159 310
356 495
153 267
103 310
105 414
36 434
225 394
177 480
368 599
265 449
419 540
23 38
23 534
144 550
246 429
138 406
279 315
289 338
128 367
268 588
47 565
549 568
460 598
464 532
5 110
165 190
321 410
247 570
84 557
240 242
291 330
11 342
127 210
388 523
42 257
320 590
88 428
128 292
92 106
234 532
63 149
26 166
512 528
432 575
119 164
352 426
247 435
280 414
252 294
379 414
53 82
455 523
78 517
179 297
323 415
56 491
53 67
259 411
204 467
426 455
50 515
195 440
283 328
126 330
5 364
130 406
425 545
319 363
18 351
65 372
66 342
4 316
19 449
134 255
345 456
98 408
71 480
176 306
445 472
25 326
6 246
517 597
342 411
196 420
166 458
236 241
264 460
124 347
422 426
52 53
195 391
75 309
343 554
120 296
251 350
44 285
103 558
39 354
4 318
141 284
106 486
1 378
375 573
224 400
207 395
82 371
6 73
85 313
238 528
5 592
90 402
96 349
15 580
243 421
142 155
135 596
171 371
422 595
108 127
109 173
58 215
129 277
91 400
264 570
182 468
74 525
326 333
442 586
469 510
223 532
126 344
166 513
311 573
137 527
413 573
448 478
336 452
336 362
29 416
166 417
96 523
394 537
338 567
212 420
281 529
234 358
260 582
203 566
168 210
75 524
256 262
136 173
312 367
15 562
84 221
32 160
116 131
438 569
169 367
229 364
274 324
489 587
236 337
331 442
261 449
162 536
114 187
310 558
293 462
381 582
349 455
345 588
80 97
26 321
253 302
85 298
47 566
195 212
74 584
64 520
16 466
104 475
50 464
134 145
153 325
351 538
427 430
26 472
9 325
1 118
95 247
305 452
323 494
303 307
89 576
368 437
25 507
239 301
187 231
158 167
46 101
34 564
206 428
222 547
148 516
98 318
308 317
236 509
277 379
346 552
440 577
27 562
324 402
248 390
370 512
367 514
224 303
61 136
238 359
243 417
240 388
315 376
272 529
360 377
293 374
43 321
42 565
421 466
338 528
282 333
59 83
31 477
408 429
21 409
234 515
64 467
490 529
233 309
236 300
269 288
117 469
152 245
311 582
181 289
483 585
255 413
98 429
211 451
59 425
446 584
301 513
71 536
113 323
130 145
325 395
175 598
309 595
180 481
238 382
57 363
471 568
84 588
157 512
15 591
57 200
317 589
103 125
171 535
290 575
49 399
126 455
293 301
26 484
33 398
27 308
322 533
2 194
27 114
581 587
221 456
173 283
32 322
68 560
58 507
31 196
61 173
339 509
306 485
34 486
0 298
396 527
262 583
140 316
145 290
34 467
274 488
22 135
262 542
143 538
207 297
401 404
77 201
20 143
92 184
16 212
398 405
562 580
277 421
119 303
418 495
38 556
125 188
141 330
337 587
309 503
414 415
382 494
150 363
19 148
41 431
187 261
323 465
404 486
559 594
330 446
499 575
226 509
254 388
486 578
246 541
140 493
64 116
102 546
255 444
67 385
95 232
168 568
147 184
122 335
35 99
178 414
495 526
88 397
63 202
88 450
166 239
53 313
509 574
30 143
454 547
104 392
185 343
186 350
438 536
40 532
77 184
127 368
138 341
448 546
346 578
128 386
67 358
176 566
103 220
23 273
145 255
149 347
119 561
244 457
133 225
269 454
272 418
103 435
369 429
412 459
208 214
342 403
199 315
204 423
340 444
355 472
70 414
229 544
405 525
8 348
362 452
434 484
283 591
105 399
35 104
51 173
18 143
112 167
266 489
40 496
123 460
11 66
81 518
144 502
114 531
502 550
301 462
17 409
114 461
169 201
5 551
73 419
232 286
126 349
14 428
10 554
319 335
163 300
528 567
243 550
249 368
303 416
36 484
331 586
188 286
86 299
68 419
101 334
231 531
25 58
377 589
12 494
108 437
305 362
82 535
385 527
162 438
148 150
191 508
305 312
122 319
92 235
119 511
71 347
538 593
118 510
18 571
199 279
574 586
214 545
551 582
96 388
123 165
78 225
102 104
160 594
42 447
129 421
144 572
123 286
381 542
121 547
129 420
181 297
160 268
201 305
439 451
278 582
30 476
138 575
314 422
416 511
90 321
397 530
508 536
177 305
16 421
399 473
33 405
46 481
203 590
67 535
340 413
22 30
52 67
210 471
8 560
46 118
105 436
347 480
252 539
20 336
112 115
135 347
152 482
460 570
150 479
196 343
357 382
174 236
118 193
10 68
72 575
43 556
241 433
493 521
107 449
99 459
466 513
96 455
412 478
70 379
48 280
407 503
34 106
157 522
150 531
243 277
111 366
361 597
230 542
121 146
98 246
553 583
28 488
45 254
233 595
239 513
56 425
124 480
208 326
341 563
377 388
390 461
122 200
504 525
326 591
175 460
451 586
266 449
306 427
124 596
92 93
362 571
66 79
322 555
318 384
108 368
220 558
157 431
160 544
254 454
210 347
0 401
295 384
458 472
60 538
123 189
86 395
224 443
7 293
23 80
314 394
438 521
14 220
390 574
306 430
219 497
60 154
65 491
43 273
52 137
69 580
136 507
6 541
37 269
65 441
200 319
13 541
332 524
16 293
14 88
4 384
143 351
46 366
2 589
12 323
219 539
87 504
79 222
38 534
163 451
209 351
236 265
302 437
24 91
83 425
430 583
245 482
80 534
346 486
215 282
294 512
268 594
475 546
109 589
471 508
189 232
372 491
155 216
291 584
8 68
133 249
54 266
90 324
386 492
401 467
153 207
74 288
449 479
261 479
376 446
159 496
132 156
140 569
203 478
208 591
315 407
151 351
176 203
202 210
252 497
425 431
9 153
557 559
163 339
167 403
0 404
140 348
157 363
173 507
305 367
108 549
236 449
52 313
284 426
524 543
464 515
214 425
365 392
49 473
137 313
514 548
13 64
3 238
431 531
78 597
226 237
369 541
151 463
126 284
296 372
31 420
371 486
128 312
136 383
205 382
444 499
0 85
40 171
311 398
309 315
86 323
156 316
438 493
388 506
314 426
168 549
58 314
63 543
285 497
37 454
106 429
282 597
35 475
352 455
205 395
73 490
346 404
49 465
332 503
399 414
384 419
325 519
194 259
245 253
57 157
39 265
126 291
79 146
62 566
260 542
140 147
33 504
550 572
126 426
109 377
46 180
12 382
256 311
65 597
282 361
398 573
128 598
110 364
312 571
19 89
509 586
24 191
184 493
352 507
110 498
73 295
26 434
202 368
352 523
221 387
94 316
457 495
180 557
73 526
323 414
202 501
518 590
365 518
103 496
33 573
190 510
290 499
91 443
29 31
135 524
56 441
314 352
512 567
31 164
278 409
356 418
341 547
315 446
115 403
192 589
23 556
50 223
281 356
215 225
57 522
316 318
7 462
365 553
54 461
339 586
299 382
238 338
146 505
11 158
225 314
417 421
140 184
478 590
165 329
87 340
316 419
12 465
77 235
195 495
448 474
392 398
212 421
75 595
76 194
176 485
106 369
370 567
221 557
254 288
17 278
360 383
347 471
343 526
88 235
411 506
219 285
159 371
78 249
34 404
196 526
37 432
41 531
118 190
284 330
182 542
234 535
413 444
82 552
82 346
230 262
459 546
72 130
88 530
197 578
138 563
135 543
205 299
169 305
278 413
188 232
54 587
100 483
182 544
46 566
148 479
264 367
211 586
36 353
7 577
447 478
379 519
273 556
28 273
274 399
337 509
169 548
468 542
227 396
363 431
48 395
24 569
57 250
37 138
394 595
174 300
252 528
236 587
474 518
275 478
139 165
28 90
308 589
246 295
13 131
87 269
118 329
216 576
185 540
217 409
340 432
311 553
102 474
59 120
275 448
142 522
47 203
311 375
292 312
99 546
15 69
269 432
381 551
258 540
445 550
307 487
482 487
205 289
264 514
298 389
84 559
92 147
172 220
330 376
23 97
89 216
249 270
220 514
304 527
296 302
433 585
167 331
257 447
299 494
134 413
144 410
30 154
343 540
164 196
544 555
327 537
417 513
238 357
137 385
410 502
131 541
52 385
320 478
231 479
34 401
162 569
182 551
357 539
432 444
314 507
163 439
147 408
107 354
207 373
81 104
330 595
204 298
41 591
452 596
411 505
390 442
238 289
394 524
106 564
304 423
31 511
441 491
18 463
267 379
169 514
154 199
175 492
20 571
0 552
503 524
244 490
73 185
275 518
51 507
371 530
270 517
321 445
48 113
201 521
305 438
124 135
375 582
276 354
225 537
322 393
11 403
86 113
394 422
498 555
127 202
307 477
245 302
224 307
298 423
70 572
114 261
29 477
5 21
85 304
412 448
73 384
91 471
38 434
115 442
547 563
14 206
60 593
344 584
27 461
391 526
56 83
380 463
105 323
162 191
140 156
206 220
427 470
172 514
160 322
332 407
46 62
89 122
75 503
172 206
58 225
286 510
173 317
144 324
94 419
33 87
109 317
449 587
430 590
153 487
500 527
22 524
351 453
262 387
307 443
63 537
183 305
428 450
18 128
92 486
161 588
207 245
233 315
217 592
386 598
191 471
14 159
156 348
127 549
28 321
451 483
151 257
359 539
448 459
54 581
26 556
94 213
77 493
50 117
420 477
170 228
117 378
377 383
518 553
59 179
83 120
73 258
485 590
17 217
55 130
242 505
387 542
256 553
10 218
133 327
185 526
237 248
77 548
453 459
10 119
252 285
110 217
87 432
287 289
46 306
272 281
264 435
226 390
84 161
13 116
165 460
317 580
9 379
351 447
563 271 490 297 114 1 503 531 362 523 386 248 241 213 176 476 462 378 504 201 180 411 186 391 466 237 477 482 193 547 585 50 270 511 127 128 406 473 564 550 350 352 532 253 64 431 22 193 277 287 404 483 344 154 117 8 524 275 36 95 304 385 467 559 538 454 562 120 40 62 9 284 78 456 484 292 297 404 449 354 144 360 283 117 67 3 306 330 236 275 493 374 456 346 137 207 338 37 33 43 598 54 544 280 304 148 58 235 539 537 183 290 16 33 178 313 132 264 372 123 197 366 471 396 22 162 147 167 542 405 464 18 204 40 281 38 230 288 140 209 494 531 96 228 104 289 65 514 13 317 127 475 533 89 259 416 420 177 550 285 155 414 83 314 396 266 293 22 142 496 166 39 236 292 37 88 537 405 329 485 197 310 324 176 68 293 241 30 280 170 151 228 585 310 447 268 516 520 378 63 256 130 178 156 128 327 322 337 162 328 141 548 111 589 67 322 262 536 546 328 369 124 359 458 19 457 212 196 122 276 571 342 557 335 212 593 42 479 544 421 493 456 436 111 227 387 540 454 518 94 95 552 289 120 2 145 141 14 393 304 366 140 50 124 497 468 156 596 545 145 401 19 170 129 148 566 265 569 354 260 525 313 17 482 330 73 313 238 179 437 81 439 174 9 328 349 347 159 240 371 388 261 588 180 47 554 41 396 165 415 321 526 281 352 418 384 367 252 7 565 103 244 156 40 410 108 363 164 150 524 392 137 158 595 163 78 149 270 143 356 244 180 390 408 550 536 232 67 164 539 546 216 117 371 463 485 499 15 537 191 125 64 415 485 34 162 20 14 357 306 54 157 59 322 591 279 172 530 462 297 593 446 401 238 454 383 429 168 342 101 580 82 416 438 529 552 244 367 336 358 199 153 94 74 204 184 481 344 9 313 76 512 158 188 58 129 314 587 113 520 488 410 371 321 239 98 344 317 345 126 32 31 403 72 389 356 470 495 222 230 90 527 437 98 172 584 474 432 478 391 329 48 315 387 566 249 40 113 97 248 393 126 230 269 465 213 69 331 220 405 134 24 294 283 218 357 520 494 497 10 291 505 348 324 277 591 391 491 525 504 246 158 359 150 159 48 144 134 205 543 144 120 378 363 222 249 82 79 464 31 565 41 369 163 227 73 2 33 550 102 216 303 335 118 526 425 66 509 307 71 301 2 145 507 125 87 328 230 527 89 545 76 235 100 592 348 456 476 505 336 53 189 555 584 298 5 464 346 146 448 411 328 433 294 563 315 99 399 176 486 387 265 518 169 502 293 580 103 153 432 346 287 39 285 19 499 121 169 219 220 339 118 598 68 351 463 204 469 496 306
78 840
564 958
821 318
444 106
161 567
943 860
90 580
6 324
256 533
316 217
215 435
955 363
354 14
79 664
296 799
723 211
52 270
993 779
495 688
758 38
494 657
943 816
527 545
67 49
305 487
649 316
91 151
790 240
154 43
231 325
492 599
199 354
998 990
855 690
81 744
745 626
33 90
919 606
58 85
855 28
285 917
647 210
560 794
116 56
575 19
785 503
657 916
616 809
326 137
282 15
387 964
701 358
133 951
168 942
817 132
966 536
548 244
628 58
636 350
550 169
596 618
750 347
632 887
551 496
32 670
569 316
979 404
195 959
236 499
716 252
188 185
398 506
975 574
127 506
755 591
618 484
886 327
301 704
544 374
970 481
41 33
758 699
147 871
522 206
782 967
63 868
354 89
850 650
270 787
726 40
168 66
324 448
197 729
231 715
204 523
386 847
803 444
61 4
166 628
701 608
998 6
607 982
710 673
340 856
736 657
280 85
125 724
807 45
396 386
763 328
990 865
685 985
939 294
319 115
742 180
914 313
4 621
438 961
572 894
243 394
490 227
883 469
694 56
473 847
426 547
360 923
743 464
441 431
436 724
152 313
998 570
42 605
214 550
558 410
998 719
470 547
714 375
103 948
940 564
552 767
272 585
720 467
605 13
538 652
194 120
999 659
925 460
220 636
717 95
472 477
698 119
545 735
354 343
319 250
586 599
672 17
242 585
587 119
963 342
259 855
911 993
828 976
323 541
930 137
197 401
536 815
49 175
995 292
411 437
356 694
479 293
224 886
343 738
733 293
948 115
487 780
675 864
394 569
217 136
465 204
692 925
421 216
902 904
357 592
267 667
115 464
479 956
733 157
419 938
449 830
537 857
320 506
814 295
586 864
856 324
66 335
157 374
159 830
162 220
628 583
659 59
319 672
487 438
644 833
8 816
377 101
314 755
366 257
622 268
615 667
436 464
979 160
108 329
227 527
593 224
607 375
723 4
997 842
248 442
506 6
375 774
787 911
931 486
318 945
295 376
629 420
898 199
17 994
508 307
920 891
843 838
714 144
451 869
657 522
263 955
225 761
872 90
877 182
437 67
19 196
841 479
938 37
872 413
146 204
74 526
381 303
132 614
408 839
839 177
522 385
642 23
535 965
540 77
380 325
819 500
964 703
852 775
575 757
142 489
870 347
864 840
760 139
821 866
38 6
406 753
835 47
788 145
255 236
883 937
835 570
479 365
35 527
13 406
110 30
213 4
729 749
788 26
180 262
913 784
655 605
269 156
51 489
574 337
708 289
729 448
551 41
463 897
449 177
801 595
413 142
995 622
710 493
450 698
15 279
585 84
127 568
495 275
425 250
34 836
365 70
919 118
3 238
415 291
271 373
57 915
373 641
722 860
286 344
793 285
623 525
281 854
822 740
428 679
98 904
683 426
660 573
209 598
764 287
137 590
666 92
692 760
108 120
965 983
329 64
201 49
353 224
664 273
579 420
699 223
552 833
699 473
952 273
573 555
622 315
664 998
694 84
464 612
874 140
481 145
930 160
879 682
904 544
927 340
131 417
776 553
841 929
102 807
439 523
265 553
785 461
501 947
551 692
693 392
4 162
841 12
100 171
40 453
467 16
209 990
475 60
779 380
565 362
452 652
644 109
961 879
783 723
650 970
415 723
443 363
138 673
530 138
194 806
530 308
393 270
25 251
906 759
661 500
784 354
503 998
246 209
506 727
890 850
401 48
753 376
142 550
163 994
482 738
820 887
815 409
45 881
879 208
114 369
765 646
982 950
603 464
353 180
30 975
258 807
826 709
244 72
314 407
69 765
193 77
940 320
82 798
803 666
980 553
596 565
191 635
979 827
178 101
891 366
641 730
905 693
254 116
293 138
259 343
74 213
28 434
161 533
154 341
122 261
682 451
12 869
279 402
604 180
719 429
732 897
287 767
177 675
755 820
634 152
901 640
882 36
31 114
399 809
296 43
412 356
308 595
946 175
30 385
589 271
923 251
344 402
942 664
126 137
728 545
599 715
689 707
800 76
265 757
998 145
396 640
639 703
855 558
759 446
810 923
65 440
118 199
656 686
474 801
798 168
1 296
527 723
335 965
319 6
51 237
24 747
881 893
492 898
778 884
360 481
118 160
267 60
715 699
713 643
477 578
208 310
665 764
742 125
405 530
681 952
319 332
988 68
15 137
713 839
128 760
283 254
177 10
805 112
49 560
561 287
503 765
304 628
371 43
54 410
298 875
525 28
970 900
973 640
55 957
549 434
150 124
595 539
830 605
905 388
849 366
675 355
340 522
899 147
502 873
231 361
538 112
20 218
372 728
350 985
752 82
500 354
747 727
323 197
60 701
326 630
598 49
770 410
552 527
783 626
99 423
83 985
504 91
10 495
215 789
702 171
288 946
939 988
13 56
217 933
332 569
586 443
590 654
494 35
144 442
92 646
860 880
515 498
911 923
610 211
692 649
935 524
328 720
385 437
173 130
897 874
110 841
828 768
173 425
948 927
98 84
729 953
332 832
799 990
271 505
283 473
762 233
929 545
97 715
586 814
614 846
497 114
366 450
283 532
420 796
465 676
180 162
885 712
901 227
932 639
763 10
14 367
148 802
483 505
761 266
864 164
886 790
801 813
737 525
948 11
948 227
819 96
850 955
796 317
724 783
632 236
959 835
623 605
863 990
633 501
416 599
532 336
462 769
475 339
