600 1360 600 1191 13
55 334
223 368
100 549
49 379
48 560
71 224
258 272
306 548
299 509
371 539
163 362
233 307
482 555
439 549
101 393
405 571
250 560
25 414
549 586
283 544
127 527
21 191
304 399
391 488
119 410
342 552
80 192
18 35
55 224
183 503
11 437
80 584
370 503
23 412
5 367
218 542
396 555
11 175
251 576
124 372
304 351
481 577
183 338
252 569
348 539
447 560
36 178
417 475
88 367
485 570
115 550
351 375
322 325
413 437
87 572
180 303
308 510
463 556
534 547
17 409
402 522
478 538
342 399
40 592
579 593
76 462
245 488
78 152
91 554
253 513
366 590
108 389
378 585
196 210
446 452
305 582
491 533
130 258
444 498
424 599
137 397
172 334
385 403
145 398
336 453
14 572
49 284
280 599
351 579
357 579
145 249
24 530
229 534
254 422
227 333
320 446
351 534
151 386
407 594
102 478
91 337
134 334
355 473
266 518
585 598
247 273
3 554
186 296
173 448
138 191
24 460
91 437
114 195
42 302
302 348
281 286
61 404
192 481
94 550
222 528
539 567
592 597
98 292
516 520
14 270
419 481
217 522
219 332
11 337
121 127
295 536
5 562
249 438
177 525
295 314
123 298
135 237
162 392
167 452
223 464
321 429
255 260
473 553
245 293
291 566
126 181
170 336
285 363
288 290
39 134
71 284
299 361
35 541
194 557
74 444
37 563
80 431
61 518
313 377
58 144
8 341
220 274
302 523
298 329
477 507
336 470
150 465
233 253
132 412
207 268
66 274
197 202
322 570
357 552
107 109
33 314
315 320
175 344
330 546
484 490
251 436
349 594
15 268
175 473
174 305
170 179
341 441
327 343
292 482
492 559
20 369
12 275
131 346
110 583
72 579
495 585
324 590
71 340
118 142
315 519
202 258
208 545
2 328
269 599
405 499
64 335
6 133
41 160
10 32
470 596
122 516
119 137
381 421
108 366
63 296
95 187
93 428
369 499
258 504
388 507
312 567
46 289
371 462
136 459
376 429
358 533
385 554
253 476
170 372
239 417
192 240
172 387
269 374
110 400
79 345
19 382
482 488
332 412
441 494
157 246
317 573
66 538
158 225
30 482
58 164
487 530
179 336
27 331
221 282
14 423
309 342
145 438
13 438
336 428
237 316
314 536
84 142
283 501
287 403
139 238
432 570
190 398
130 363
305 497
15 193
147 363
13 330
120 560
332 519
286 297
356 594
427 494
364 550
212 491
140 391
139 362
278 511
122 137
338 528
222 338
59 298
0 218
90 296
276 428
50 333
8 494
229 304
205 583
128 471
137 516
1 147
445 527
250 461
363 589
49 207
262 474
395 550
25 592
273 469
122 397
200 215
121 256
51 59
197 369
72 156
250 564
281 297
213 473
192 460
5 188
60 184
393 573
6 429
18 178
60 318
79 346
14 515
139 150
265 576
214 316
325 590
169 536
41 289
133 231
194 339
166 289
9 302
101 154
45 214
250 353
463 578
409 557
110 517
132 319
162 445
498 506
13 151
483 531
175 337
38 92
12 347
62 593
163 347
20 134
180 220
98 396
0 433
248 250
71 379
300 524
198 569
403 554
121 406
408 575
438 452
114 267
378 495
57 518
556 589
226 227
390 419
60 447
47 305
253 455
8 441
202 502
85 166
209 523
93 291
113 435
176 426
90 396
481 530
314 492
31 300
75 547
74 79
259 458
361 509
135 214
149 561
143 269
261 429
357 513
68 332
57 400
307 476
299 463
346 562
461 535
44 424
179 251
163 238
119 516
6 477
354 514
379 581
497 582
231 477
59 381
389 521
17 282
162 295
56 243
468 582
137 377
1 323
475 598
42 473
261 321
186 511
64 316
40 469
85 277
436 576
23 531
126 547
16 305
29 482
156 471
233 455
147 529
41 397
326 521
286 330
491 583
335 546
77 169
211 377
63 67
171 576
77 459
466 540
43 426
120 447
401 558
50 438
191 558
426 484
572 586
206 427
391 570
85 212
498 557
47 324
431 460
44 599
105 564
53 430
166 425
260 575
188 367
106 212
64 354
137 505
49 310
458 545
121 138
249 275
289 397
86 503
95 367
176 565
146 465
163 275
36 563
83 261
154 308
471 579
56 555
7 475
161 432
81 433
51 591
375 579
173 283
219 455
131 345
149 252
216 566
115 480
54 428
136 595
390 481
173 358
7 239
40 278
281 585
63 90
396 468
140 570
366 580
394 591
255 335
75 534
57 517
464 584
181 547
30 488
106 211
380 592
327 341
415 528
311 587
459 536
55 411
292 590
32 218
182 252
123 591
177 331
310 379
169 459
35 36
56 112
4 179
370 566
21 406
299 578
295 543
417 585
337 401
151 508
13 167
496 542
439 572
208 458
149 158
35 405
158 191
64 514
4 361
108 228
229 547
53 423
284 340
426 490
124 382
383 593
165 186
97 180
252 418
42 121
134 405
137 410
85 397
4 235
227 454
266 442
38 196
273 542
181 300
115 196
36 411
119 457
175 437
47 174
198 527
194 577
12 196
236 311
403 525
155 381
252 392
1 119
179 588
66 148
216 370
159 294
62 534
342 573
92 594
211 212
205 418
29 555
484 565
221 390
302 318
294 403
447 535
12 38
319 440
346 506
334 512
143 407
82 217
458 461
371 567
415 425
147 504
14 439
3 331
88 368
239 422
378 417
32 542
123 384
94 395
108 118
109 437
264 489
149 191
65 108
149 558
291 466
23 440
173 177
236 438
33 266
293 426
63 396
64 263
476 513
460 481
257 262
448 544
38 210
462 539
211 313
267 503
288 551
107 355
311 320
63 582
352 515
51 394
417 422
85 289
13 145
38 407
456 521
1 507
6 207
139 343
233 476
148 257
37 217
5 113
64 255
27 448
410 507
501 561
374 395
68 295
76 567
431 474
445 569
444 557
9 42
156 579
107 175
49 71
91 413
161 322
185 307
403 478
179 493
88 329
39 405
77 136
57 595
238 347
188 449
189 363
51 111
70 169
96 493
112 496
168 358
125 276
363 457
33 136
144 462
270 549
43 490
401 544
500 572
29 292
507 551
96 361
108 305
104 435
24 148
213 464
84 118
42 523
456 598
466 516
31 447
44 190
12 163
314 459
305 366
291 370
46 397
111 545
105 250
143 349
59 155
22 62
83 268
8 571
364 420
160 397
260 408
457 509
297 398
247 542
78 514
278 592
398 495
99 270
210 374
153 400
198 225
222 425
507 529
111 350
22 52
149 501
320 412
251 453
42 256
381 564
83 193
48 368
362 373
412 519
111 458
89 542
146 515
390 409
452 508
108 580
238 362
480 550
70 536
142 580
395 480
519 543
384 591
85 313
272 578
73 427
73 327
267 415
179 453
194 409
26 350
26 545
255 263
144 304
227 236
160 466
158 252
130 272
208 524
333 548
320 587
38 594
136 266
116 415
104 113
148 460
166 203
339 557
196 275
89 511
80 474
286 546
162 230
220 385
234 504
409 444
451 520
151 568
326 598
98 555
22 75
57 153
9 567
208 472
212 358
202 369
108 260
20 486
97 365
374 599
365 584
31 535
361 576
213 301
96 299
326 389
153 392
303 413
112 293
385 538
359 456
229 351
327 571
44 550
94 280
517 518
479 484
260 546
40 273
416 475
54 93
57 77
223 449
0 81
288 574
166 168
223 435
94 374
240 390
126 208
99 549
376 442
292 324
135 152
320 522
181 447
334 486
288 477
7 254
334 387
207 529
21 225
453 520
0 496
236 333
340 411
129 162
32 247
454 548
76 312
89 278
184 223
22 278
73 206
63 468
429 477
109 365
183 528
187 346
159 222
136 314
134 499
552 573
173 544
336 596
82 321
361 457
26 597
287 525
134 512
527 569
234 529
35 178
405 443
401 526
239 254
131 562
56 496
78 319
171 520
373 548
293 482
120 250
208 300
388 551
318 348
524 535
51 155
155 421
409 419
399 552
20 334
133 529
103 462
210 269
65 316
184 213
113 282
16 228
209 213
139 532
260 389
147 285
62 75
287 425
336 588
312 371
71 172
443 494
213 523
545 597
113 188
242 500
82 261
61 290
50 249
283 401
418 533
321 402
385 478
92 423
86 267
144 181
224 411
107 365
308 309
3 27
192 435
127 256
418 583
127 198
286 575
166 195
41 466
69 135
123 394
161 325
110 215
93 566
141 162
219 233
56 165
187 384
147 323
335 514
190 424
25 469
81 479
236 587
239 475
164 181
276 596
151 335
359 389
5 282
223 244
95 562
182 400
254 424
217 261
43 293
5 95
325 366
144 229
89 186
250 535
315 402
159 338
84 389
182 418
109 303
47 582
386 508
13 508
14 53
148 487
430 594
73 343
254 378
172 224
184 560
16 65
143 356
434 494
107 584
205 533
331 448
221 240
8 434
18 34
185 233
16 316
14 352
222 415
55 387
103 342
279 593
33 492
166 277
290 404
84 432
460 530
176 484
17 79
294 478
187 591
167 438
241 374
93 466
61 388
165 542
112 482
91 448
283 358
288 388
322 537
10 450
118 389
154 295
335 568
111 421
282 345
78 440
184 318
446 508
191 406
442 574
104 192
25 26
53 270
425 525
380 597
52 592
179 235
190 550
290 442
6 83
34 139
1 410
217 311
122 160
24 487
466 520
13 398
372 382
290 574
190 364
325 580
68 219
149 401
262 274
326 575
201 316
69 78
114 415
131 282
276 336
135 316
133 507
176 293
146 150
175 526
288 429
54 566
178 306
299 589
320 452
84 485
86 370
248 560
116 425
435 464
47 468
241 480
532 541
292 322
279 351
174 590
133 477
320 531
233 332
142 325
357 399
244 449
246 328
52 472
260 286
457 589
386 568
78 307
43 479
28 94
301 584
386 440
184 464
184 302
352 572
316 354
97 274
173 331
189 489
114 540
67 296
160 516
35 512
72 214
166 177
73 352
92 271
140 485
309 510
416 456
339 498
162 308
120 535
28 550
9 348
326 585
88 123
360 540
469 592
73 150
193 411
64 65
443 499
107 437
2 226
310 529
419 577
359 485
10 467
6 268
344 473
42 138
80 464
61 200
243 555
75 208
28 395
309 573
311 522
262 460
157 236
436 453
98 324
353 458
218 450
99 100
306 454
244 368
86 291
82 402
76 527
251 361
259 421
9 256
170 382
228 305
20 197
204 382
85 203
61 215
174 366
494 499
145 364
317 552
392 400
378 422
184 209
224 340
207 310
128 579
191 344
475 585
141 536
266 404
204 470
41 195
176 245
200 211
48 88
15 284
105 329
142 161
81 112
145 190
360 466
77 129
78 568
321 559
379 504
132 185
17 221
451 453
148 262
521 598
262 431
244 367
428 451
146 352
171 265
117 124
95 346
199 560
159 403
191 526
164 348
39 512
525 554
111 155
162 569
25 380
453 588
472 545
315 522
208 461
414 469
96 235
435 449
156 214
33 376
264 272
248 329
128 383
8 443
17 390
306 373
247 467
182 583
277 358
344 526
69 152
214 513
79 506
79 444
283 561
201 497
168 177
190 420
77 153
264 556
22 472
541 571
62 279
377 397
235 361
114 291
190 378
195 466
327 532
454 563
348 567
159 425
376 574
133 207
292 555
192 282
213 584
139 306
196 480
197 379
328 563
193 284
97 584
67 128
479 490
89 165
125 428
90 186
232 270
168 277
7 424
272 463
23 132
154 162
473 523
104 282
154 309
72 357
440 568
180 413
75 472
418 501
187 506
48 199
358 491
103 144
427 441
63 497
128 593
101 455
203 289
52 278
295 519
105 298
41 46
164 447
174 324
45 67
327 541
0 450
400 517
186 243
21 198
198 406
62 511
226 454
36 37
177 425
22 511
19 124
249 364
386 446
322 391
433 450
246 563
367 449
82 522
242 586
404 442
409 577
212 313
201 214
458 564
331 554
84 359
192 221
356 430
265 516
130 285
421 458
185 319
210 241
35 411
193 340
68 101
323 507
452 587
48 329
74 506
126 300
236 452
281 495
170 204
97 303
238 271
240 481
349 356
76 510
296 511
152 237
253 552
144 399
206 352
321 543
44 280
197 581
246 311
192 431
11 91
144 547
412 531
513 552
317 455
170 493
33 442
27 554
300 447
297 330
472 597
245 565
326 408
238 420 26 37 288 558 279 560 64 477 488 317 585 433 68 7 322 336 151 344 413 585 522 365 490 317 501 362 299 456 507 229 95 128 583 408 521 242 129 17 48 104 302 281 126 327 466 22 190 388 115 447 536 180 318 222 397 126 516 493 96 572 551 188 510 366 275 249 468 332 285 593 261 51 127 128 515 532 251 145 545 341 164 326 442 372 65 505 126 101 80 597 479 5 461 4 141 6 197 200 544 410 201 420 309 530 501 20 313 199 334 227 157 397 319 549 270 365 363 2 55 558 101 271 200 571 10 23 311 396 467 415 249 311 53 320 539 145 168 307 390 473 351 296 139 470 345 487 56 414 302 453 257 592 86 131 401 238 399 422 250 492 473 312 148 554 363 170 152 520 418 415 368 91 460 122 84 471 103 303 228 590 180 124 197 63 158 72 136 356 194 293 510 424 39 440 88 290 231 566 412 264 242 458 296 82 15 369 558 336 494 320 428 105 406 47 479 238 217 223 213 315 115 153 23 140 165 480 173 50 238 585 172 135 517 151 330 444 390 35 285 17 294 381 479 74 129 538 12 426 499 93 65 130 240 483 32 263 341 2 596 286 118 394 139 555 77 126 312 353 285 468 0 425 550 533 171 181 543 100 168 259 324 157 70 195 393 5 196 453 33 154 596 484 173 16 15 214 551 232 319 192 505 50 569 148 309 367 372 183 433 25 158 67 400 296 371 562 32 156 138 163 172 58 98 402 181 119 227 272 438 421 459 404 333 531 311 523 72 398 69 351 561 282 413 439 211 447 583 61 368 502 242 356 96 247 157 493 142 252 7 463 264 179 398 167 105 272 352 142 354 370 231 291 548 471 357 33 398 509 349 481 570 70 219 217 162 385 499 151 98 389 262 472 130 520 27 504 420 125 456 493 561 256 0 24 350 377 129 405 101 5 586 520 341 116 489 364 419 201 457 102 562 48 102 388 440 305 432 175 69 183 590 172 443 251 456 54 346 559 16 402 44 307 501 367 417 556 363 173 277 29 498 387 334 475 576 2 77 229 13 207 128 327 157 94 526 63 240 446 375 273 510 540 28 310 24 594 560 543 248 337 553 111 388 533 325 285 322 432 313 356 234 16 263 167 302 589 491 377 308 10 371 57 448 468 576 490 301 57 208 80 221 300 316 167 301 91 351 577 173 76 203 45 114 547 279 27 487 549 99 58 91 433 154 169 154 129 100 485 211 1 17 130 234 130 14 398 468 353 151 57 359 105 186 60 459 492 188 178 526 188 259 443 73 379 541 372 129 441 313 294 119 286 133 233 448 289 178 552 446 594 512 224 73 390 270 323 54 597 163 551 413 79 309 591 100 204 13 276
924 817
155 319
280 648
529 107
98 152
890 199
206 467
418 1000
42 707
684 342
983 780
587 176
185 868
433 802
81 885
161 503
659 786
899 111
182 658
30 31
32 540
588 297
854 634
447 647
789 29
986 591
982 545
544 133
315 927
825 881
823 946
809 437
960 756
390 447
174 681
147 647
209 617
235 607
191 902
72 635
944 662
301 171
673 259
942 879
348 991
692 743
317 203
745 814
867 322
108 474
328 776
982 388
900 601
107 888
206 45
122 593
864 813
415 380
731 448
939 394
762 344
342 353
765 645
750 759
557 774
584 806
673 26
725 737
509 509
557 682
495 424
108 505
629 674
62 789
975 107
820 570
614 425
444 404
530 710
954 134
746 112
947 858
333 549
219 522
614 935
385 217
278 45
17 888
908 259
888 700
829 728
563 143
163 876
208 72
288 966
951 212
18 156
658 110
787 842
68 984
38 982
544 535
520 0
684 501
853 146
926 362
399 287
669 164
648 862
660 144
391 319
980 469
915 858
848 180
282 67
303 867
327 100
9 2
633 904
176 286
806 380
646 288
255 234
966 309
7 52
191 2
793 520
637 319
723 700
489 399
67 369
897 174
477 644
175 446
47 614
579 676
430 431
244 280
639 243
166 746
756 997
515 435
653 918
188 989
749 485
374 814
88 802
133 355
714 40
535 241
109 780
474 729
561 725
460 384
547 484
957 418
670 699
304 648
556 289
480 31
261 190
713 934
530 418
215 805
740 409
874 768
399 174
412 783
436 181
474 430
49 90
183 186
74 574
455 190
720 842
637 195
918 966
477 143
205 662
73 114
631 77
771 485
485 328
354 30
773 281
508 637
854 713
965 244
861 227
66 336
373 902
604 249
836 113
165 540
935 29
335 123
248 887
39 499
612 306
799 275
335 284
679 770
19 454
373 180
70 58
451 282
35 822
145 460
843 515
735 281
244 934
356 268
389 250
716 207
642 715
347 316
242 6
306 568
940 801
519 579
621 44
877 93
419 40
798 242
125 572
560 325
257 666
286 700
640 827
747 541
583 432
197 441
115 934
541 633
137 404
67 158
330 675
586 721
172 813
469 974
850 86
262 917
12 987
850 776
848 273
874 953
265 627
993 739
896 348
309 810
846 395
120 180
530 323
574 602
421 974
530 798
662 310
742 52
48 386
921 466
559 841
298 514
713 69
562 802
42 333
174 223
378 407
310 45
189 500
239 978
87 914
151 846
22 307
975 708
683 56
275 844
170 2
406 206
889 642
722 629
331 977
508 865
879 136
485 225
126 516
109 360
519 845
486 66
296 391
340 168
314 365
243 59
779 879
927 925
498 3
470 491
775 699
483 837
946 340
47 213
818 505
747 189
724 303
633 119
726 553
664 824
215 728
532 689
566 451
593 481
105 451
328 619
643 407
367 239
428 477
383 594
614 760
566 533
756 368
506 683
383 649
334 498
751 945
181 370
762 851
746 915
573 910
120 714
243 645
906 310
480 809
513 123
479 570
341 734
50 589
521 776
121 51
581 197
391 9
983 31
137 537
71 724
657 492
134 755
621 225
924 142
934 164
203 829
709 362
184 967
979 506
731 584
77 844
871 432
576 755
666 202
157 969
643 612
438 227
612 999
278 99
95 175
226 761
136 330
338 870
683 142
690 857
881 244
821 288
2 542
256 28
677 411
26 99
253 808
263 949
688 580
381 466
306 290
413 932
78 454
961 558
931 436
46 61
744 688
961 267
563 74
457 711
94 590
280 363
604 907
874 65
777 967
471 358
573 494
980 331
294 927
793 762
307 234
444 845
700 553
445 347
567 221
372 557
555 50
344 396
58 659
625 274
203 956
569 868
934 73
182 319
169 576
452 618
604 127
994 623
361 70
529 979
456 950
500 287
879 35
351 892
955 465
431 947
125 874
383 988
411 86
947 952
28 784
175 38
293 458
147 943
766 94
703 953
954 827
17 703
806 194
160 166
636 161
361 756
57 928
484 709
57 740
350 434
20 666
957 90
585 361
405 693
776 424
535 156
820 232
971 813
167 76
387 722
135 96
232 690
548 560
562 999
128 263
923 495
443 450
797 49
860 474
666 471
41 270
781 194
135 827
245 129
981 759
760 799
993 678
92 35
670 723
859 588
663 225
690 92
499 962
568 649
232 425
577 0
991 925
281 902
850 40
836 910
431 664
972 977
675 972
79 543
705 9
851 949
75 311
975 948
433 262
400 491
53 133
13 725
437 895
887 820
702 784
998 67
3 633
5 911
485 267
15 384
296 19
100 403
227 240
985 156
221 385
425 728
113 234
600 447
831 654
97 638
606 665
526 740
103 856
206 210
421 351
388 343
419 566
179 121
563 934
343 578
704 272
823 482
495 104
588 230
607 349
379 31
158 391
782 8
432 627
162 722
465 259
795 582
810 407
479 465
800 956
628 6
715 396
252 100
136 684
930 771
412 545
490 191
914 525
499 785
773 544
304 751
64 955
336 910
273 394
629 575
689 208
545 90
815 852
55 294
967 69
563 242
379 500
821 356
511 238
934 189
224 636
905 403
897 975
227 43
687 367
495 736
564 356
721 980
99 688
36 902
610 513
319 447
531 863
148 196
883 2
3 229
682 650
673 898
50 478
735 785
461 314
712 178
499 915
15 952
357 672
112 88
81 289
738 868
987 298
935 609
710 665
174 928
423 402
133 9
923 578
514 934
295 998
