600 981 600 913 8
352 573
221 268
320 458
495 572
66 419
10 50
97 376
248 428
75 307
317 503
78 527
112 135
290 588
101 497
553 597
159 205
163 311
188 422
146 383
4 49
216 415
290 460
359 490
354 428
216 539
390 523
429 564
259 571
215 436
419 515
12 331
110 339
206 358
260 560
162 534
66 583
26 242
229 527
118 199
87 583
335 478
167 524
226 526
158 274
144 355
484 533
358 467
78 574
308 529
100 285
204 438
82 535
11 83
104 306
129 189
131 516
288 489
323 494
2 297
154 569
187 236
377 408
206 486
249 371
67 306
60 489
62 87
199 536
338 378
449 467
130 420
38 243
70 228
30 350
223 597
132 351
41 76
91 327
391 533
28 405
122 331
211 516
300 460
115 588
106 428
128 196
292 383
224 482
37 518
12 160
252 472
246 580
39 90
265 311
56 558
174 492
483 565
497 566
141 146
56 477
0 182
252 274
386 581
124 461
47 587
367 546
43 567
540 556
48 319
360 365
87 254
73 470
120 568
173 251
406 441
63 406
153 417
193 475
358 396
57 168
212 217
208 335
35 351
13 246
84 399
384 402
369 497
263 482
48 359
50 279
283 377
46 211
195 224
383 410
261 353
32 226
153 267
206 268
477 558
260 406
161 504
208 578
58 589
245 439
35 188
94 187
179 482
367 392
51 111
379 399
169 554
62 590
230 320
325 451
128 232
381 388
506 541
263 491
357 511
328 433
308 399
344 384
181 333
454 510
128 572
273 592
268 486
86 114
286 537
83 152
338 451
131 329
314 479
232 273
298 448
493 596
178 444
209 574
15 113
73 414
175 289
272 449
280 458
522 576
126 322
167 423
39 272
488 553
266 341
363 369
133 231
499 577
177 423
238 488
2 369
94 124
77 556
235 326
132 392
362 507
260 462
233 370
329 516
371 499
99 169
163 265
21 56
80 312
80 295
371 535
100 162
342 510
370 572
150 160
94 236
497 541
154 187
46 131
111 437
23 558
449 562
167 204
81 502
19 25
487 577
260 545
9 178
209 592
21 465
341 576
5 55
196 592
58 409
21 164
78 209
312 521
156 191
118 346
105 135
72 343
243 283
447 567
267 417
300 431
166 478
302 342
100 513
119 158
144 242
148 529
68 509
426 429
108 406
493 544
411 559
199 201
14 407
515 583
555 560
141 147
41 594
239 437
23 332
65 213
183 210
385 534
17 400
50 242
394 434
296 597
113 149
174 433
304 323
3 326
269 364
157 407
239 310
148 212
11 139
35 571
4 546
290 509
325 351
147 469
47 463
172 534
378 451
228 567
427 564
524 586
73 124
474 500
139 437
123 209
440 536
294 445
382 479
420 561
196 197
251 302
112 277
75 194
301 512
62 570
184 564
322 598
402 447
179 543
114 364
210 514
45 154
297 577
155 327
130 471
16 396
241 447
295 420
513 599
264 352
230 236
396 457
16 313
352 388
120 159
149 492
39 352
166 578
241 255
232 270
191 274
121 192
301 345
242 555
30 503
425 587
215 533
239 469
43 374
97 594
283 368
23 275
346 446
96 168
119 303
64 577
496 583
261 474
142 482
142 374
400 507
283 418
23 245
420 471
186 452
200 244
86 364
331 488
86 190
70 482
53 459
178 464
99 263
26 355
145 514
213 481
76 317
99 491
63 176
250 412
72 459
33 405
205 387
64 499
324 342
15 232
448 480
324 581
212 431
179 263
73 253
12 523
313 396
400 454
202 234
262 538
283 330
22 126
68 212
7 352
77 95
69 551
461 575
289 391
338 403
172 599
288 361
187 189
2 489
189 478
549 579
106 151
162 599
289 410
447 498
271 498
356 536
4 137
141 175
117 220
348 556
30 38
45 569
162 511
97 164
129 343
287 365
302 324
369 489
88 288
231 274
362 421
20 385
262 400
18 510
377 480
79 193
7 485
444 502
189 569
135 161
179 404
82 512
5 581
101 541
51 147
23 439
399 529
22 322
91 453
118 536
103 371
548 587
315 486
275 388
446 544
397 528
261 396
243 368
169 389
1 411
398 543
90 272
79 343
74 582
482 576
95 556
115 321
112 436
63 463
146 289
257 440
150 251
196 273
71 568
104 425
330 418
107 287
411 443
106 336
30 372
227 405
46 305
433 455
242 279
374 389
212 433
38 580
214 341
27 418
18 216
177 438
340 557
256 430
44 322
443 447
29 210
209 598
362 400
169 491
40 322
366 396
36 453
110 381
450 580
174 593
30 580
322 571
32 526
46 516
96 322
220 239
148 572
124 414
238 331
193 459
281 335
166 349
67 528
267 555
193 229
5 591
266 398
196 259
180 521
377 438
47 115
135 533
417 587
440 544
424 499
170 535
67 267
72 193
166 335
150 324
215 355
49 375
73 492
123 125
3 69
353 517
162 513
25 127
508 530
183 487
212 379
96 466
7 573
110 542
406 462
422 546
228 447
413 483
160 415
289 292
413 565
60 561
138 520
235 314
54 525
260 432
411 464
13 48
194 462
109 538
277 436
404 576
497 506
119 133
205 230
234 285
43 494
435 586
236 320
169 305
58 191
148 270
67 153
84 379
198 419
61 123
33 436
121 580
514 522
26 50
220 310
136 398
345 371
581 591
35 96
320 575
103 195
256 553
317 350
160 216
334 531
334 409
77 205
161 551
1 559
288 369
505 531
10 147
151 486
45 476
88 369
192 493
10 37
90 291
217 380
139 299
233 271
195 371
25 53
10 175
42 442
135 391
407 585
391 484
362 538
416 488
66 434
25 57
227 545
181 373
70 413
39 264
10 51
61 470
309 385
19 223
223 474
177 480
73 549
133 394
332 542
73 234
49 137
140 234
298 377
212 509
131 305
114 269
211 214
90 381
340 446
89 523
173 216
359 596
256 261
79 185
187 556
105 504
280 590
514 576
244 534
176 311
60 595
392 422
48 490
287 507
198 303
156 278
200 434
437 469
118 440
16 168
298 480
319 490
121 246
385 582
178 401
544 596
444 451
349 578
287 430
102 278
38 368
26 175
347 473
312 341
139 239
257 346
392 546
166 185
165 567
81 351
250 373
482 522
186 491
163 307
349 527
412 523
326 537
24 117
443 565
165 323
401 502
365 430
395 530
82 301
274 505
68 431
29 561
160 333
304 494
407 476
239 383
90 221
1 464
250 333
130 312
195 522
214 557
171 556
143 567
352 424
1 451
93 323
192 450
408 438
259 325
314 410
180 312
230 590
197 378
500 553
214 312
83 453
202 285
157 250
135 504
116 539
52 248
145 195
0 537
315 339
262 591
67 384
394 532
39 388
146 147
201 516
37 54
376 503
36 389
196 403
71 419
105 277
345 392
136 266
40 459
140 285
183 297
128 495
91 131
232 593
370 529
132 512
435 524
169 266
15 593
212 328
356 440
390 584
165 508
375 562
66 515
252 303
173 302
225 272
225 268
309 460
455 599
40 598
503 594
248 547
23 101
207 364
92 555
137 466
249 293
203 435
120 205
271 529
17 360
268 272
261 287
360 454
9 170
134 353
263 452
102 133
11 437
75 163
115 380
259 351
102 231
238 597
27 298
72 89
382 551
502 550
37 93
133 158
450 520
276 323
92 242
287 354
4 562
224 483
44 571
118 557
19 168
76 164
7 240
7 363
518 525
386 591
292 410
345 367
148 328
227 432
452 482
309 582
50 175
213 460
106 248
118 340
34 434
147 175
546 562
99 266
194 432
406 555
219 395
82 345
468 501
283 319
161 479
508 525
91 329
379 393
372 408
401 550
361 595
21 85
163 445
38 246
157 218
241 411
115 509
89 390
404 543
138 580
188 392
262 510
220 442
357 534
363 424
155 356
33 227
185 229
166 229
84 380
102 244
142 452
206 336
46 169
72 284
208 414
36 305
415 539
238 553
88 164
1 495
160 251
27 283
188 351
210 576
37 397
225 467
180 295
323 518
67 397
384 501
115 217
140 455
290 481
412 526
8 537
45 171
255 495
3 382
190 282
31 161
39 562
129 185
340 521
206 225
31 456
176 213
44 196
73 202
221 315
125 349
481 588
67 279
59 429
15 273
237 420
191 531
157 333
206 467
421 547
38 319
38 408
27 377
58 473
37 111
287 353
237 563
316 443
342 581
166 208
71 254
385 589
302 510
97 237
180 192
247 328
399 425
55 109
69 382
47 176
186 374
254 419
228 413
77 568
417 441
28 277
222 390
129 478
337 436
374 567
124 208
13 493
195 482
141 289
219 530
464 559
344 402
61 209
151 248
98 280
458 590
108 462
30 408
60 288
374 452
174 247
0 8
309 599
14 476
258 427
294 429
561 595
6 336
284 318
93 111
330 490
25 296
265 307
416 430
471 552
285 579
25 223
308 402
136 576
519 544
237 376
119 274
269 409
4 375
556 585
280 575
264 562
294 564
250 523
58 156
283 408
445 161 29 144 472 4 406 148 198 462 399 436 382 522 180 511 133 530 198 589 540 435 486 79 111 501 426 466 2 153 483 391 272 122 371 421 390 332 401 373 89 92 283 255 24 228 396 451 9 335 28 139 589 597 37 562 489 75 243 419 373 16 225 594 587 91 451 72 164 551 196 556 379 444 19 278 216 222 156 175 433 513 352 586 202 584 256 178 389 588 490 514 309 583 460 565 339 431 32 88 136 302 12 440 305 206 120 99 66 69 381 72 410 566 2 490 223 34 53 37 36 400 583 22 439 164 72 367 395 127 48 184 353 146 161 432 365 45 423 414 222 48 524 495 314 204 194 433 371 584 562 104 440 364 320 465 11 468 592 98 393 462 107 125 399 519 26 318 522 331 466 55 22 132 341 241 214 565 189 528 558 471 447 87 350 384 358 451 447 54 485 238 468 559 142 433 414 377 591 312 389 536 592 215 491 344 348 202 112 63 72 379 253 198 514 527 279 78 354 453 234 16 541 453 101 158 122 384 576 246 442 516 163 596 466 434 387 546 28 214 84 243 518 598 596 11 524 420 447 308 37 465 351 434 415 435 433 396 477 541 288 96 336 520 425 194 187 5 275 158 421 335 90 401 370 566 588 134 491 193 458 537 535 282 35 17 36 124 151 394 260 535 140 74 537 127 461 321 76 105 539 262 195 153 241 359 54 41 326 508 593 380 563 168 206 415 296 310 509 593 111 344 223 165 486 173 577 0 321 361 201 119 418 424 66 512 153 281 13 257 317 279 497 374 271 208 458 179 279 70 25 22 14 124 427 302 583 167 128 425 283 588 383 409 473 591 39 59 200 99 327 367 80 467 132 447 261 402 342 32 302 594 470 553 326 458 539 400 509 222 156 446 548 349 188 461 491 310 336 459 147 24 573 435 206 191 163 315 202 307 69 378 141 530 332 159 506 315 177 384 190 576 114 381 511 504 361 193 110 144 561 497 371 408 493 393 493 442 346 164 197 300 142 95 569 553 528 469 195 77 493 566 382 60 291 419 176 556 516 183 118 402 569 106 89 19 491 293 385 300 18 47 489 355 104 369 450 150 233 314 507 591 197 202 510 108 156 171 448 262 126 295 222 516 37 387 536 190 143 296 53 73 539 304 291 413 36 481 221 284 192 88 434 595 591 150 243 192 54 440 329 569 460 519 447 439 297 41 556 209 310 586 259 91 455 574 204 115 294 84 354 594 5 315 396 367 315 355 456 112 342 242 51 47 177 2 532 222 2 487 515 168 529 584 181 32 423 368 115 82 290 222 102 101 441 221 119 472 5 590 106 337 313 473 529 437 423 324 109 559 349 184 305 571 142 152 565 50 503 250
968 215
507 464
665 786
974 95
460 762
51 982
330 934
607 866
978 189
572 603
810 225
932 365
87 734
960 719
65 551
368 415
349 766
173 884
94 812
327 734
248 144
747 917
323 675
624 956
973 326
281 672
747 131
977 938
744 17
727 709
875 843
908 34
130 577
670 41
86 127
415 651
821 437
763 291
913 844
515 861
327 580
791 885
994 376
751 432
376 552
84 486
873 490
466 191
983 805
395 774
762 171
803 285
276 971
285 605
749 314
81 996
690 989
343 690
187 47
420 7
711 786
309 431
104 261
521 133
611 745
423 163
61 174
671 231
392 273
977 11
644 492
9 300
194 588
292 366
303 117
513 46
789 914
55 370
311 547
191 544
820 695
509 621
523 669
892 407
479 262
703 915
253 11
80 248
714 858
168 649
500 896
939 424
671 103
813 352
159 397
33 395
389 684
772 841
182 261
772 548
215 271
679 903
130 114
621 685
555 247
860 9
303 929
225 800
555 85
134 975
510 965
829 324
787 51
332 419
243 36
427 231
127 837
999 290
908 595
63 63
30 326
927 777
138 740
272 456
205 387
287 479
363 651
315 646
443 425
150 521
785 686
894 475
469 626
68 103
309 827
844 51
767 622
423 744
868 799
923 323
312 281
839 182
664 524
678 443
746 88
657 643
860 214
835 236
484 354
316 389
11 840
366 974
974 432
613 229
102 456
982 516
176 80
13 628
99 47
54 343
7 760
879 53
209 238
488 52
745 877
733 388
203 483
861 970
374 730
809 528
614 608
56 442
273 219
71 824
356 360
796 185
441 114
876 991
562 547
707 559
896 714
46 679
991 240
686 713
362 36
190 514
720 496
109 414
447 679
136 483
310 26
147 48
921 739
226 568
533 22
642 615
411 502
439 499
1 167
922 560
140 164
929 527
282 327
767 988
875 928
55 297
406 896
297 84
210 418
322 474
727 671
852 509
446 309
395 141
848 601
811 81
62 786
453 259
34 590
702 278
969 294
465 920
108 634
290 710
639 580
440 875
107 533
636 26
643 435
221 524
127 311
122 70
410 384
535 388
307 322
951 190
124 371
787 803
204 691
938 291
612 901
579 427
712 135
937 895
172 188
636 919
956 792
395 350
298 999
563 703
59 621
42 812
7 23
249 336
32 269
558 407
206 769
965 595
405 97
423 558
607 81
248 786
116 927
736 543
507 816
504 95
807 582
629 176
442 906
225 70
438 361
557 356
474 869
417 414
82 21
577 952
824 412
784 14
158 112
687 163
193 290
182 419
339 13
979 896
203 624
287 280
996 114
232 871
734 823
862 150
368 203
497 928
890 184
544 731
386 78
814 755
256 654
661 758
956 972
909 355
363 275
499 676
59 852
35 85
752 457
872 457
592 245
527 70
540 302
299 200
941 256
474 83
865 679
366 812
926 153
441 931
635 409
819 904
228 631
946 833
157 338
445 148
369 621
799 390
26 863
453 570
975 145
975 472
431 336
925 458
998 876
162 696
566 991
10 687
184 10
182 456
358 879
701 29
461 512
459 962
876 642
810 646
75 886
153 609
671 279
520 696
934 615
195 147
2 457
240 489
869 886
441 621
568 867
255 844
250 898
770 120
1000 543
134 208
390 839
973 745
190 855
761 789
156 961
633 796
275 42
182 826
307 753
505 725
950 867
675 836
504 386
589 682
889 901
73 669
716 460
432 817
795 827
932 950
473 467
479 318
473 233
535 933
966 59
897 231
613 280
262 196
28 938
60 271
575 908
804 468
138 638
892 122
477 700
469 291
54 126
724 298
327 781
714 239
773 580
528 280
169 929
538 583
595 308
445 533
726 590
677 1
566 128
43 564
927 918
214 26
926 198
553 458
70 579
616 526
234 438
74 758
168 793
589 204
995 918
28 210
776 769
227 941
439 703
829 999
580 788
522 251
390 18
326 90
268 946
407 40
194 801
381 297
584 32
390 321
95 173
776 960
753 47
879 342
896 970
603 932
983 568
592 158
955 348
599 453
527 554
444 59
924 663
642 371
970 995
444 840
887 763
486 545
695 499
878 429
154 837
355 313
946 4
293 775
159 312
280 571
345 186
171 361
557 55
510 158
567 515
728 973
413 707
419 854
568 305
886 275
273 404
772 711
23 47
183 118
244 756
258 551
65 512
682 931
164 476
919 94
917 999
398 170
678 572
603 584
805 134
635 825
393 963
665 685
187 744
689 808
992 835
768 521
327 353
961 685
770 415
499 437
112 192
661 865
583 396
583 742
250 710
576 270
512 574
839 821
880 27
119 2
634 856
221 905
688 356
386 241
114 880
153 234
495 643
239 253
700 659
58 208
881 520
292 881
773 327
987 678
851 772
890 680
680 621
97 662
840 928
733 345
101 578
263 525
681 256
512 361
703 326
144 7
28 166
836 82
181 212
592 644
971 540
993 168
92 942
143 772
93 381
641 882
481 996
741 614
992 653
623 54
490 745
243 993
544 164
216 335
542 611
935 55
757 686
216 732
785 499
658 150
71 410
889 552
619 997
540 481
639 79
745 735
488 836
823 801
352 73
590 543
700 887
691 397
31 362
111 489
128 233
405 589
464 401
583 840
312 502
201 362
725 636
613 710
236 463
258 310
901 799
7 911
301 169
82 216
117 606
25 482
822 953
522 196
417 193
254 107
136 273
58 949
354 464
365 389
811 863
737 779
985 720
230 680
351 537
290 254
