600 1095 600 862 13
9 10
204 584
77 467
104 160
130 498
174 306
41 198
162 351
23 163
152 369
13 467
70 492
469 488
439 449
264 538
90 542
308 395
187 483
120 125
215 441
336 577
149 539
48 124
123 289
187 587
403 566
392 516
279 575
416 549
46 592
239 416
430 591
210 240
351 439
179 281
14 595
233 419
193 288
105 175
9 303
20 152
271 583
26 324
377 589
258 464
42 552
238 491
128 176
98 441
41 581
56 305
359 445
57 420
138 174
267 441
165 524
213 326
96 578
524 568
149 153
73 335
265 380
265 313
64 241
79 431
304 580
387 467
363 365
237 278
50 346
44 489
340 483
115 304
218 282
13 28
100 250
134 315
133 400
275 304
355 382
191 583
449 451
17 497
411 599
500 551
218 250
316 512
80 172
247 533
67 95
197 210
178 598
422 502
167 385
30 346
38 178
278 562
169 391
53 228
163 402
223 359
146 193
376 588
59 498
111 409
6 135
178 400
79 159
148 370
277 417
65 354
102 589
151 208
148 582
87 571
29 113
172 569
156 555
55 452
17 33
196 399
309 485
325 385
299 562
142 408
213 494
319 366
42 563
274 577
405 537
449 556
243 518
299 446
159 181
255 326
135 249
339 425
81 222
83 395
200 449
156 332
111 495
224 588
63 388
318 479
376 497
44 83
12 357
276 514
334 530
276 325
5 191
261 345
69 235
206 532
123 234
190 296
217 277
67 525
103 110
187 454
94 313
257 333
8 145
61 382
129 184
22 118
361 364
37 321
177 490
237 398
117 428
15 443
324 505
452 453
399 560
128 166
99 210
140 446
435 576
249 511
461 480
177 389
269 438
18 357
492 544
128 477
149 397
50 374
340 454
59 253
95 427
102 249
4 357
224 526
79 521
170 518
260 377
11 526
132 304
199 373
14 351
423 564
275 490
201 482
246 311
15 244
110 225
9 251
381 398
377 414
55 214
90 502
298 419
68 553
25 109
326 396
214 257
426 505
167 325
218 540
373 540
215 587
42 62
365 457
4 12
59 329
166 350
147 432
131 476
285 302
123 194
76 360
81 564
120 234
265 433
157 540
52 255
268 279
200 292
25 56
27 116
334 541
387 489
454 587
170 316
136 507
5 57
376 526
401 557
103 274
208 574
431 521
331 404
133 444
21 161
234 379
222 349
323 362
41 420
263 347
133 565
112 321
314 577
7 28
33 228
49 318
377 550
377 534
210 463
90 205
139 387
14 207
18 389
167 278
351 491
45 48
264 293
260 550
20 560
57 191
122 287
0 354
54 437
520 563
141 504
341 508
59 113
112 133
504 597
36 105
56 157
110 336
297 527
170 441
359 440
39 215
65 330
303 499
293 309
266 555
282 555
112 476
26 114
32 435
370 582
191 236
142 321
84 174
381 584
160 563
115 544
150 559
142 399
37 112
470 510
227 365
205 497
195 446
158 251
181 283
245 276
149 455
36 443
370 374
73 506
26 553
18 151
501 540
288 375
25 305
174 484
47 264
43 548
356 451
240 398
51 65
433 473
58 515
154 537
239 466
263 370
101 206
311 559
132 544
338 538
440 452
75 533
101 580
284 473
192 261
109 294
71 308
26 460
107 389
579 583
6 145
211 241
415 511
113 498
378 416
159 300
189 405
178 371
134 406
386 596
333 463
247 464
40 314
300 430
403 527
63 207
360 508
317 369
36 537
160 163
162 204
242 312
98 137
350 592
275 337
302 581
110 274
42 528
159 283
24 207
360 434
309 459
480 540
72 224
202 507
216 533
266 472
58 461
290 368
367 371
268 368
190 593
462 566
199 250
10 293
59 297
435 575
348 398
301 435
414 589
433 526
5 249
198 202
69 315
77 387
252 253
150 307
127 154
74 373
173 485
154 189
91 407
541 546
114 460
254 281
361 555
51 91
255 494
313 455
456 457
295 311
279 485
382 407
154 405
52 474
37 478
277 536
257 547
121 303
44 71
193 466
50 241
110 247
312 488
28 522
172 408
333 445
102 236
23 186
51 330
221 594
133 280
175 312
442 486
62 150
342 539
94 592
310 453
84 277
90 532
39 316
541 576
332 364
491 498
394 554
151 389
270 332
88 287
546 576
103 225
225 429
256 479
232 290
209 549
280 426
170 392
196 321
486 502
162 207
36 340
348 411
14 238
98 104
403 430
160 413
58 568
5 269
66 548
211 549
126 141
39 187
271 456
60 220
245 514
482 490
107 177
242 303
266 361
303 503
144 409
76 508
469 510
293 478
296 593
159 430
135 511
213 232
229 438
127 587
32 264
108 120
96 595
151 574
100 523
425 551
28 298
145 249
305 542
15 303
106 372
334 546
465 536
108 531
7 328
80 244
262 282
385 446
64 475
24 237
121 242
178 327
432 561
155 423
89 130
30 349
77 489
71 139
70 177
442 482
96 551
229 507
233 387
29 259
349 553
74 199
315 374
39 587
230 256
115 490
5 102
100 171
188 474
146 496
312 443
170 358
286 577
92 168
284 471
124 547
30 222
138 327
61 267
63 446
275 442
58 157
228 248
114 324
477 579
264 334
77 364
163 563
167 514
236 583
166 248
108 450
163 186
430 527
356 491
110 203
178 367
403 591
155 564
313 380
337 486
168 353
199 218
316 358
120 450
123 301
418 566
391 404
345 474
213 255
353 596
61 436
230 479
119 245
474 499
191 271
476 478
100 218
333 424
42 104
35 536
91 418
34 46
502 532
101 305
448 474
52 396
24 381
455 543
337 442
397 487
50 190
124 214
206 542
259 566
14 253
257 463
113 297
130 585
271 457
170 215
87 558
409 458
232 326
127 164
3 478
220 439
181 329
254 500
22 515
161 330
316 598
168 513
19 596
31 224
47 293
458 552
152 483
160 402
118 404
58 373
205 421
260 487
270 364
308 542
383 507
93 190
129 565
49 375
108 234
157 341
139 233
54 153
51 355
89 498
96 253
144 597
218 262
144 353
155 416
239 519
440 445
132 434
128 320
334 478
209 475
236 589
339 362
280 476
155 378
125 450
157 480
326 368
3 293
21 300
144 183
7 298
384 477
63 96
0 436
85 375
251 499
183 292
15 80
234 289
122 383
168 393
269 420
34 550
156 523
288 475
129 400
139 421
311 332
121 499
113 130
98 344
136 198
143 364
147 415
89 451
451 504
93 217
91 330
248 473
28 513
32 575
200 352
210 383
315 370
69 134
146 410
265 284
180 496
60 449
287 438
253 595
79 134
332 488
3 10
7 168
162 381
172 369
281 500
143 311
2 531
53 526
2 95
34 414
83 294
35 190
143 332
400 401
487 534
164 307
104 164
516 548
172 503
590 599
75 389
356 449
76 101
230 521
426 565
145 269
201 442
291 460
360 580
421 586
39 483
298 522
28 168
42 517
103 314
16 242
173 396
212 534
393 552
415 589
478 530
176 320
495 597
219 358
454 537
459 485
9 499
225 247
46 589
66 354
482 573
243 392
3 142
367 400
38 174
148 330
181 425
30 81
24 162
321 557
418 591
78 280
78 133
60 226
12 574
140 500
16 121
6 432
11 342
86 123
119 223
149 313
7 386
203 357
387 522
132 182
40 221
231 597
448 529
91 161
365 456
398 514
116 407
427 447
40 437
138 358
552 572
571 572
153 397
379 447
33 176
266 489
169 331
219 327
188 494
90 308
18 75
210 245
216 389
55 333
180 193
455 487
29 566
196 367
126 186
11 72
1 30
54 539
16 171
174 570
127 150
135 145
87 366
383 599
503 569
248 493
175 488
543 550
167 398
390 518
155 239
372 411
192 499
206 305
159 425
73 348
116 418
169 494
240 590
258 442
434 508
31 72
203 577
40 54
328 477
235 318
308 421
201 533
183 227
397 455
163 520
17 586
400 565
2 108
35 465
296 354
27 413
520 528
258 412
223 276
169 428
86 575
418 462
72 429
0 65
350 471
214 453
156 488
213 331
185 304
73 372
202 420
0 66
175 189
92 552
53 493
33 586
13 366
513 572
193 209
235 567
181 297
335 506
127 454
150 189
122 210
324 484
140 388
265 473
37 476
306 505
147 535
320 419
310 452
134 521
49 410
243 390
235 479
422 486
157 515
27 407
510 523
487 543
21 347
44 266
274 336
240 245
465 548
74 171
281 323
306 484
171 470
322 406
159 322
355 407
294 472
15 242
109 542
143 558
82 88
566 591
459 529
83 308
0 61
148 374
124 561
286 574
215 512
156 361
380 539
9 172
234 531
53 376
63 195
364 467
362 431
29 126
302 352
136 411
335 439
171 261
101 185
241 509
289 379
69 567
472 555
140 578
275 482
173 448
81 378
223 468
47 279
388 578
86 435
170 512
74 345
272 376
356 556
101 304
129 426
488 510
77 266
295 558
373 461
13 319
124 257
37 142
317 483
258 272
258 422
407 418
438 507
268 396
528 552
227 302
465 593
242 510
295 572
76 305
130 141
27 61
138 536
278 481
348 584
177 216
117 345
171 345
7 320
404 568
56 540
240 599
335 584
106 411
57 363
372 506
81 553
347 582
210 424
96 97
118 434
150 295
96 329
244 317
19 183
72 221
15 569
48 547
279 309
216 573
141 597
136 202
104 413
321 401
60 439
306 570
46 414
61 392
113 403
320 477
227 352
182 304
32 538
20 316
158 459
256 521
332 361
31 258
0 51
31 588
87 513
105 537
310 440
149 380
46 343
1 549
367 557
226 506
169 545
144 292
22 434
259 462
44 294
11 224
306 554
350 579
451 556
8 432
125 279
287 383
115 275
226 581
302 365
32 279
106 226
373 568
36 244
554 570
271 477
62 307
268 525
190 346
221 342
131 478
328 386
185 532
131 546
432 535
296 374
1 211
239 273
204 335
131 334
89 141
299 385
94 265
146 288
152 317
8 438
280 565
188 545
27 344
31 247
348 590
197 333
511 589
111 231
91 300
80 518 135 238 597 280 479 507 365 379 7 101 335 116 265 263 281 217 20 449 25 73 346 214 194 144 569 403 106 290 123 546 344 125 282 408 264 494 528 418 398 279 502 108 388 220 480 62 127 180 271 216 232 215 479 368 547 332 557 187 92 398 593 57 105 296 153 75 136 32 21 522 169 443 13 320 574 545 80 475 280 327 379 446 243 251 299 367 189 43 435 362 508 423 352 225 231 79 158 441 77 156 409 217 114 186 232 490 585 135 126 342 176 374 523 368 340 351 382 354 71 501 99 384 214 86 464 374 96 93 191 25 366 46 332 55 307 549 83 276 458 346 537 317 404 300 449 315 175 84 12 447 99 332 479 329 349 549 45 206 285 413 360 431 197 454 533 478 6 323 178 300 235 437 40 452 309 259 272 159 86 82 45 105 563 10 198 141 432 203 409 372 147 125 294 190 407 278 443 359 123 233 454 187 86 213 449 190 80 91 61 491 422 388 317 539 43 436 298 205 53 123 566 425 530 564 6 166 142 50 97 198 398 546 136 452 161 249 574 444 566 7 25 266 94 116 469 178 493 361 450 545 462 236 127 543 178 84 517 39 458 11 206 118 243 412 308 70 36 400 247 324 570 19 328 391 76 108 470 591 473 230 492 265 209 526 129 305 35 81 427 424 388 150 345 164 312 23 147 350 167 119 53 467 290 391 223 436 139 140 231 89 465 273 13 24 180 456 26 52 89 241 77 549 264 172 588 520 221 180 84 206 181 518 39 27 321 556 105 244 63 335 38 460 81 440 401 526 134 109 430 163 83 358 525 295 444 593 57 231 265 597 126 78 569 241 587 502 144 138 421 477 70 15 400 332 203 180 560 213 340 484 370 52 71 520 188 421 317 161 16 230 306 270 24 248 305 94 136 66 392 522 466 64 265 125 185 22 227 67 162 9 243 463 352 578 225 307 448 139 91 513 554 597 293 498 548 206 215 102 33 12 116 507 499 57 555 458 315 556 522 128 115 301 197 24 244 213 480 74 295 543 152 448 562 441 370 88 48 173 488 430 7 264 112 194 492 489 508 180 457 516 549 89 2 328 197 41 145 594 292 296 492 134 73 431 539 438 469 295 161 378 228 244 463 409 252 561 97 376 371 147 190 119 206 566 395 228 583 249 155 241 437 35 111 169 226 549 509 217 569 240 467 95 329 14 164 411 277 535 517 578 380 466 578 129 191 79 178 500 273 279 221 104 70 69 479 461 2 138 134 115 382 140 226 21 476 8 97 505 314 359 573 404 477 295 384 548 112 524 463 363 237 109 345 527 484 446 205 227 573 420 463 432 352 178 464 394 19 66 476 28 51 165 539 457 385 264 330 46
705 696
866 805
909 16
848 306
28 110
139 633
53 624
352 440
72 687
761 281
818 270
160 297
16 82
418 367
366 863
711 328
642 228
293 316
97 71
306 585
773 464
641 831
426 22
514 645
304 905
449 146
989 667
621 643
399 420
499 734
911 766
177 227
911 218
316 358
125 475
816 701
671 386
869 351
872 522
707 504
45 270
209 667
529 532
765 643
423 249
23 748
147 516
872 228
30 792
810 983
805 787
673 734
738 109
224 343
47 306
46 923
482 132
214 621
524 54
468 812
300 715
701 646
516 505
404 925
856 906
704 748
763 704
829 67
967 702
771 909
168 17
370 263
150 260
241 783
592 110
110 100
368 75
434 304
985 392
665 907
736 347
1000 793
75 740
387 201
901 653
846 934
965 166
459 421
84 776
414 759
314 204
615 730
451 488
848 746
135 442
875 30
460 910
421 953
645 557
101 805
567 197
338 119
148 581
49 237
588 531
634 377
220 736
114 16
901 74
419 169
116 171
454 597
918 376
488 777
967 640
226 49
589 672
620 119
471 1
158 949
908 129
685 210
131 812
988 126
5 827
877 150
488 700
620 472
292 460
958 511
470 751
928 312
344 3
958 430
720 916
69 597
189 734
645 526
836 592
355 305
477 997
433 715
816 350
480 354
366 573
98 633
911 989
10 595
724 779
20 380
558 451
63 20
742 417
0 330
633 437
954 849
563 293
432 81
787 227
613 893
564 575
643 787
331 855
545 615
604 496
587 54
224 454
263 956
385 458
649 57
756 558
611 179
766 322
808 152
878 577
578 390
261 408
163 81
863 491
530 938
945 969
519 867
265 35
338 574
954 546
309 117
557 660
696 467
705 113
584 432
805 748
206 591
699 161
929 932
943 143
362 938
809 407
111 906
207 708
562 144
366 671
190 152
166 690
67 132
313 824
292 251
348 153
356 894
32 33
894 891
143 854
846 868
6 552
735 26
24 904
673 528
138 100
886 724
521 179
813 539
287 742
99 286
949 754
160 994
184 260
96 222
262 707
339 602
260 343
131 703
686 976
403 585
839 17
344 354
953 98
742 951
190 564
273 909
393 836
971 880
190 882
808 849
661 265
770 599
701 359
149 904
550 372
136 198
223 402
120 594
550 170
763 208
435 824
451 862
505 1000
739 75
710 951
28 867
221 187
532 704
56 480
667 167
474 181
685 831
907 247
149 363
472 263
696 591
847 143
136 663
498 329
238 517
262 222
998 853
28 195
242 92
186 945
913 703
302 935
880 185
1000 447
553 972
524 214
559 862
161 407
326 690
0 38
124 774
892 956
999 41
808 43
940 687
357 629
869 261
444 194
522 446
775 776
521 827
341 407
283 980
602 787
991 184
289 654
709 248
289 61
392 129
929 560
562 509
348 233
836 214
38 989
523 385
638 322
79 413
11 242
733 873
751 516
716 391
773 992
417 397
313 429
862 384
675 865
585 995
987 609
193 985
776 26
842 535
339 501
490 879
678 770
670 0
530 332
74 904
922 281
292 785
21 165
276 109
976 266
563 929
687 412
426 53
148 331
177 525
672 624
668 136
837 799
667 809
247 835
937 720
186 492
338 806
332 654
405 533
741 739
653 712
362 762
74 98
790 556
122 958
346 31
502 283
607 957
250 639
475 311
280 612
446 376
838 451
808 90
763 364
731 820
825 476
211 766
568 90
769 825
840 983
230 288
65 508
914 808
967 19
106 374
285 867
658 684
170 814
266 542
250 988
364 480
404 336
401 989
116 48
799 635
609 5
737 606
432 522
932 487
395 248
766 98
3 441
239 893
786 390
945 462
899 433
597 617
530 768
562 2
616 410
701 890
621 698
802 303
424 566
872 996
200 793
232 222
602 587
115 507
76 538
917 856
870 608
571 721
307 396
173 655
342 263
259 184
935 828
91 869
618 929
986 515
867 2
653 107
148 224
566 812
652 973
16 700
174 345
389 2
994 214
686 672
6 294
105 735
330 748
86 979
671 575
246 133
668 345
946 383
83 934
357 987
936 4
757 144
352 703
874 111
390 712
48 956
0 971
656 461
38 428
266 581
239 608
465 549
790 184
938 643
532 81
561 694
58 816
164 183
789 679
963 915
446 341
132 985
607 300
612 221
168 449
454 221
189 394
726 150
883 927
973 346
291 507
879 320
725 988
499 73
331 919
199 114
719 437
951 608
828 185
265 156
22 485
581 326
414 280
193 71
375 796
192 43
214 372
706 57
461 646
995 992
272 279
454 787
710 189
506 960
500 155
287 181
728 281
397 670
973 581
258 752
160 741
389 51
799 928
603 270
105 568
728 538
425 461
206 921
500 7
732 652
556 547
797 585
975 944
505 598
690 928
390 386
573 243
619 63
869 60
202 314
514 798
492 566
739 181
886 292
933 60
317 169
144 157
38 528
27 644
830 669
649 406
958 238
62 336
520 127
951 281
368 175
38 456
236 10
677 66
956 317
34 834
752 674
890 843
89 474
505 913
479 516
986 724
912 520
500 255
361 733
858 428
484 399
549 414
787 434
8 774
314 971
525 566
960 815
991 478
542 734
781 953
565 36
738 312
891 547
492 446
463 459
166 113
50 65
939 179
993 316
13 135
463 951
253 493
342 64
266 676
695 797
208 519
284 837
441 742
325 301
671 494
205 234
105 535
225 853
559 780
154 476
777 731
123 246
415 898
315 541
397 621
809 507
177 846
