600 1553 600 867 15
401 415
122 399
103 198
152 547
311 432
10 558
230 488
138 229
91 538
405 591
217 447
156 230
46 473
251 297
458 495
227 345
146 550
77 528
91 521
69 393
242 372
0 227
193 470
26 224
420 496
375 550
133 204
259 466
61 518
348 592
172 256
192 363
432 558
82 396
205 288
224 326
52 355
38 59
104 178
414 580
462 473
67 235
313 484
35 89
20 244
206 295
358 370
195 381
41 259
127 375
328 377
382 422
16 171
59 336
456 502
296 451
300 395
127 474
241 333
369 559
365 449
247 473
101 306
41 54
250 556
282 361
194 403
115 385
462 576
106 267
23 302
83 564
272 592
534 592
477 565
156 468
165 218
477 511
374 546
216 494
45 464
325 520
282 497
116 275
266 588
423 495
245 524
58 395
44 570
324 439
552 575
156 359
46 596
433 540
45 186
252 359
169 498
240 583
286 338
119 185
38 568
17 592
424 450
39 549
96 493
329 494
225 519
251 261
97 362
323 451
94 294
11 21
57 479
376 590
99 536
72 458
219 453
176 514
189 244
13 275
246 580
245 582
540 584
269 522
92 231
342 370
75 146
12 74
439 445
153 276
122 267
47 49
91 492
226 539
229 574
125 436
127 146
528 535
454 510
162 191
95 397
177 276
63 438
44 158
198 493
283 443
72 119
227 435
319 353
82 340
228 471
145 473
114 509
32 210
214 376
30 484
33 461
205 296
35 396
38 193
284 287
106 512
28 185
464 523
6 509
30 263
145 367
78 225
201 489
385 416
71 74
214 511
368 491
228 335
298 413
228 264
355 576
129 241
46 576
344 596
287 312
456 550
285 493
55 505
312 413
97 449
63 236
362 481
56 525
569 587
48 274
89 569
209 321
182 350
415 560
312 536
171 186
8 109
291 499
302 498
438 541
508 533
556 564
450 480
288 521
221 398
304 544
310 458
15 133
74 513
8 426
95 274
25 367
367 537
144 402
62 141
446 449
155 362
394 516
301 452
312 476
77 404
355 454
56 73
248 546
468 580
316 364
25 86
9 410
161 475
253 311
20 175
275 303
213 484
165 460
343 516
134 169
161 484
140 445
270 579
278 549
4 45
101 358
398 405
194 386
80 351
77 506
270 371
273 482
202 594
169 530
70 267
139 220
283 457
199 324
148 454
71 203
51 547
263 493
11 469
88 372
54 466
289 553
207 398
42 542
98 512
92 206
305 428
9 251
233 415
89 179
42 96
63 178
276 421
15 527
230 246
465 486
115 416
155 449
415 508
13 116
370 549
15 319
433 522
113 393
283 560
28 242
280 486
86 367
164 254
8 280
11 139
430 484
313 508
369 477
302 562
490 557
136 269
62 110
315 457
174 320
149 353
213 313
172 482
434 599
274 594
33 207
40 419
411 567
475 484
409 539
343 394
215 463
417 550
323 412
473 576
136 157
567 585
260 323
340 452
300 431
7 163
343 577
436 520
53 234
81 124
63 320
512 522
262 381
8 593
435 558
331 471
11 355
91 350
279 401
94 265
496 516
122 536
105 582
280 284
184 430
72 242
255 395
128 571
261 368
230 575
51 147
34 387
118 158
324 442
88 300
100 279
159 216
171 390
176 187
488 575
156 316
118 542
60 262
95 387
318 408
11 65
279 315
4 31
197 427
562 567
235 499
87 311
167 300
62 482
223 567
75 101
382 455
16 310
36 466
163 469
54 259
340 573
375 456
23 498
3 92
124 341
344 356
253 362
182 382
3 273
345 553
171 447
208 431
280 518
150 551
266 520
65 163
189 472
205 351
102 516
39 342
149 545
115 539
228 519
194 378
362 461
272 591
212 334
577 598
275 328
198 290
255 403
463 466
69 113
46 356
53 588
291 561
57 568
292 329
461 481
60 381
159 238
153 336
143 286
135 584
147 157
195 204
85 223
454 462
123 144
44 118
24 391
18 560
202 315
236 267
432 512
406 520
222 577
223 286
69 264
418 474
113 570
107 577
269 357
214 383
361 411
161 578
30 184
27 461
347 427
177 395
147 497
239 346
70 174
140 304
28 363
511 565
339 559
138 555
445 496
328 437
172 586
98 106
35 243
278 529
40 448
73 525
243 396
126 154
132 348
114 234
309 548
537 589
91 422
13 100
472 598
110 347
453 599
292 478
53 277
145 247
109 486
181 288
261 491
232 268
84 366
367 490
348 430
81 373
79 357
51 157
53 125
59 568
110 141
65 355
18 578
270 373
259 514
272 348
120 495
510 540
263 534
170 250
218 392
334 570
301 419
3 482
33 94
476 478
64 433
16 425
311 384
318 579
0 98
212 228
14 97
20 222
303 328
123 367
127 418
130 382
281 391
22 460
231 374
76 322
236 320
485 535
369 565
441 594
115 562
91 526
76 257
112 211
105 381
289 448
73 564
195 575
248 295
39 507
172 237
73 589
342 394
60 107
321 361
12 58
354 595
459 538
332 366
492 538
470 568
76 244
52 426
65 469
328 533
85 183
164 319
88 543
302 305
162 178
266 325
53 266
309 361
54 176
33 265
487 563
214 590
200 253
142 540
335 519
413 478
76 189
314 341
219 487
398 591
105 324
236 541
286 562
239 441
72 513
133 381
105 439
442 503
402 500
0 558
406 581
89 351
155 446
42 78
145 402
50 406
174 227
262 496
104 351
458 513
352 501
99 287
223 547
132 328
126 153
308 577
56 500
96 519
310 390
345 558
42 591
375 460
20 322
131 459
376 477
5 552
394 480
527 581
60 496
453 563
377 508
258 544
80 296
46 247
303 573
339 376
172 489
473 548
109 280
231 546
476 541
15 254
55 199
291 500
27 558
117 178
58 255
446 501
178 320
10 553
198 335
177 400
285 290
148 282
284 465
81 566
304 494
31 45
255 372
343 496
97 384
97 155
499 561
345 351
221 352
42 221
229 555
450 472
337 529
130 325
350 514
216 240
268 540
64 512
257 414
353 545
43 458
30 475
97 253
191 442
247 356
77 330
219 498
53 182
84 434
355 462
91 131
260 451
415 457
289 351
296 412
249 326
50 520
27 87
63 117
26 94
42 263
180 470
69 487
3 129
440 445
154 171
359 383
93 95
385 539
439 442
157 327
164 545
191 517
378 407
135 136
66 140
51 585
26 294
322 414
70 320
105 199
37 400
262 582
79 572
216 444
19 188
168 252
20 488
14 449
29 510
460 502
181 538
11 281
332 471
190 299
259 350
175 189
135 147
24 360
265 467
130 422
32 271
176 206
258 329
467 528
150 532
118 221
326 330
199 503
114 182
87 253
416 567
18 443
33 352
218 502
63 541
112 156
126 203
136 522
181 412
118 334
189 515
187 380
35 569
84 599
371 373
314 354
21 139
46 65
321 416
253 481
269 512
74 194
417 549
24 108
318 566
22 218
553 558
395 543
115 409
186 447
251 410
57 470
32 201
120 425
192 495
216 304
365 501
207 265
2 532
156 383
69 212
392 544
56 235
16 120
47 436
0 70
63 238
216 442
64 399
271 307
293 361
173 263
50 112
144 367
299 304
129 215
91 382
211 376
65 596
100 401
278 417
198 471
344 557
330 554
476 536
93 274
55 451
257 468
1 460
10 532
401 457
410 418
240 292
506 554
278 456
66 304
196 540
190 507
210 279
477 559
226 302
142 426
151 203
342 507
295 546
325 527
169 453
4 479
0 432
489 573
71 151
416 561
90 172
31 258
45 465
26 150
240 494
287 523
90 273
437 554
412 451
2 10
287 399
379 587
75 550
250 595
15 105
420 507
56 341
57 460
174 345
246 468
73 83
49 436
312 523
386 403
23 169
27 94
211 339
21 355
194 513
80 451
3 141
396 569
102 342
298 329
99 122
305 365
385 561
94 535
183 449
288 538
30 430
35 68
161 213
128 468
249 419
78 118
186 486
164 581
399 433
316 552
317 491
19 128
153 203
176 379
111 569
467 535
330 528
52 454
313 377
55 191
220 425
21 426
400 431
104 162
282 584
159 240
112 376
323 538
159 442
109 593
337 507
434 530
232 399
408 530
575 597
256 574
25 145
171 310
155 352
104 174
134 226
145 309
55 538
111 587
69 563
358 424
160 442
91 288
375 502
313 504
27 481
463 509
7 166
86 247
292 494
341 564
499 500
216 439
187 514
204 381
184 592
288 412
441 555
18 213
404 467
39 278
82 243
239 347
148 196
115 302
89 448
419 452
284 518
420 445
90 92
275 508
249 448
308 598
325 422
248 463
109 171
77 554
43 495
93 387
125 369
389 514
85 338
195 597
55 503
255 378
1 251
265 405
72 403
242 403
366 599
103 285
303 437
131 325
13 271
218 258
301 326
20 429
34 457
58 177
223 562
50 339
141 241
371 579
356 490
116 271
30 173
78 212
51 497
456 529
505 538
389 526
110 241
378 403
107 597
24 163
396 586
15 381
29 196
330 573
59 368
29 148
372 543
457 560
31 464
325 581
111 379
48 594
112 545
245 440
197 347
107 381
184 534
1 57
154 180
430 592
187 521
502 529
331 332
37 431
125 277
194 407
74 151
187 587
271 275
67 226
49 369
120 310
230 580
142 268
59 261
148 361
442 517
85 286
171 486
96 225
434 579
137 373
352 398
426 593
402 589
150 289
175 222
478 541
232 433
252 511
183 365
131 422
234 277
365 428
154 390
158 501
36 206
147 584
293 411
52 142
55 160
123 537
5 545
75 417
437 506
27 532
108 192
169 219
78 542
104 451
164 406
15 459
89 205
494 544
38 336
59 153
311 558
31 479
314 373
67 566
66 420
400 474
278 337
76 414
305 570
324 503
440 496
55 162
62 347
557 596
35 40
99 399
187 389
26 535
32 229
14 327
204 353
401 508
115 567
15 199
289 345
103 290
333 346
20 575
28 119
9 491
38 180
312 478
149 204
52 510
8 268
348 506
338 428
245 262
264 471
420 516
66 299
263 285
53 455
179 569
111 396
135 522
145 209
61 284
182 455
276 368
459 505
209 309
157 547
209 402
0 483
270 354
497 585
281 360
321 411
294 532
555 594
149 552
437 573
315 401
354 373
171 217
263 591
43 72
388 425
443 560
83 556
340 586
357 512
272 467
158 352
453 487
188 252
97 327
393 570
173 290
149 195
133 353
348 404
371 566
226 499
554 573
214 477
478 583
179 587
339 477
348 467
6 277
164 353
257 580
326 448
31 413
81 314
153 180
83 537
541 583
293 497
360 391
101 417
284 523
169 226
112 406
5 156
122 541
452 573
258 298
26 532
184 263
108 363
192 281
66 507
64 522
238 583
32 574
94 461
38 470
38 153
207 405
121 244
322 488
202 397
124 314
148 462
37 300
58 74
79 157
12 177
17 348
340 489
144 145
264 563
61 232
151 513
197 482
448 551
127 251
192 360
472 515
112 590
132 504
47 520
230 316
99 312
88 167
381 597
89 521
1 375
127 410
254 581
425 593
111 172
265 272
85 157
224 330
157 572
52 540
212 264
394 598
92 273
68 243
213 233
390 513
281 469
404 506
265 535
108 360
318 434
45 531
183 338
182 234
141 482
447 531
289 551
90 111
237 489
385 499
127 550
67 499
2 553
160 191
34 315
43 192
134 530
42 398
140 420
521 526
359 571
190 529
179 521
110 333
139 425
150 326
220 388
37 177
18 233
226 409
327 572
370 424
163 596
200 362
346 347
111 586
101 549
23 226
126 513
302 409
186 465
215 248
185 192
82 586
328 504
150 553
351 448
173 475
126 180
5 316
14 183
297 568
100 210
220 423
96 335
357 384
185 363
12 71
439 444
238 240
131 492
60 577
306 358
359 468
485 528
133 319
239 427
224 528
332 599
291 321
132 506
110 346
67 134
9 418
377 504
391 469
143 562
229 279
470 479
154 447
129 374
124 235
364 552
167 543
230 364
34 443
383 590
62 197
229 441
67 81
349 395
465 523
305 562
131 527
36 54
68 82
122 236
92 374
61 268
520 559
87 481
260 538
358 549
172 201
206 231
258 392
5 112
223 585
94 532
48 239
28 72
34 283
318 371
117 238
305 393
497 584
328 508
387 397
532 553
215 509
137 566
296 351
252 571
188 511
306 424
267 399
190 502
139 426
95 594
222 308
180 447
350 382
329 478
180 193
372 395
183 327
71 153
250 341
459 492
266 455
117 191
417 456
117 162
380 521
201 303
377 533
40 249
196 510
459 527
84 332
56 564
214 359
547 585
205 412
330 452
58 378
51 152
78 334
26 326
305 498
390 458
96 198
177 421
143 305
48 441
36 463
8 142
277 369
148 584
160 503
468 571
121 189
464 465
74 378
12 421
345 435
153 421
308 472
100 307
233 313
3 374
102 420
250 314
173 285
78 519
219 393
206 379
24 166
36 248
321 561
73 537
300 349
102 507
389 521
235 341
129 333
440 524
332 563
50 559
202 279
39 370
156 590
256 482
60 343
425 426
180 531
40 89
19 571
155 501
67 408
8 518
7 24
450 598
317 400
462 548
0 267
47 559
254 319
72 386
48 346
12 153
244 322
15 505
156 246
174 178
238 438
72 194
53 436
403 407
499 539
152 585
250 564
175 308
284 399
19 252
325 406
220 281
113 212
591 592
439 524
0 106
126 390
245 496
120 388
438 583
170 270
109 425
85 327
344 490
55 260
361 548
215 546
271 303
233 508
292 583
189 429
290 475
170 595
197 256
370 480
299 507
168 359
310 495
97 357
563 599
536 541
168 214
318 530
112 339
16 109
413 464
249 301
136 147
230 322
90 206
229 427
317 368
179 380
387 443
49 559
291 402
520 588
301 330
163 166
501 570
22 57
453 530
350 526
33 362
118 570
480 598
218 460
200 481
439 440
235 500
245 439
163 391
154 217
411 585
117 159
272 405
314 595
68 452
199 505
201 573
140 444
28 108
40 68
67 124
201 574
534 591
82 452
140 216
299 392
444 445
6 234
135 540
212 519
186 531
1 127
86 356
37 349
129 141
65 576
392 502
48 93
222 575
500 525
43 234 246 395 264 468 455 274 367 348 465 517 582 493 327 348 482 475 130 207 284 255 540 206 583 120 46 576 200 321 545 24 455 245 121 208 293 150 345 573 433 1 242 407 552 76 306 479 412 468 427 568 322 387 552 33 15 594 591 240 42 181 69 353 52 267 3 421 245 224 423 172 514 392 389 549 124 151 302 379 167 584 484 354 502 294 501 422 397 366 54 335 217 557 371 421 593 203 326 40 177 120 485 451 444 332 460 361 175 271 378 521 508 352 586 101 505 544 76 194 311 457 138 157 69 579 525 244 260 590 90 368 449 446 27 29 240 224 148 82 241 557 303 533 537 509 406 557 310 555 0 456 327 483 91 416 395 167 111 508 189 327 575 89 477 118 91 373 95 504 196 390 219 498 337 130 580 363 81 14 88 408 36 462 269 458 318 444 344 208 403 430 45 256 7 337 590 139 276 248 77 274 345 68 591 223 474 81 219 594 184 408 457 49 24 307 507 34 334 220 154 67 198 113 120 302 110 435 355 254 489 340 102 143 481 220 79 111 115 270 556 126 389 367 301 15 131 222 0 383 554 427 123 242 553 340 488 44 192 186 152 519 49 486 358 471 430 352 105 490 391 229 253 77 487 433 352 309 110 59 289 17 349 293 515 184 504 351 261 430 467 6 489 160 370 10 363 372 251 264 529 556 325 31 139 461 105 325 502 183 508 418 69 112 489 125 243 304 260 14 65 514 391 411 112 124 436 443 111 120 442 530 13 20 29 362 21 338 495 103 260 467 272 260 517 199 469 193 351 214 0 331 343 251 215 100 307 579 466 355 184 432 178 21 304 586 262 285 362 443 432 549 115 467 291 194 75 142 219 53 446 327 60 76 310 20 16 96 68 118 514 85 558 502 228 268 73 231 129 545 244 588 233 421 117 487 287 216 290 547 546 313 595 273 442 69 34 105 461 213 92 332 390 261 185 350 180 236 485 421 557 116 502 291 510 265 376 447 501 555 370 242 174 156 28 110 385 37 109 352 49 343 420 387 468 552 165 10 296 380 370 325 282 133 505 30 573 169 136 227 62 578 404 44 589 61 249 270 256 119 513 559 294 383 579 314 228 222 145 433 5 313 403 491 325 582 324 4 596 329 500 16 65 181 516 167 474 404 471 397 472 199 212 363 209 83 49 360 415 556 141 314 134 50 585 235 569 398 300 34 270 325 369 44 253 549 469 566 353 330 392 278 430 596 592 312 525 469 198 400 573 505 460 233 88 589 516 285 540 29 458 243 54 52 233 424 559 561 401 225 253 412 569 92 272 218 64 51 436 70 296 389 86 221 499 496 501 237 126 98 213 342 13 471 277 461 366 565 364 61
472 484
876 348
358 560
332 943
754 332
833 831
535 970
591 39
622 275
941 282
354 527
587 152
851 138
102 809
295 400
718 746
661 217
157 628
10 773
976 1000
940 749
566 195
765 379
156 249
611 25
397 58
308 600
329 526
741 6
495 216
59 605
745 360
179 855
228 489
32 877
386 751
449 909
966 123
853 250
919 484
396 717
511 867
130 534
698 96
190 392
726 309
478 85
704 939
142 989
713 983
740 899
358 261
537 217
649 934
482 882
644 671
231 88
838 325
866 98
873 225
833 656
576 310
292 960
600 506
512 396
544 95
806 529
152 158
356 723
77 353
525 488
821 149
760 47
239 38
826 96
998 410
996 801
233 683
101 452
378 362
500 623
105 116
321 759
198 7
2 209
296 326
430 33
373 505
969 26
436 734
359 871
566 771
379 921
44 997
283 550
56 970
40 443
308 441
450 447
595 402
116 847
984 444
873 539
21 523
543 599
743 685
491 433
875 691
665 8
666 253
268 974
376 820
789 870
128 358
557 955
221 238
139 789
600 562
146 432
730 40
684 163
978 738
559 456
305 36
142 113
685 978
782 188
983 334
970 968
356 999
640 856
653 778
159 697
780 751
114 198
450 293
406 334
81 115
123 905
596 177
788 553
316 962
583 248
234 307
333 67
378 101
981 368
404 294
470 198
823 794
334 621
792 122
338 285
843 199
735 194
240 448
889 876
354 323
206 439
697 576
664 656
5 644
605 611
569 73
752 818
831 400
571 23
965 57
879 976
118 245
55 17
703 226
293 860
41 578
512 545
942 697
452 861
903 132
575 563
453 767
804 234
525 702
612 908
278 383
75 578
704 50
722 262
466 810
942 995
974 709
818 436
663 614
672 70
829 246
797 81
852 758
460 262
279 936
18 479
689 697
304 481
194 824
58 905
794 159
817 763
471 690
405 896
214 516
996 33
319 157
143 880
789 905
88 394
28 691
847 950
470 996
725 544
728 236
805 408
120 286
630 170
154 490
911 709
296 283
291 643
76 437
169 190
471 537
43 396
160 914
922 828
404 927
527 299
37 794
614 958
198 108
552 484
300 812
643 553
184 977
699 523
327 988
789 0
354 762
986 762
807 651
919 886
429 75
435 969
363 689
137 43
934 332
918 979
329 473
715 802
873 31
248 893
988 857
762 417
548 909
589 680
889 275
804 677
86 547
37 366
226 578
668 861
553 430
571 272
443 357
19 52
165 804
180 604
352 913
102 979
119 765
910 168
639 989
902 452
111 883
644 289
616 121
415 214
19 855
646 337
62 532
243 273
656 381
521 728
409 601
5 560
273 141
707 478
344 235
298 573
414 949
490 668
874 314
698 419
821 488
971 88
309 679
196 243
155 767
795 506
189 317
992 538
138 837
912 661
349 143
710 185
384 482
650 407
79 682
96 85
78 881
883 830
972 224
72 183
749 768
556 528
307 178
954 799
555 693
715 662
688 828
326 659
320 369
122 735
745 454
278 689
5 327
0 290
296 991
112 383
12 422
848 224
868 486
244 332
759 919
275 784
171 95
905 539
868 619
499 42
440 542
227 992
230 958
195 663
934 122
549 812
429 650
218 467
778 777
49 64
536 169
461 60
378 388
980 481
895 946
652 42
384 187
278 476
691 24
867 800
240 359
7 255
334 20
920 213
752 996
927 518
20 134
901 21
72 76
353 973
879 388
822 913
89 723
858 75
424 861
442 803
810 714
604 852
865 925
349 453
226 175
788 53
18 929
662 176
506 792
730 170
599 62
789 434
127 321
899 600
890 54
369 791
51 939
186 515
551 394
988 183
81 831
282 109
813 36
225 653
188 566
735 852
830 65
96 179
191 219
959 305
333 209
514 667
695 394
962 855
73 803
244 201
944 412
977 276
338 696
836 566
878 158
619 810
650 133
996 600
636 204
590 225
240 934
217 324
942 722
73 636
997 101
414 426
512 349
41 213
447 518
674 943
205 731
624 515
754 649
809 624
153 962
712 624
4 889
766 585
783 613
248 400
757 250
385 657
271 412
961 619
548 654
305 737
72 261
517 185
632 885
899 420
50 858
706 129
635 735
856 366
285 513
492 173
492 961
715 340
687 311
499 936
230 619
981 932
585 117
808 289
3 363
970 643
426 110
987 246
4 615
629 426
766 958
682 445
791 333
934 581
310 506
308 903
491 512
52 648
283 604
695 288
68 301
932 789
280 837
454 4
916 276
597 749
55 505
745 496
676 132
835 626
387 258
161 291
219 150
249 114
212 410
841 428
690 671
118 697
663 704
195 693
851 505
75 778
511 980
511 237
821 987
447 406
770 98
508 831
995 644
857 583
691 611
613 315
51 419
708 900
476 749
480 352
676 351
783 646
260 82
537 776
681 775
259 634
878 455
73 213
753 281
331 577
93 753
114 564
250 588
602 437
248 14
572 738
212 199
484 292
620 488
137 457
923 34
774 471
794 832
405 989
322 305
400 140
934 461
974 391
384 631
848 785
384 552
243 710
127 955
169 21
531 15
386 528
741 951
11 815
273 176
244 246
44 301
166 45
781 993
96 153
273 247
841 277
418 781
165 371
946 964
356 350
255 733
183 901
884 767
505 143
887 651
16 719
2 118
944 881
713 830
767 679
653 488
437 252
327 252
328 812
425 824
687 920
286 74
855 893
144 555
129 616
620 235
99 949
84 35
533 55
883 724
923 625
33 245
