600 1080 600 935 13
346 541
59 260
109 170
119 595
424 561
480 556
131 490
68 563
49 471
134 144
340 544
157 582
65 524
67 203
353 377
273 356
504 574
273 375
172 449
317 349
441 571
273 321
251 379
348 472
2 140
87 322
17 145
227 422
373 536
278 558
313 552
277 411
120 327
271 501
464 585
424 583
165 390
127 385
342 390
109 374
383 532
226 569
276 554
26 478
92 187
212 254
180 270
252 411
245 466
1 135
130 519
458 479
491 505
540 594
244 569
109 350
223 554
523 589
96 135
26 469
311 392
127 246
183 566
255 373
461 503
249 335
24 303
22 153
238 540
248 566
222 433
173 525
434 545
124 562
358 364
534 563
10 329
361 527
9 385
314 404
439 485
240 386
263 512
111 194
94 257
68 567
177 458
118 262
334 528
268 476
136 547
55 564
84 574
247 385
3 502
230 310
112 435
308 444
357 387
339 379
3 521
36 593
14 173
196 453
289 306
123 193
148 473
237 311
19 511
117 530
68 74
335 363
427 464
55 121
42 58
196 241
305 347
470 598
408 534
206 547
487 553
30 38
224 253
47 409
20 538
206 428
287 346
18 390
151 548
129 478
254 553
421 434
170 369
53 495
53 453
356 578
126 213
244 333
195 464
118 431
227 285
179 560
96 133
336 576
40 319
448 524
252 277
148 550
322 385
236 506
322 518
526 589
523 578
188 560
4 20
28 83
156 555
199 506
201 208
298 573
291 395
121 135
241 386
187 582
144 333
11 63
37 277
183 502
410 523
126 484
266 378
40 440
283 421
298 337
167 457
188 591
25 316
490 561
311 505
264 518
336 449
60 573
17 539
34 104
141 597
172 481
28 281
63 248
114 433
429 533
153 466
94 235
312 434
122 214
288 590
215 584
502 521
225 535
260 493
224 437
35 204
58 441
348 586
136 216
523 526
70 168
39 357
129 469
133 265
223 256
231 507
117 191
188 445
305 378
431 576
102 594
52 548
137 511
285 338
293 437
14 82
252 568
123 267
428 462
428 496
412 599
73 475
248 432
261 421
192 467
59 493
185 198
31 62
164 205
156 499
157 200
318 565
212 488
378 432
31 534
282 404
93 546
280 435
410 485
38 327
62 563
86 498
379 501
338 445
279 486
185 326
172 205
294 527
278 423
65 419
2 422
104 465
33 275
29 336
355 430
44 246
364 491
64 316
165 591
498 524
51 203
397 511
23 591
442 517
344 577
208 520
468 592
104 215
301 303
407 580
24 271
355 485
414 417
262 269
197 307
377 580
220 534
299 459
94 590
31 582
127 301
31 230
332 538
363 544
58 367
168 352
253 441
209 558
19 400
118 351
172 471
92 160
148 588
327 452
226 324
221 239
269 567
434 488
26 452
24 301
168 189
147 304
149 501
74 563
64 403
122 474
165 188
48 573
77 347
484 586
180 223
323 379
280 596
462 496
252 475
14 420
387 556
123 155
423 581
314 371
8 318
158 387
69 579
78 467
57 281
58 380
61 125
117 149
45 234
424 511
226 458
384 435
90 280
193 309
179 351
240 495
340 552
45 462
297 424
15 195
12 446
158 278
315 448
386 495
187 222
393 434
36 367
173 482
280 440
313 398
270 276
135 265
410 589
343 407
231 313
200 557
368 571
122 219
166 549
390 591
97 289
54 238
562 586
14 481
276 381
24 446
227 503
14 275
117 293
66 181
52 199
292 528
103 496
6 7
83 154
19 140
205 482
433 485
231 406
306 512
79 477
116 268
91 564
299 345
141 456
114 210
237 369
76 495
526 528
412 554
190 346
33 232
228 379
81 84
399 543
44 253
175 551
80 299
137 192
455 483
97 201
558 581
350 471
139 477
313 507
168 300
286 305
78 140
39 343
109 491
359 444
346 496
324 514
36 368
111 113
234 462
97 208
291 414
130 243
10 425
122 216
242 371
72 480
111 362
157 303
401 512
53 196
68 444
13 272
110 572
124 577
28 33
41 267
342 592
396 417
126 269
310 557
80 345
9 322
329 425
152 459
380 518
460 530
199 220
242 544
259 406
83 535
31 334
149 224
83 272
53 76
522 534
283 488
387 451
195 513
113 190
33 113
155 324
97 540
86 199
13 234
584 587
297 397
136 524
521 543
325 339
11 566
463 526
161 221
110 329
141 355
4 332
171 221
91 402
44 301
375 581
469 478
226 479
194 362
53 407
64 489
197 583
105 359
438 520
168 330
258 547
226 398
66 130
240 580
106 595
324 340
449 525
207 393
97 238
66 243
106 584
22 373
270 520
285 425
382 564
49 350
244 486
218 453
246 385
105 444
288 577
307 583
128 445
190 541
257 577
1 96
86 236
72 112
327 460
249 568
50 295
181 575
51 513
454 516
388 562
368 504
533 593
125 436
157 160
312 508
133 279
107 286
203 517
0 584
289 401
122 167
474 524
10 400
58 322
216 258
128 329
19 178
108 322
146 240
171 297
45 258
30 504
64 529
344 372
355 433
262 351
116 379
44 446
59 551
328 466
429 489
381 554
193 250
465 545
216 234
107 520
6 499
87 464
77 276
356 375
375 423
577 586
68 522
336 494
153 391
420 588
110 239
144 244
105 308
220 528
142 373
79 329
155 267
290 460
58 518
32 429
323 434
318 359
494 576
472 586
91 352
185 467
160 337
40 138
95 146
247 513
413 483
45 547
97 366
406 537
113 232
256 551
145 375
304 536
171 239
30 202
377 575
7 274
370 384
439 578
35 92
27 428
489 512
290 368
315 500
88 241
419 474
217 590
0 215
349 558
452 469
43 486
294 314
490 511
340 514
382 402
405 547
87 590
219 234
93 499
91 330
131 561
173 194
203 310
143 178
319 357
5 475
237 413
292 526
421 488
337 573
101 107
60 470
246 322
4 309
106 596
265 382
213 342
140 326
9 87
323 325
133 497
96 345
124 288
145 356
66 158
269 348
306 399
67 517
100 344
229 438
283 480
365 543
28 154
270 438
499 509
64 263
3 432
148 570
326 467
46 358
300 450
159 443
156 478
244 406
178 400
211 454
177 226
346 565
94 102
242 250
18 23
205 481
430 559
90 596
86 136
317 480
223 551
281 383
105 318
239 468
48 60
82 532
0 515
3 183
420 473
99 114
220 334
511 561
239 477
510 538
84 504
75 574
111 275
153 373
4 395
41 83
22 182
223 270
108 166
266 286
504 579
437 460
220 236
49 445
216 474
62 310
38 120
33 111
153 186
121 218
123 395
51 563
70 526
27 346
62 534
166 429
229 260
567 586
350 491
198 328
9 247
40 357
21 280
266 394
343 353
1 453
426 564
175 256
116 508
334 559
142 285
308 541
393 421
12 44
95 150
346 428
186 198
11 499
160 187
151 408
152 299
204 295
20 414
197 599
279 345
15 247
153 245
392 491
8 522
2 227
132 546
583 599
148 505
181 353
54 489
124 585
282 475
118 576
103 272
92 114
125 233
208 438
362 542
169 592
143 297
88 121
89 99
365 521
330 500
47 131
57 383
390 592
334 589
204 337
160 416
55 426
131 192
366 394
126 262
92 222
110 297
413 455
308 567
278 349
70 500
116 434
143 397
300 356
351 390
55 135
52 86
127 442
157 470
30 290
394 399
260 438
562 577
14 194
83 232
65 448
70 292
358 491
50 553
376 438
77 101
85 542
294 404
421 480
43 331
186 391
217 257
50 487
191 501
72 370
107 394
238 549
204 339
239 354
180 438
482 525
174 273
2 400
6 248
89 273
235 493
449 471
184 530
147 455
170 311
23 71
408 548
252 282
158 357
169 213
61 588
16 98
182 227
56 545
244 418
215 515
189 352
35 553
102 115
35 337
387 440
228 339
200 517
19 143
233 417
316 533
146 150
161 175
355 597
15 513
235 376
165 179
129 156
407 495
371 538
14 111
105 346
462 547
210 485
26 38
431 541
390 477
137 140
263 399
201 520
88 196
106 280
443 510
235 260
29 449
162 251
94 376
11 555
196 218
212 325
284 526
265 497
78 192
110 143
293 460
88 426
242 314
360 535
22 186
221 468
304 483
320 479
499 555
106 435
151 522
440 451
296 300
150 580
104 545
103 234
21 319
318 389
432 543
295 553
182 185
353 575
27 151
223 599
263 529
134 457
189 241
8 359
5 527
154 383
134 382
36 441
213 592
72 387
199 236
4 159
102 540
3 566
29 362
82 275
228 325
174 210
183 529
105 565
137 490
27 318
67 557
263 531
42 441
449 560
27 206
103 190
106 384
502 531
377 519
369 373
101 347
107 366
317 387
160 598
242 510
282 294
119 596
377 407
167 458
146 356
470 573
261 480
48 501
277 331
189 386
170 255
341 399
432 566
26 202
143 511
295 487
410 430
290 327
147 237
52 220
427 447
41 219
159 242
116 323
274 499
33 83
108 115
354 477
11 25
13 103
402 474
118 269
193 514
219 458
149 191
368 437
155 193
62 230
389 522
327 469
471 560
142 461
198 245
13 41
200 303
557 582
12 253
95 356
94 594
253 271
150 377
212 295
284 463
4 291
102 549
540 549
358 481
95 539
31 220
80 96
363 568
27 302
347 412
35 99
204 298
146 300
376 594
59 175
14 205
87 427
122 458
105 541
25 478
519 575
0 98
280 319
241 426
150 240
202 478
207 545
63 566
211 268
338 374
110 400
34 72
306 401
204 325
265 564
166 322
100 169
31 597
249 252
59 229
244 537
130 145
65 500
159 510
77 554
118 176
305 432
163 219
250 514
420 481
334 410
223 412
173 449
335 544
64 429
81 574
541 576
367 441
323 488
11 509
236 528
299 486
28 82
302 405
4 123
245 328
349 387
27 565
397 424
190 496
435 440
454 492
245 391
184 415
60 271
79 354
107 270
83 485 165 45 110 492 333 60 135 577 484 304 255 328 558 15 137 85 353 573 489 29 375 404 228 430 318 79 595 314 580 164 151 478 294 108 90 47 510 557 220 14 121 82 573 287 341 526 119 67 420 174 489 260 172 318 27 4 128 340 302 581 91 109 76 138 121 80 141 583 68 474 534 340 551 266 141 321 155 420 244 115 330 392 6 176 62 85 579 264 194 167 56 583 432 45 131 342 345 295 42 80 97 506 384 48 162 300 218 462 14 391 61 238 154 349 171 571 385 568 436 100 243 173 383 596 234 269 77 481 362 237 387 496 493 233 342 155 36 578 62 256 361 226 66 343 198 92 140 550 373 294 446 213 350 204 12 520 552 593 596 18 282 206 87 384 574 73 583 243 578 176 476 482 194 233 280 386 107 294 492 336 159 209 165 410 321 338 118 309 8 387 291 60 594 72 302 448 486 41 294 534 265 473 359 424 14 399 49 397 373 468 591 239 113 495 219 260 262 139 24 230 525 320 515 332 525 471 88 316 204 152 240 80 580 247 264 215 524 119 421 457 500 298 182 106 105 436 327 117 325 254 569 219 95 145 380 73 538 123 140 463 360 231 401 488 265 277 96 71 54 368 13 35 597 370 96 182 265 515 261 291 427 399 585 9 369 43 169 139 160 193 574 524 403 170 171 406 374 437 247 88 241 220 222 369 35 283 79 322 487 317 171 242 453 566 344 471 529 519 12 209 252 257 161 433 439 406 360 493 20 569 579 303 145 60 572 504 574 144 543 473 305 252 596 506 403 91 571 122 470 423 119 382 165 464 220 113 91 116 386 219 349 41 104 250 470 394 278 389 456 513 317 290 119 98 589 367 229 63 586 509 385 139 298 294 192 165 66 231 304 516 415 253 433 81 101 430 192 16 471 219 139 544 408 190 491 547 578 387 489 35 478 183 253 455 449 224 67 525 179 527 368 161 553 383 163 114 335 272 564 210 509 584 166 169 95 500 573 222 573 149 453 564 107 438 40 434 117 306 373 292 135 590 417 130 132 20 98 357 321 299 559 433 74 100 525 291 349 382 24 544 95 392 448 367 549 278 349 193 588 278 421 6 331 111 83 592 120 590 5 567 383 240 450 4 15 236 151 175 471 346 597 436 64 117 495 466 196 350 348 448 60 431 413 312 594 220 281 551 376 157 535 349 273 208 171 232 38 163 240 510 457 395 513 242 483 444 50 92 299 21 69 353 422 366 259 300 542 463 583 330 244 30 507 580 296 256 522 196 62 538 578 537 392 216 441 507 1 178 236 283 203 54 151 210 325 126 42 454 505 123 308 582 560 203 455 517 7 596 443 598 364 387 331 567 475 468 100 314
30 872
603 986
807 114
243 27
927 639
987 960
116 11
90 23
545 509
322 355
781 192
151 97
182 423
753 627
868 480
356 354
26 834
365 858
717 262
762 87
970 627
125 983
883 74
771 260
218 464
141 145
21 174
599 565
858 541
758 440
72 284
422 600
225 275
772 580
92 792
258 675
180 330
969 990
42 226
255 967
198 945
775 697
245 382
769 967
230 414
662 686
941 358
585 6
182 514
835 309
185 694
407 483
561 632
499 989
304 222
593 922
9 673
876 568
236 334
544 190
210 498
909 457
432 552
181 53
232 166
574 793
280 915
369 512
522 445
160 262
481 774
744 260
108 818
955 948
483 466
150 231
487 959
479 40
793 36
722 233
629 993
107 178
859 514
796 620
94 204
699 503
586 686
386 349
534 941
260 747
98 981
579 848
280 639
48 80
441 265
376 895
650 971
366 165
61 836
271 718
523 298
438 32
394 240
722 613
22 810
616 508
67 919
438 99
343 269
902 244
672 154
776 525
119 860
745 561
285 669
393 294
65 578
73 410
678 366
66 999
35 253
578 953
723 713
851 678
467 390
897 481
633 306
277 424
787 236
55 123
306 874
662 31
24 67
671 922
645 836
606 948
632 711
744 49
175 954
670 228
797 73
407 621
876 190
711 108
675 862
319 853
437 880
956 138
980 387
118 453
412 904
549 566
737 963
915 61
849 594
791 759
88 94
303 534
265 865
914 721
296 586
594 201
63 481
769 740
850 447
730 320
306 281
702 813
496 822
550 271
935 229
648 144
851 363
780 425
338 721
596 160
687 393
737 826
757 111
719 366
492 147
319 973
843 75
222 94
13 349
846 41
904 26
321 607
772 285
491 902
692 560
119 511
763 6
876 736
797 498
376 389
532 972
565 68
927 5
533 672
345 508
395 133
63 185
386 469
212 598
826 388
625 663
28 728
417 157
189 760
312 685
14 537
149 677
582 282
670 809
3 841
669 753
441 294
577 977
747 702
511 641
613 220
314 644
525 111
102 376
839 636
781 813
833 133
130 587
494 185
392 567
838 884
719 574
945 507
734 679
470 267
533 699
986 201
344 200
666 183
441 942
522 920
928 745
276 890
740 891
990 36
260 405
353 452
192 8
915 875
904 753
95 519
927 969
143 408
170 715
913 202
569 132
492 284
660 717
853 944
484 225
91 743
669 329
257 123
265 275
637 896
391 75
813 716
54 525
638 337
485 124
182 460
748 596
354 771
61 11
802 560
468 67
883 995
252 843
708 926
106 945
911 552
964 873
146 707
455 769
831 184
411 53
626 571
457 359
337 158
75 312
950 593
503 753
55 373
999 828
226 675
479 866
659 103
200 555
698 992
441 846
248 447
575 600
277 463
941 99
382 11
284 149
599 75
606 464
874 699
394 516
971 239
24 624
837 845
993 793
525 772
188 177
194 834
588 538
169 983
746 727
352 744
286 357
121 639
842 773
172 618
823 31
2 250
996 4
759 211
538 849
803 992
966 654
715 897
471 677
928 849
725 450
254 568
823 238
163 573
875 794
341 60
606 280
338 999
513 343
679 972
646 550
414 9
620 353
213 868
861 300
700 330
538 876
348 972
711 202
380 670
408 842
222 941
893 355
587 494
799 673
998 995
717 486
893 851
867 344
273 81
352 133
210 327
124 313
942 177
85 840
972 756
555 316
901 161
853 247
310 797
434 193
378 932
366 33
107 555
238 296
513 88
619 868
899 589
61 873
285 385
470 929
171 880
451 461
557 537
659 281
945 42
941 264
53 770
363 73
877 634
995 470
687 85
798 844
328 90
763 142
308 175
619 797
211 192
953 832
591 656
788 917
426 989
496 575
610 21
423 692
885 962
525 3
996 147
976 537
0 311
279 610
970 499
763 924
614 770
914 410
90 716
798 160
284 834
622 92
805 212
554 894
406 370
641 621
231 236
439 670
621 414
279 2
340 679
55 676
86 895
944 477
70 351
459 164
378 727
148 924
193 362
324 458
926 677
579 466
808 285
204 443
441 386
564 742
798 372
420 798
136 882
9 201
535 999
32 495
994 122
373 645
693 839
744 756
734 995
43 346
865 151
679 657
427 770
407 397
21 786
994 74
813 0
644 232
2 138
241 503
827 336
596 359
896 390
641 780
958 912
78 551
694 230
79 165
765 770
140 765
865 391
816 427
996 98
553 358
356 698
733 929
211 697
88 661
275 197
725 28
911 305
9 420
527 232
742 383
453 980
690 635
679 889
580 719
120 59
531 826
155 490
254 65
863 117
115 261
993 320
557 688
865 905
29 580
155 63
943 720
721 70
258 178
396 447
867 759
6 866
61 432
349 481
267 311
331 909
441 134
286 41
518 541
411 745
612 741
801 402
460 741
985 888
487 706
199 108
3 376
255 99
955 562
204 233
473 553
816 645
936 153
803 877
971 722
342 873
382 218
647 463
732 516
301 71
904 813
15 705
30 113
636 687
520 602
346 237
968 362
549 150
835 802
207 721
503 64
114 100
147 805
350 549
238 819
437 627
794 323
639 47
515 419
464 517
592 889
619 544
219 12
591 425
903 923
763 861
991 439
116 352
692 173
230 531
125 211
331 941
670 417
496 321
388 767
153 292
401 941
276 799
358 577
586 54
9 902
424 419
534 382
15 959
950 426
451 707
427 316
748 300
611 256
199 281
418 221
50 951
84 958
345 636
275 539
564 37
