600 1011 600 1029 13
377 396
181 309
205 251
87 428
156 219
460 599
27 375
250 389
269 415
50 193
16 366
302 364
140 268
31 300
297 589
161 466
74 556
161 230
401 509
56 373
187 274
82 223
406 594
168 591
261 563
19 45
315 431
47 502
336 409
173 593
459 485
64 525
170 235
117 424
242 557
389 507
376 580
265 539
55 432
518 550
183 476
262 321
190 199
331 450
523 583
351 390
190 559
96 203
28 172
363 407
305 521
182 451
88 545
125 266
71 437
266 565
70 169
223 529
126 250
287 407
39 83
106 348
259 527
284 301
213 329
35 148
249 524
293 401
185 593
315 521
67 394
375 567
217 249
69 513
34 211
296 387
334 587
431 577
102 116
185 580
81 510
65 482
100 595
258 354
38 160
132 137
46 253
376 575
22 351
57 231
104 355
108 528
96 537
185 427
314 387
101 400
234 413
20 451
242 440
14 391
37 136
242 356
333 528
113 202
298 495
147 356
395 464
206 220
119 367
232 485
51 255
122 347
329 449
257 430
160 179
9 485
352 533
421 527
106 388
96 334
24 173
8 50
97 132
30 299
163 540
73 142
488 503
37 542
433 599
65 578
232 551
84 339
68 93
80 210
159 347
232 526
5 209
518 584
14 147
458 569
469 523
287 530
375 513
138 380
108 375
16 271
348 596
267 325
66 383
181 414
224 248
198 462
162 411
451 476
224 461
46 548
75 394
271 366
292 497
76 494
303 418
492 536
288 330
237 350
397 404
62 357
187 203
361 430
280 286
137 435
83 353
376 448
174 588
145 355
138 535
351 596
149 355
172 465
399 576
53 68
232 294
315 577
50 579
227 392
357 432
126 353
41 73
196 534
202 382
160 417
129 564
523 550
303 524
5 582
51 554
356 557
259 456
315 506
224 325
328 412
155 342
3 269
295 297
559 572
62 561
420 499
153 367
156 330
263 485
284 545
48 459
92 410
263 459
64 566
350 506
563 571
3 396
274 507
212 290
123 529
60 416
560 580
130 523
365 371
164 170
40 367
415 573
11 386
71 518
298 317
245 463
54 328
212 500
415 515
222 487
175 470
124 143
386 442
206 365
257 566
330 567
304 335
62 91
163 536
349 416
107 334
195 547
211 278
220 574
120 244
258 598
154 202
234 504
143 496
414 464
95 360
289 372
306 522
77 548
448 465
77 158
379 532
147 246
59 316
30 232
207 594
68 588
91 547
198 599
13 212
440 471
385 593
253 548
228 362
49 495
216 223
179 415
523 586
51 128
54 300
208 318
236 317
133 337
81 318
105 329
68 238
116 277
78 365
17 357
104 145
43 172
2 367
150 591
210 260
296 321
198 460
202 585
267 474
347 594
157 343
237 310
0 201
446 553
371 574
90 400
249 295
1 533
2 119
66 89
67 566
207 291
220 472
292 561
447 454
117 152
132 281
174 369
18 183
205 243
75 172
133 498
241 596
323 537
283 287
439 535
47 199
136 470
79 237
449 524
404 507
55 134
131 289
24 456
174 410
22 390
93 545
284 358
129 522
13 290
188 245
52 564
68 454
268 313
131 183
65 95
490 580
522 556
175 359
5 85
250 525
141 252
396 415
424 598
87 330
57 136
148 424
179 501
186 207
256 401
80 524
167 534
20 231
79 350
466 586
158 302
65 409
334 473
278 426
129 575
176 560
203 460
51 247
71 539
236 495
72 356
106 455
17 127
16 128
164 326
214 239
180 184
326 500
40 45
306 448
79 472
100 459
55 140
394 533
178 423
542 553
81 279
399 501
189 291
237 322
497 568
89 505
59 201
301 517
26 289
90 240
250 458
34 328
41 310
29 579
267 378
132 556
173 484
498 522
192 204
169 205
546 589
473 538
149 178
377 573
55 346
264 385
98 203
80 239
102 487
366 555
269 368
220 350
14 373
262 296
217 371
32 587
364 595
341 423
133 405
84 216
233 270
198 433
361 490
77 253
200 213
260 591
12 581
110 262
202 419
433 468
273 456
313 364
125 493
123 165
234 338
271 367
182 446
325 349
207 406
474 590
479 570
38 235
430 580
443 540
0 380
14 559
517 528
168 445
119 336
12 431
133 137
124 166
86 201
180 197
309 347
382 390
105 449
287 523
350 472
297 418
156 533
281 435
327 515
369 489
59 419
88 92
30 595
314 429
33 454
85 142
47 190
388 455
318 552
130 283
224 558
88 301
439 597
259 421
264 593
7 422
21 502
30 494
164 436
208 552
60 491
125 464
443 567
83 478
253 313
410 588
405 556
195 568
110 263
248 325
40 144
58 226
5 142
209 302
1 467
312 343
1 25
73 322
252 439
406 554
226 462
301 545
27 520
25 458
404 569
72 217
249 441
61 194
0 151
96 538
25 569
58 198
164 562
201 535
37 599
162 307
6 247
60 121
119 511
9 262
352 394
218 570
16 51
148 474
499 509
278 477
52 74
165 200
577 587
210 589
321 387
202 463
106 146
47 563
483 547
244 516
73 310
368 423
411 546
532 551
184 563
258 424
240 505
113 382
103 531
17 542
284 514
283 340
49 345
18 231
127 134
44 555
185 370
180 563
348 390
109 453
297 546
408 453
71 583
121 275
19 340
428 567
135 257
514 545
200 424
229 397
473 582
45 363
341 501
134 519
256 293
40 555
162 392
253 268
234 323
217 441
153 534
98 460
324 479
35 424
34 197
240 272
270 362
192 558
227 456
304 423
209 473
48 320
91 483
83 315
398 497
93 447
191 290
221 455
37 323
43 67
38 170
478 506
319 573
150 260
401 499
53 93
56 480
155 189
221 348
188 382
81 146
61 85
42 138
176 376
173 385
350 581
421 456
486 509
1 226
489 562
17 553
378 420
337 435
177 452
25 250
148 461
98 397
44 342
227 295
116 222
78 227
328 477
15 487
87 467
186 406
1 434
3 377
230 265
307 411
219 288
466 530
139 246
64 111
65 466
53 545
212 311
114 560
491 512
26 501
8 29
374 429
115 451
19 44
135 157
422 480
131 304
75 133
128 555
219 533
223 275
277 293
95 215
177 389
332 438
215 287
91 568
94 371
207 464
97 324
95 119
257 448
199 563
37 468
373 559
184 261
196 336
3 362
190 276
133 172
28 465
296 450
312 345
523 530
288 375
467 533
76 595
99 339
102 117
78 94
117 200
187 579
64 126
39 345
94 365
252 597
428 434
151 201
151 518
369 562
20 476
160 164
343 495
486 508
100 526
20 183
320 488
379 457
27 288
388 539
39 206
109 170
281 324
205 552
72 557
5 595
72 220
338 504
158 473
56 502
129 556
125 565
265 279
297 392
8 107
49 264
426 477
63 393
323 599
269 396
55 292
485 551
409 578
184 197
128 255
268 364
327 417
227 365
21 47
129 176
265 388
307 370
204 275
355 368
301 531
122 159
323 413
217 246
136 433
170 425
58 233
255 549
167 409
80 418
194 505
190 572
204 416
438 492
74 266
235 289
78 441
251 384
164 425
212 369
163 327
270 359
358 479
357 553
109 408
471 496
389 569
403 572
447 545
273 307
102 152
66 194
194 383
120 410
63 177
27 394
445 491
191 536
168 512
52 386
43 257
97 218
24 527
75 108
18 175
345 495
301 528
162 546
147 217
107 521
135 566
10 220
96 234
0 340
229 404
113 188
342 541
95 511
160 402
46 538
375 520
122 594
157 495
308 454
26 341
356 391
414 594
282 426
75 528
153 196
44 380
81 208
322 431
111 126
174 332
309 414
73 237
232 459
98 507
50 274
96 187
314 503
42 201
295 303
137 556
241 348
504 538
12 506
9 450
62 497
337 528
232 532
433 470
90 379
523 539
69 120
1 462
63 126
215 407
354 461
29 187
457 485
528 531
307 484
239 329
219 394
155 291
334 538
100 232
86 543
463 543
238 454
39 478
398 568
173 456
38 402
306 575
113 245
148 590
171 410
192 325
290 311
446 451
139 524
127 475
291 493
117 559
84 123
552 596
241 552
38 254
176 575
224 529
171 492
47 180
40 119
405 522
215 360
277 401
266 464
332 369
34 184
145 362
193 274
66 444
96 107
41 225
31 477
41 79
73 143
142 143
173 370
447 514
507 569
15 190
164 402
420 486
512 591
386 439
50 305
252 342
464 570
277 509
204 558
3 226
106 221
164 212
212 326
420 474
390 596
149 183
59 463
15 117
45 555
112 237
179 289
70 445
33 447
151 584
387 481
327 536
135 495
120 516
128 366
215 286
134 285
111 135
358 414
1 87
81 491
164 500
114 564
97 281
224 258
425 436
299 494
155 493
322 577
412 422
3 36
268 346
430 490
23 319
70 168
381 555
290 536
84 214
156 467
160 290
155 565
142 300
419 585
265 469
74 464
44 189
145 175
217 356
465 498
14 344
455 539
98 462
9 457
341 399
178 335
56 166
46 592
374 398
4 339
295 418
386 544
420 590
511 578
130 151
65 280
295 441
23 567
7 480
228 270
370 484
193 579
289 304
331 547
167 336
41 242
327 540
154 382
118 413
283 363
429 503
127 413
276 559
91 195
184 222
108 333
533 566
288 394
489 500
440 496
223 94 439 4 552 62 225 319 104 574 214 148 64 20 9 525 123 599 151 447 90 585 0 582 528 276 23 33 185 581 311 205 28 503 248 372 173 413 284 277 147 81 153 357 33 449 380 340 12 36 555 212 202 493 322 261 319 29 81 321 305 224 376 501 283 527 476 599 399 76 317 585 105 470 392 305 265 32 67 22 557 402 583 17 4 392 80 429 273 274 442 351 407 575 183 202 311 88 506 100 549 244 449 508 181 447 30 283 164 160 552 147 66 232 564 233 556 301 423 504 32 317 348 129 437 410 250 243 224 558 273 256 58 133 371 123 334 497 14 44 490 271 183 517 459 529 146 70 596 174 197 69 201 413 269 599 351 521 413 356 183 68 452 220 37 106 490 199 380 484 379 294 296 536 114 415 229 256 72 323 370 407 16 87 182 199 289 598 522 207 287 538 567 393 556 360 439 373 310 540 566 131 417 576 146 353 434 163 493 244 45 103 230 594 290 404 490 584 554 530 380 81 331 257 568 291 225 573 7 322 113 338 235 20 531 44 590 509 457 130 534 478 90 56 493 14 552 106 394 173 3 153 248 327 426 145 344 91 359 460 302 186 105 413 435 343 382 316 333 354 161 27 318 595 109 151 461 332 71 76 362 8 153 332 224 143 595 348 18 321 508 200 451 159 130 319 302 21 304 458 8 101 37 249 518 400 391 522 34 5 356 367 350 575 565 346 528 513 435 515 60 489 186 336 541 62 276 5 355 317 523 76 593 377 49 260 598 38 518 359 186 168 211 216 243 32 20 50 44 461 364 293 595 101 62 226 327 190 366 62 299 196 399 504 274 551 79 333 454 1 568 122 395 6 137 1 549 58 270 257 352 249 552 261 271 229 377 22 541 177 18 60 376 528 487 32 6 359 571 195 182 405 304 9 184 250 332 509 412 174 367 572 325 50 86 246 31 59 545 390 74 341 160 462 413 221 286 446 387 37 535 470 128 547 423 197 453 489 208 240 573 362 106 312 542 132 577 122 427 307 44 178 372 510 462 271 228 392 349 428 298 560 174 45 57 162 88 267 241 513 356 394 399 436 257 533 582 18 90 347 59 494 7 503 230 569 366 410 509 32 135 257 14 458 263 151 6 468 188 74 161 139 157 105 145 336 371 508 54 40 133 384 31 353 0 343 465 566 349 256 370 305 204 56 201 492 99 455 526 442 139 362 35 367 440 549 288 284 96 490 270 524 121 110 191 322 200 573 165 153 425 18 106 129 246 75 27 48 491 343 83 271 75 76 417 432 194 472 64 403 81 31 387 418 472 441 273 194 124 266 457 106 559 97 126 245 403 443 44 443 149 539 65 192 491 502 46 524 264 31
166 742
757 653
100 933
819 672
186 303
682 203
152 973
503 91
687 417
912 26
455 339
295 684
572 349
845 881
360 232
299 137
239 966
925 409
955 590
218 842
952 521
419 96
192 518
722 755
427 487
661 603
922 765
639 719
526 692
726 430
756 118
565 115
621 290
669 995
442 40
126 68
825 646
883 472
949 865
475 454
161 904
519 269
238 742
549 683
258 845
181 844
802 322
369 86
859 139
444 540
688 474
250 996
360 709
598 925
502 140
919 310
434 177
924 517
814 587
271 654
19 338
680 150
995 299
612 448
577 561
16 886
659 107
584 658
630 934
739 805
85 425
105 660
408 349
571 283
372 740
594 753
734 160
751 270
349 402
498 319
185 327
25 513
111 307
515 480
134 290
705 155
208 659
726 662
611 902
596 92
652 1
991 230
645 885
569 956
349 381
58 860
753 386
485 865
759 532
129 343
816 154
598 61
191 113
651 806
927 620
253 218
58 616
697 362
621 788
996 929
941 76
540 548
582 307
203 579
369 667
990 502
207 63
288 169
870 435
119 901
728 851
56 354
339 996
141 232
519 172
384 885
586 525
904 389
251 932
411 737
118 709
998 660
478 832
523 776
902 345
525 580
899 535
509 797
243 769
329 268
860 296
345 737
659 190
558 183
196 910
889 618
20 586
369 297
82 91
972 641
86 331
166 709
253 123
126 992
213 541
316 847
685 675
511 549
728 256
362 983
876 868
11 766
242 445
769 833
907 939
188 204
487 168
36 975
64 415
68 457
953 898
738 873
521 722
350 541
733 996
919 563
416 696
644 493
950 656
867 817
388 34
442 970
967 450
982 581
346 3
383 594
338 923
755 448
173 595
273 869
343 142
780 888
44 207
717 467
700 130
978 189
74 986
411 33
805 540
306 76
238 189
228 686
244 573
784 478
47 229
96 466
480 412
369 924
61 484
685 250
144 414
473 11
846 921
213 249
181 257
79 807
122 256
354 336
466 853
654 667
450 372
94 637
244 66
105 276
71 171
490 253
815 624
293 442
844 631
728 583
9 744
929 544
797 99
877 600
816 378
993 847
485 602
550 321
597 947
214 286
726 90
94 546
466 309
144 502
702 847
184 617
328 315
194 993
49 132
317 333
633 561
130 474
349 780
812 282
969 840
269 902
242 28
519 654
164 194
362 474
119 387
361 33
918 58
908 95
421 593
3 669
383 838
16 81
858 246
836 695
860 614
190 968
668 24
289 472
743 472
67 319
319 161
174 74
593 9
8 617
19 851
498 848
569 50
140 756
524 920
871 321
46 831
85 772
663 689
986 776
821 880
318 906
939 281
220 38
770 95
265 395
968 58
243 411
497 576
756 77
550 146
625 856
774 222
264 329
970 734
667 431
464 730
261 497
642 976
466 978
540 283
822 956
504 505
816 225
921 131
565 418
242 662
499 625
58 529
746 758
861 168
967 79
614 313
834 431
521 866
44 158
881 942
800 790
506 43
233 260
688 699
1000 50
775 972
619 811
706 320
987 682
65 935
537 792
851 359
144 323
186 807
947 740
308 810
463 525
384 227
445 502
861 268
390 995
86 567
25 250
497 369
165 512
609 655
534 497
130 144
908 646
391 290
973 407
477 936
901 581
86 837
469 617
870 636
136 804
797 193
382 406
210 953
158 926
912 668
842 969
308 540
371 383
934 829
344 203
928 211
661 753
429 678
797 693
31 53
777 24
247 807
239 912
185 568
648 154
174 432
400 532
328 665
977 113
35 659
645 539
162 571
401 248
273 433
649 445
629 686
448 880
814 712
737 545
921 187
892 729
648 35
188 18
921 893
381 160
704 576
476 795
371 950
111 771
993 985
17 939
708 894
217 502
480 78
867 413
444 943
856 739
25 286
812 831
237 357
275 618
90 4
391 457
448 77
955 710
178 152
971 928
563 21
353 562
750 676
901 168
455 645
572 376
944 345
852 527
790 640
522 835
961 964
141 626
766 952
278 718
426 226
315 383
313 638
699 750
633 132
39 455
935 483
570 982
446 695
287 265
973 23
985 469
625 505
982 951
616 975
83 661
335 489
834 1
648 581
825 133
784 526
73 116
781 592
227 617
429 854
487 713
18 813
700 656
838 501
15 707
838 568
470 184
486 343
687 277
52 47
951 384
993 526
578 71
522 409
503 920
454 107
955 143
41 880
991 158
290 516
881 28
129 30
246 97
874 189
903 960
442 592
14 440
765 905
321 882
735 111
476 544
505 200
940 238
475 770
170 6
857 949
899 769
407 142
885 137
798 358
629 84
541 399
700 531
116 5
151 22
32 485
62 910
39 385
684 796
492 973
837 790
668 871
543 835
126 659
892 317
640 753
642 406
453 786
60 727
294 308
594 584
803 129
440 457
598 807
109 225
60 777
627 831
767 50
642 643
20 995
242 705
785 853
797 393
742 311
51 695
736 777
371 805
912 469
181 643
301 607
556 931
203 441
994 127
772 308
252 880
142 694
808 42
100 517
953 425
315 962
219 892
453 819
437 320
45 181
312 196
391 650
955 304
927 987
342 50
391 726
346 845
563 609
675 734
955 180
671 582
455 903
320 47
359 170
765 748
426 377
436 727
915 689
648 362
25 917
698 455
419 620
547 372
659 226
91 709
172 676
279 576
36 766
658 318
672 902
208 407
103 45
91 370
823 340
369 576
388 967
771 166
127 519
300 785
213 179
808 490
