600 1183 600 928 10
15 386
59 255
28 189
504 515
354 430
150 581
147 445
460 497
96 360
114 474
567 583
86 312
68 477
217 268
304 496
263 274
169 302
15 316
141 151
233 592
466 513
106 267
4 268
320 322
389 492
70 258
56 279
86 498
28 253
134 165
45 486
132 572
290 309
140 403
38 378
270 553
51 155
23 259
167 359
122 447
458 576
34 490
208 514
288 302
2 288
40 420
123 585
270 392
155 282
116 480
115 483
492 580
62 138
179 488
44 194
497 557
100 352
362 519
250 442
66 469
331 515
224 242
123 202
117 443
406 418
67 423
290 369
21 569
339 583
13 266
117 583
88 517
220 282
453 597
390 475
66 92
175 295
204 432
47 296
63 297
490 509
126 255
210 277
296 597
251 470
96 513
65 373
171 519
276 436
186 233
400 525
155 239
413 422
235 398
177 192
314 402
104 291
394 564
251 541
41 488
236 452
153 279
47 531
162 312
483 511
217 245
173 265
77 109
164 509
87 373
194 463
433 562
170 306
39 229
16 400
84 109
201 292
124 229
135 155
2 467
316 324
248 431
53 590
227 350
50 533
237 364
50 307
115 171
269 477
334 375
280 479
327 591
287 463
28 319
35 494
16 197
511 523
34 212
447 495
164 446
56 597
71 436
306 488
162 253
17 166
208 513
324 484
57 392
487 564
106 383
55 306
258 523
527 548
124 326
132 294
76 250
354 575
213 566
83 199
331 395
69 589
81 582
319 542
97 273
13 221
114 210
234 509
48 565
83 422
7 301
235 270
39 451
525 540
134 327
277 414
54 517
156 320
408 497
79 378
432 464
14 299
573 580
12 497
237 585
239 492
451 554
145 360
342 366
52 421
151 583
516 572
451 595
373 505
145 566
333 444
212 558
256 330
334 410
340 482
44 170
30 380
12 518
1 452
200 243
43 98
217 348
30 68
343 436
27 248
227 420
341 542
137 215
216 570
20 551
2 334
369 544
192 380
108 467
424 517
194 215
305 388
396 505
339 366
291 507
4 348
278 547
36 85
121 292
119 517
379 430
124 416
470 541
303 549
314 360
456 498
329 424
464 465
83 555
80 214
149 466
113 522
78 367
213 402
62 222
518 562
79 571
32 311
190 230
205 565
35 399
51 311
53 581
58 101
237 541
49 131
277 520
102 153
330 408
74 327
96 413
42 51
161 551
16 133
94 478
84 293
28 162
218 564
10 371
368 440
318 517
316 454
123 246
26 391
128 288
31 241
198 490
217 435
169 234
154 599
167 203
315 407
3 476
73 520
196 567
112 411
381 554
281 292
141 196
90 384
38 459
370 542
371 479
229 493
122 419
174 191
432 510
120 343
181 473
378 459
243 373
300 305
409 528
90 219
0 273
187 383
132 408
14 255
219 378
307 563
104 428
127 359
295 309
102 254
62 462
16 428
163 300
69 263
8 525
263 437
118 399
325 417
22 291
47 489
44 463
192 220
150 180
304 558
63 365
305 382
113 415
125 216
428 539
20 543
168 285
482 548
102 279
368 523
467 507
8 133
329 379
226 269
3 213
319 345
174 545
114 414
68 228
518 592
192 492
128 302
53 460
225 573
278 461
168 394
81 577
0 501
101 193
97 366
70 184
431 514
318 424
238 495
188 331
84 556
163 382
29 576
203 226
338 565
216 445
288 491
23 68
90 390
405 465
266 271
37 106
28 542
176 458
137 306
181 462
5 297
385 479
91 588
401 535
123 593
365 467
44 550
134 591
16 104
115 354
207 210
219 384
293 588
83 400
295 370
354 407
389 573
138 552
113 201
23 33
390 526
400 540
537 586
405 549
83 314
205 338
222 473
291 428
38 571
200 480
296 427
504 588
55 308
473 517
78 130
33 346
165 591
88 111
10 479
10 597
239 310
368 511
134 286
146 283
186 244
176 377
198 230
239 363
404 547
106 427
79 117
204 574
139 227
106 508
255 299
398 586
3 314
79 356
444 584
245 495
195 548
105 196
80 278
191 355
158 322
335 593
419 584
378 571
266 435
68 320
411 412
198 232
19 551
86 387
75 199
119 448
126 220
262 455
157 330
136 426
245 376
155 192
98 133
294 497
183 362
120 276
110 154
320 532
171 205
411 470
53 497
91 293
167 344
304 308
10 153
94 589
154 425
210 435
182 543
247 380
434 474
142 240
10 56
306 561
478 589
100 189
39 529
219 390
456 466
8 75
10 280
412 520
44 561
108 365
282 351
348 401
359 439
351 536
144 287
77 556
105 136
202 250
290 544
401 584
25 546
381 449
427 489
410 491
508 546
335 479
256 434
64 518
521 524
436 468
37 427
3 428
28 352
285 594
275 294
335 371
69 437
415 522
238 364
28 209
297 583
85 591
31 89
180 528
9 358
85 595
175 336
61 85
422 555
478 485
430 575
102 152
111 489
261 393
120 415
310 363
208 431
162 346
49 441
225 456
458 548
347 353
44 98
94 515
90 262
548 576
443 583
25 154
315 440
225 580
19 386
88 166
563 569
160 209
184 258
212 304
61 165
59 81
60 71
380 580
482 527
170 561
12 294
375 457
198 337
205 354
289 393
379 529
221 411
163 307
8 199
101 279
194 287
48 519
326 381
344 481
445 590
433 543
351 538
130 367
493 529
3 539
268 474
82 139
354 529
464 510
256 486
49 322
99 488
214 379
213 311
141 391
257 597
475 526
323 599
248 466
84 250
364 587
105 536
216 330
238 587
196 391
146 431
46 366
329 493
49 472
138 417
163 563
4 434
283 292
28 367
404 521
404 524
448 449
489 531
284 339
168 515
235 553
217 447
325 448
353 406
40 421
237 332
536 538
34 509
32 136
69 274
323 597
7 264
325 564
175 324
127 252
47 257
470 574
160 542
116 183
329 416
196 297
332 587
442 593
188 515
230 455
86 346
207 271
217 419
80 524
163 293
236 394
109 293
176 537
408 590
257 487
363 566
178 554
269 441
92 446
55 170
330 570
112 470
112 340
454 596
47 552
360 402
373 396
340 458
302 356
211 296
460 581
340 527
46 267
191 337
387 466
131 322
190 521
102 374
26 196
99 522
211 489
451 591
17 88
474 578
91 163
313 536
200 362
119 124
311 426
213 476
272 379
360 566
209 542
177 269
500 516
150 186
123 303
118 286
214 407
57 270
73 221
149 248
276 468
156 420
105 426
426 539
106 489
11 514
371 453
101 333
405 432
179 276
208 466
85 165
148 279
269 344
398 537
164 212
225 498
230 475
74 205
104 410
326 554
584 598
458 527
368 483
266 376
68 156
82 350
425 599
281 283
3 16
214 278
130 387
179 406
312 346
146 530
102 301
414 578
272 329
120 265
215 561
188 274
136 311
278 450
412 499
52 290
37 296
210 268
210 266
77 285
30 177
48 183
314 400
19 159
1 236
541 574
232 490
304 347
69 478
42 363
332 376
345 367
57 533
65 200
190 526
29 458
57 549
43 463
207 277
396 519
101 323
283 555
8 287
103 385
276 343
31 260
184 521
53 409
128 164
174 198
333 582
174 230
211 531
12 361
569 588
429 570
99 173
349 420
77 588
95 538
84 300
49 158
93 462
16 506
39 74
116 242
26 105
168 594
64 562
389 580
423 533
4 503
405 541
411 499
72 292
241 505
336 484
315 368
115 315
31 483
101 582
22 105
122 140
43 287
485 588
189 253
58 152
88 318
243 480
214 461
6 316
218 452
15 159
142 260
17 379
20 369
258 368
133 197
481 500
151 366
58 444
372 559
146 248
240 258
265 276
151 342
450 571
512 517
24 337
8 540
303 585
319 341
349 421
34 232
185 335
65 87
120 522
35 224
78 387
52 309
107 225
41 353
334 457
102 280
242 286
91 569
122 301
376 541
121 283
4 474
115 519
80 407
32 282
278 404
129 426
40 160
114 578
228 477
240 523
67 235
359 500
82 322
232 337
14 154
241 396
28 312
434 535
360 413
337 496
302 579
119 416
270 549
9 584
97 284
28 249
4 217
295 421
185 556
341 345
301 598
13 376
64 433
330 401
58 374
21 588
246 397
386 544
76 556
165 437
172 545
297 567
343 415
304 353
66 128
16 410
41 306
273 278
237 587
260 523
156 227
99 179
129 476
444 598
14 110
140 593
391 438
199 555
231 544
414 486
166 273
206 212
318 379
82 361
270 510
434 486
404 526
299 538
61 274
275 497
23 156
375 491
74 494
270 465
18 184
42 239
145 363
12 562
341 370
281 559
293 300
348 419
305 533
33 68
122 502
179 223
129 539
127 333
99 113
60 321
18 355
397 549
124 493
87 396
419 502
216 486
43 44
204 510
61 595
203 577
234 302
47 211
11 283
70 524
64 543
46 298
12 275
14 193
223 488
233 518
123 388
27 466
156 259
129 311
19 231
9 444
133 410
339 443
315 483
5 507
151 339
2 365
262 568
537 553
384 509
385 403
276 406
30 33
216 429
86 130
77 594
210 414
326 451
216 256
221 251
32 51
472 500
325 394
280 385
37 323
20 231
227 532
192 239
241 483
41 308
174 521
67 398
8 43
348 503
104 467
21 478
2 356
77 504
400 506
107 573
359 481
74 591
154 187
316 596
137 561
57 397
250 300
246 305
35 471
300 388
222 448
285 515
248 530
371 597
23 189
398 423
58 598
236 564
235 537
512 560
455 475
133 540
264 385
187 508
0 298
298 501
229 529
8 144
47 534
289 592
189 259
1 185
62 417
138 487
228 322
152 374
350 369
46 106
223 353
218 453
390 459
265 522
518 557
195 510
413 514
116 362
549 585
178 449
228 320
1 394
328 423
132 357
45 277
408 570
13 73
127 439
543 592
25 599
178 381
95 536
218 257
76 335
179 265
82 532
2 108
198 568
274 595
439 500
126 577
3 402
85 451
228 441
338 494
142 184
111 166
234 384
66 491
40 349
143 354
14 59
12 557
96 310
187 438
64 592
407 575
46 489
218 487
53 528
446 558
237 549
409 445
452 453
147 409
20 182
171 354
267 489
310 513
122 238
181 512
24 206
71 321
95 187
380 492
224 471
330 572
38 526
190 475
395 589
194 201
157 572
510 548
177 220
119 381
187 546
47 597
39 317
167 577
204 482
100 420
87 519
292 372
330 535
370 421
195 576
358 444
294 472
174 355
51 135
297 507
316 484
264 403
60 201
86 225
417 487
229 317
331 589
2 302
35 118
65 243
101 152
260 511
171 565
103 280
26 536
534 552
111 512
103 254
127 516
197 540
262 490
38 278
73 412
121 144
521 545
107 310
104 334
214 575
151 567
432 541
186 261
137 488
335 403
361 433
246 303
205 494
36 451
325 449
274 395
254 301
44 403 128 119 158 493 439 343 4 33 394 177 1 97 539 568 107 266 413 101 115 545 201 94 73 215 405 22 365 450 107 197 92 367 372 404 256 557 378 172 108 392 528 309 437 75 305 147 71 139 286 285 172 300 409 239 413 41 243 287 120 81 238 249 272 554 224 265 381 217 444 273 250 36 88 181 498 501 99 73 38 201 156 122 392 343 176 538 435 314 60 224 337 363 367 60 472 162 13 410 122 128 487 102 133 44 520 217 150 571 552 334 589 24 405 56 275 286 151 320 558 58 586 237 455 563 562 390 301 243 546 317 354 44 498 386 467 576 221 560 79 458 88 151 158 440 82 412 454 237 94 227 211 175 117 189 268 549 59 482 370 122 273 576 116 342 49 147 419 506 206 359 412 204 47 237 1 343 527 405 197 423 172 556 246 223 199 493 380 599 508 223 489 491 65 29 420 597 512 534 552 69 444 304 82 270 143 470 525 599 383 93 303 262 125 488 259 564 47 327 483 509 220 360 232 248 314 352 50 98 590 411 566 187 546 560 573 183 35 202 585 216 53 12 190 41 520 31 577 339 581 174 254 127 102 208 494 275 468 114 248 566 380 324 93 299 345 315 123 184 543 526 135 273 537 315 318 571 217 68 557 226 116 360 288 593 184 524 55 20 157 88 183 318 181 300 553 202 393 583 532 314 137 121 227 211 295 306 565 344 504 595 136 162 222 300 294 154 471 195 208 475 482 363 453 313 262 63 88 375 38 240 320 106 243 595 534 524 387 439 130 112 240 52 9 347 550 213 584 151 57 346 330 294 47 195 144 326 266 9 555 498 67 586 436 543 189 317 86 355 204 306 32 87 473 498 350 469 368 65 584 196 110 82 293 261 452 73 598 144 23 320 17 244 576 255 521 131 326 184 171 369 594 340 202 594 523 66 97 265 281 216 242 286 410 500 38 166 422 480 173 19 581 483 101 401 18 261 142 117 571 123 451 247 89 198 213 154 55 390 423 197 130 571 251 281 16 61 237 104 447 109 44 229 127 53 596 352 142 298 200 318 287 564 389 19 24 499 192 78 98 84 284 221 118 530 135 261 541 491 548 5 182 545 320 549 308 187 217 92 301 404 343 203 135 254 123 486 333 397 231 463 535 40 83 574 400 301 12 40 593 355 335 305 250 513 398 112 160 287 436 296 111 260 517 467 257 296 250 127 217 477 220 460 571 277 296 530 371 269 126 345 290 536 422 557 355 48 392 58 264 509 567 328 148 363 156 4 148 578 173 546 456 248 179 170 222 335 381 294 569 293 264 117 43 0 569 225 11 472 400 253 222 297 158 577 90 147 124 88 429 486 270 531 285 244 200 334 323 539
298 617
564 802
235 368
364 247
849 590
385 412
991 47
716 637
265 157
760 510
615 686
366 71
860 337
886 723
559 433
936 104
300 267
256 685
36 625
984 110
898 201
546 982
387 366
682 163
12 382
554 539
438 427
471 55
680 61
929 961
650 219
14 804
475 327
659 133
83 380
221 932
325 916
520 590
225 527
233 864
796 158
51 199
466 246
230 172
177 178
998 563
372 593
476 663
114 908
719 322
716 998
473 287
850 102
942 423
319 695
111 260
559 635
802 912
681 529
607 428
201 4
359 962
427 767
308 436
884 263
24 916
162 279
820 965
686 208
444 991
115 667
136 1
223 60
938 698
240 897
271 95
669 779
565 878
589 4
268 434
157 622
640 433
812 272
334 130
630 842
328 952
588 72
59 922
288 680
27 764
134 463
613 963
103 292
414 714
491 945
493 433
453 141
303 578
225 216
137 134
745 164
610 527
646 575
668 671
307 324
422 376
442 549
506 147
278 375
616 874
522 447
364 656
998 787
151 95
907 602
121 786
102 976
285 460
206 980
372 820
80 60
269 64
725 669
720 804
283 830
986 534
583 364
729 438
136 321
384 289
558 41
700 290
808 381
254 244
264 988
519 263
436 333
113 154
444 717
802 238
738 749
387 502
5 659
186 806
251 123
452 180
368 10
980 501
585 620
507 5
997 348
340 501
636 542
619 603
538 492
535 295
721 194
798 478
778 316
973 75
786 96
999 183
642 70
648 993
112 360
320 994
274 645
662 364
500 860
159 394
165 219
123 838
57 545
80 113
27 565
910 77
999 969
595 285
385 894
49 135
985 387
370 759
949 220
110 945
74 640
613 790
962 329
483 512
449 893
706 108
133 570
8 515
571 250
611 479
169 121
930 923
386 445
283 214
22 474
304 105
40 963
187 63
695 836
629 369
914 830
195 857
27 356
966 654
440 66
746 73
940 613
446 605
44 327
407 230
190 650
144 168
898 518
821 643
516 749
194 449
547 329
934 740
440 796
37 168
170 965
569 119
603 326
764 219
699 257
239 818
78 519
933 162
41 411
934 300
125 409
857 958
539 783
787 768
819 707
549 218
36 680
60 819
149 996
4 943
989 269
855 676
738 882
625 170
451 19
681 11
665 848
898 762
687 453
652 101
667 629
585 399
860 519
513 711
82 669
715 162
6 706
998 298
85 459
401 973
703 693
58 90
889 679
400 578
875 605
642 300
850 915
922 667
224 761
234 606
396 934
876 387
36 50
986 612
187 601
600 571
632 643
323 37
505 315
316 68
260 579
531 878
179 999
219 130
177 311
949 271
869 133
343 341
278 26
602 919
825 352
831 65
490 634
346 436
352 626
536 409
644 918
702 586
183 363
777 854
4 305
689 901
98 224
682 993
53 249
881 86
484 177
424 286
629 41
463 360
372 156
122 748
938 36
277 861
262 721
706 37
721 230
145 35
729 274
554 577
891 33
496 827
330 847
266 944
745 988
252 750
844 470
470 916
829 758
678 484
258 326
639 748
842 4
3 418
168 906
295 520
974 839
777 7
363 542
81 11
641 340
730 1
606 106
12 260
811 559
832 169
851 203
494 377
752 116
7 205
151 768
11 593
236 408
839 433
741 474
680 403
418 169
821 314
75 952
454 217
755 786
315 406
344 574
644 10
92 714
876 170
812 27
599 716
246 9
6 865
676 568
216 301
861 752
971 996
235 439
217 725
612 254
381 851
667 946
409 526
157 438
678 711
950 131
537 63
712 861
543 183
154 500
430 467
791 951
982 224
539 827
438 937
74 873
773 900
843 994
236 958
337 180
791 534
377 212
706 735
173 568
816 808
13 133
153 671
871 442
985 464
273 288
949 774
967 714
413 127
946 580
105 29
296 790
453 752
4 53
748 577
782 185
816 128
376 123
783 987
286 747
581 478
404 319
473 587
327 298
916 477
174 735
405 62
871 844
841 291
850 552
864 640
44 17
374 988
474 468
725 405
125 697
678 323
684 805
275 494
716 513
956 478
81 320
774 678
451 828
428 850
259 538
302 889
565 768
570 738
958 3
113 486
518 114
225 331
994 933
191 492
926 365
217 635
392 737
202 159
881 880
841 870
495 80
319 368
1 13
147 252
903 796
139 964
780 365
396 797
879 572
126 524
402 260
664 246
498 984
645 718
6 986
690 353
942 851
86 759
902 0
526 948
937 543
483 760
69 173
397 621
59 441
220 259
584 203
257 794
201 906
818 675
1 337
901 408
548 95
998 742
730 356
329 606
769 639
821 610
551 918
31 844
317 224
358 391
477 557
95 423
929 888
64 736
372 690
488 121
397 92
516 910
769 417
321 767
904 316
122 874
994 685
93 613
115 90
60 701
120 636
300 150
158 541
980 877
977 431
195 772
417 18
434 636
766 252
741 952
471 694
828 522
482 405
919 998
528 366
354 281
306 181
858 785
768 41
916 229
898 142
76 577
514 541
208 555
963 909
806 840
191 247
971 196
431 687
895 932
353 872
343 101
594 832
930 335
51 296
303 2
337 719
130 202
869 304
607 1000
512 797
153 879
421 199
359 467
58 475
581 976
880 471
246 503
770 465
514 191
867 814
177 697
954 943
640 402
915 572
184 412
581 163
955 375
641 484
314 473
744 545
753 827
877 987
796 738
573 939
466 965
901 443
302 967
915 276
703 767
567 848
356 904
992 9
538 659
707 556
579 514
