600 984 600 1015 18
50 532
319 421
240 490
199 468
47 569
371 549
156 232
43 508
71 146
132 173
422 575
219 541
37 69
241 279
33 251
469 494
420 568
230 462
82 543
130 548
26 144
76 288
89 257
71 152
40 246
425 547
78 185
243 406
341 402
187 298
117 348
264 333
275 276
226 471
33 303
203 539
54 480
429 586
245 319
157 306
31 531
20 148
267 338
0 410
305 524
150 404
25 265
102 339
270 302
178 383
79 357
180 545
21 70
336 497
150 433
17 521
5 404
323 522
258 596
255 344
201 544
384 386
27 376
110 589
141 515
200 437
158 498
202 481
345 431
469 510
47 420
109 447
1 310
53 383
39 553
208 319
25 461
318 451
220 273
231 259
62 222
34 375
485 486
34 76
386 398
168 365
90 443
14 378
140 514
147 215
94 105
13 468
103 270
503 540
27 322
179 598
189 363
474 586
319 448
80 390
276 415
420 569
28 112
58 251
112 545
37 516
366 461
137 525
2 366
76 433
189 293
221 357
202 291
72 296
350 579
38 108
535 565
17 175
320 531
239 504
183 505
156 501
243 598
85 380
30 80
54 291
463 467
30 595
389 432
318 320
215 569
319 370
407 466
55 351
145 560
220 450
286 322
185 589
253 396
184 573
191 268
227 536
368 543
307 314
38 125
495 561
420 436
437 456
90 446
212 330
126 219
318 431
175 550
166 424
3 396
250 588
345 559
266 338
276 296
45 504
293 313
238 491
344 417
21 504
81 226
304 594
164 430
55 416
108 405
60 459
467 515
295 429
132 313
261 576
233 399
7 153
16 225
120 513
105 581
174 261
67 77
263 493
218 552
375 426
304 479
21 362
0 511
19 592
138 309
410 511
502 571
132 293
216 488
121 143
32 235
237 548
123 372
68 555
86 306
103 163
251 303
272 554
421 561
75 152
262 539
345 485
362 423
133 475
167 441
74 78
16 340
371 520
284 355
0 285
331 373
257 509
91 355
541 577
149 238
222 574
450 503
7 391
271 560
109 133
424 477
213 493
59 529
115 483
22 32
197 394
238 585
256 403
378 420
134 262
254 427
41 93
66 180
392 557
300 395
450 483
31 53
40 537
342 594
23 183
13 567
221 391
532 596
233 347
415 490
511 576
307 578
49 160
11 139
27 442
62 478
13 35
159 466
164 494
490 589
22 462
130 348
225 366
278 329
117 175
141 453
281 479
68 97
147 330
232 501
368 378
413 419
338 460
517 587
88 176
232 523
228 474
4 395
372 482
263 453
7 542
300 512
465 559
370 499
416 510
446 472
5 565
27 266
316 324
126 590
272 547
270 550
27 389
35 161
384 473
445 512
306 337
144 313
186 363
297 369
135 175
404 565
49 310
295 377
489 492
353 558
150 288
127 549
248 510
456 534
431 555
101 372
10 425
35 352
72 240
250 485
118 387
208 448
133 286
414 544
44 230
28 194
408 443
232 427
104 284
82 193
65 120
65 534
432 457
50 576
52 465
70 369
220 577
278 496
279 536
230 424
77 121
15 153
194 349
177 528
375 539
330 516
86 126
177 596
62 574
425 554
35 146
6 224
148 424
401 402
144 216
61 113
1 52
30 390
533 539
29 516
466 498
159 257
154 201
78 468
81 301
48 316
233 334
299 368
75 519
110 137
184 241
275 525
511 593
406 552
307 582
60 527
20 258
219 306
12 277
290 586
190 487
397 554
117 237
267 515
224 529
363 388
34 315
83 313
93 160
409 411
385 569
243 413
32 494
122 588
24 460
436 534
221 509
6 530
300 396
217 526
251 584
194 197
170 579
28 197
176 492
92 557
79 89
52 336
454 514
112 595
6 382
118 169
193 452
151 558
482 537
320 451
335 449
168 451
289 438
172 474
308 599
9 329
119 265
101 123
126 580
167 395
364 432
260 544
17 302
296 415
110 415
165 216
73 506
261 449
12 96
211 362
11 468
20 596
171 307
252 309
164 327
369 459
370 551
134 203
409 583
95 177
308 385
378 538
123 544
448 588
82 568
349 545
181 218
227 573
58 336
67 121
66 137
80 595
47 215
546 565
58 559
312 493
215 385
42 366
208 234
154 192
33 591
213 409
84 500
187 552
66 269
100 208
76 315
255 405
57 563
139 468
202 570
28 242
44 166
299 592
210 577
218 502
418 458
21 423
498 597
125 478
204 584
235 424
400 448
81 437
59 90
48 391
100 181
414 577
25 42
111 276
457 543
257 505
18 172
315 480
368 538
186 592
271 390
326 355
90 286
409 507
135 550
50 337
337 593
484 584
129 145
291 480
466 509
319 428
253 548
119 461
201 482
278 347
122 499
19 207
238 553
125 551
226 301
65 456
69 384
123 220
426 533
33 195
367 369
90 408
11 362
367 459
172 560
334 346
283 332
265 546
312 338
272 397
86 219
269 354
143 363
279 498
178 584
46 426
172 438
22 476
210 339
226 496
192 593
464 540
283 478
36 348
45 579
267 493
339 577
120 378
109 321
25 366
429 474
122 501
416 597
478 551
60 307
32 435
162 390
176 377
127 270
77 374
314 441
55 359
57 143
134 524
376 432
367 470
141 467
259 529
118 391
11 204
320 502
101 128
0 96
115 244
204 468
26 182
224 530
171 371
2 518
241 597
173 363
96 562
196 331
360 455
403 488
289 474
172 289
347 399
324 493
320 365
361 576
412 440
421 495
31 383
74 589
212 526
406 419
294 590
281 599
180 525
469 597
90 566
262 533
286 387
280 426
95 528
131 489
74 236
232 499
70 297
174 429
27 460
13 78
98 409
32 206
222 249
6 298
118 357
90 136
59 566
131 289
415 589
434 564
121 374
90 447
248 311
26 81
126 541
118 221
44 148
85 98
24 463
39 527
20 294
63 252
72 579
227 279
178 468
124 543
184 597
111 296
38 328
182 334
171 444
528 532
94 581
1 41
291 508
15 324
259 574
143 173
285 558
39 585
96 151
37 384
172 394
284 326
137 572
292 376
25 546
105 363
357 487
108 417
4 135
343 578
245 448
41 310
223 418
142 455
65 313
332 364
70 402
100 393
98 99
209 382
122 400
16 223
168 486
346 399
142 314
144 182
133 190
98 380
332 574
147 281
151 285
69 516
205 327
3 425
63 570
77 405
181 561
0 174
315 375
400 499
42 556
54 508
290 412
114 588
164 469
118 487
476 573
331 523
336 465
305 426
70 239
117 521
100 168
389 460
103 340
356 384
51 225
246 571
26 456
304 599
248 469
154 353
38 551
380 542
338 493
96 440
303 459
106 127
85 99
17 117
86 580
9 155
267 467
239 367
414 541
203 247
246 320
256 334
334 403
128 482
127 163
236 423
104 326
9 301
332 478
235 327
250 465
171 314
198 546
197 242
49 92
8 420
132 143
29 212
7 507
191 432
350 360
7 407
135 395
314 582
83 456
190 506
1 575
225 458
228 290
480 481
430 454
252 508
161 269
287 518
80 162
465 517
52 587
214 464
63 291
240 589
57 309
450 540
62 551
330 479
263 411
57 132
42 198
484 559
244 540
116 183
162 271
444 527
282 475
39 575
212 217
313 488
213 583
20 483
241 536
5 546
435 573
436 513
174 335
173 293
240 423
44 462
48 387
321 419
471 496
146 326
272 425
431 486
199 383
267 463
45 170
1 238
134 557
380 507
23 101
56 348
281 385
370 421
100 561
116 214
519 522
479 599
62 332
174 562
39 163
236 240
251 484
9 594
316 387
145 188
40 320
190 286
200 301
247 539
9 200
114 465
104 146
147 212
24 267
19 94
94 186
164 206
292 574
520 550
374 405
259 292
203 366
373 405
147 479
462 540
176 449
159 227
12 355
239 350
0 192
377 449
108 255
174 449
135 445
218 365
129 358
57 488
192 439
78 139
246 406
185 269
108 551
176 361
73 264
116 273
158 380
231 317
236 589
159 476
231 322
182 233
335 429
89 264
154 482
325 551
168 320
418 518
77 388
259 376
321 472
45 350
203 262
245 370
415 572
518 556
255 417
163 575
66 525
347 496
141 473
125 581
102 126
406 413
287 418
210 450
439 593
229 453
273 503
297 402
105 328
191 457
475 506
149 527
84 309
350 455
268 460
356 473
349 394
235 477
37 386
50 306
30 242
96 104
366 458
321 446
26 226
73 333
205 430
173 189
152 323
223 287
107 266
59 317
89 509
35 53
223 270
47 217
452 463
50 95
36 535
5 119
156 427
53 355
44 540
564 588
5 265
466 542
457 592
110 269
75 522
1 585
239 360
60 444
46 113
6 495
90 109
311 351
187 218
64 171
100 428
123 577
364 376
209 222
462 464
246 537
84 488
165 403
379 387
88 361
427 557
87 183
170 381
28 595
274 315
171 549
128 413
113 254
451 486
398 467
61 392
201 372
142 578
386 463
136 552
156 160
22 435
453 515
275 572
286 487
62 283
68 318
498 573 467 245 570 42 414 289 491 529 19 37 254 505 265 5 98 302 584 64 332 170 571 319 532 138 235 490 107 74 377 96 54 572 541 18 240 116 488 176 421 532 416 118 12 402 505 38 245 224 574 469 139 129 327 2 315 594 528 425 300 283 9 494 230 562 222 301 121 222 494 245 321 587 419 445 23 498 447 477 536 72 206 97 86 582 177 179 553 556 475 481 552 290 223 265 162 179 108 388 43 462 453 511 209 563 211 585 571 470 421 358 494 304 244 162 168 544 109 536 355 128 225 492 136 413 53 434 311 93 106 485 233 220 318 584 574 562 459 257 233 335 141 408 522 154 579 220 588 122 151 176 237 12 314 563 283 536 532 65 292 105 514 587 360 436 465 389 376 186 487 19 51 545 559 190 466 449 194 276 549 501 271 462 119 246 488 261 178 232 350 381 88 499 234 472 583 115 391 474 384 79 210 266 234 464 369 294 596 106 355 425 226 289 533 485 43 350 212 499 599 182 569 480 122 244 236 437 218 106 573 572 579 49 588 44 135 203 469 324 570 352 539 217 295 381 108 179 399 52 593 79 484 273 233 591 249 415 108 329 457 269 256 329 313 349 93 541 178 246 314 102 290 547 15 18 79 224 28 102 377 303 520 338 150 369 347 163 289 134 264 594 386 534 495 337 520 461 350 433 351 145 484 290 42 53 599 219 436 357 267 127 270 402 370 517 244 187 87 144 434 500 362 500 278 502 462 153 108 423 484 221 184 185 126 48 190 481 346 505 571 300 325 519 326 453 377 423 391 564 474 110 153 357 532 418 115 444 424 127 32 219 209 173 16 218 390 157 18 585 210 237 317 490 60 245 12 200 478 44 338 598 538 593 569 58 528 207 398 37 101 368 533 403 86 110 491 134 263 124 322 450 318 107 237 527 439 176 3 491 429 474 135 312 124 389 1 442 92 348 375 527 445 221 120 333 430 572 495 137 241 171 125 389 167 365 422 418 466 538 526 99 150 408 545 89 23 571 82 522 387 205 396 63 387 271 92 307 0 382 160 2 508 522 300 337 43 283 298 208 135 126 124 139 245 73 573 434 77 216 469 556 506 236 548 514 15 354 28 184 568 404 528 413 419 400 535 16 273 181 74 137 550 18 131 301 244 502 63 83 592 309 547 199 171 82 144 521 186 232 21 84 435 285 448 334 397 375 433 87 203 582 62 415 134 39 461 435 566 475 46 420 101 185 76 82 141 466 133 6 221 419 58 454 459 1 12 217 460 31 114 202 582 186 295 569 505 251 200 439 154 146 28 212 589 408 566 309 356 532 297 27 592 98 37 122 551 203 294 240 303 88 206 358 266 152 453 232 432 228
600 862
698 318
730 131
900 71
965 203
651 48
469 468
127 669
181 253
8 83
924 6
822 575
622 735
766 682
242 245
89 606
708 217
858 158
838 930
316 317
365 989
886 580
208 874
342 740
141 460
661 115
128 91
235 469
953 893
59 341
977 942
677 683
154 922
782 413
541 64
750 723
778 5
69 372
398 272
821 317
551 696
665 299
700 114
447 4
264 907
956 534
480 171
139 294
146 608
671 250
524 921
666 166
700 359
733 683
464 63
14 788
833 45
298 138
731 482
358 499
841 394
550 200
379 370
414 82
864 341
173 194
874 800
350 194
677 618
18 375
902 505
742 799
944 637
297 696
834 644
799 813
507 7
364 222
800 645
243 675
985 987
96 136
145 360
184 146
280 93
38 752
466 957
363 796
614 993
251 708
364 553
627 684
635 222
661 337
297 274
547 959
635 773
634 629
26 687
12 742
549 480
408 734
378 922
764 220
681 762
335 270
797 248
200 529
438 291
359 643
900 715
975 800
986 838
460 214
649 406
298 960
320 795
840 127
178 627
624 74
220 202
391 176
574 355
412 819
191 308
374 296
416 935
828 243
449 708
866 924
887 33
713 967
285 177
321 610
628 192
942 220
428 590
879 750
327 35
803 617
72 908
44 471
991 384
314 183
157 106
853 970
758 771
44 291
290 999
790 362
598 21
609 770
784 858
116 628
516 741
28 55
582 270
521 859
69 754
230 775
604 297
821 771
925 995
815 268
96 948
217 56
248 943
952 277
605 530
249 589
936 580
905 320
807 917
294 207
619 893
882 145
631 972
550 1000
746 562
504 672
916 815
550 521
186 69
312 757
136 840
824 672
262 280
485 568
882 945
269 229
271 637
219 414
544 812
168 379
943 863
811 415
521 281
916 879
730 69
755 588
44 129
480 766
418 149
604 131
789 543
119 995
122 915
299 344
579 448
463 410
378 878
848 583
81 317
61 564
293 781
91 292
203 100
129 317
525 574
460 913
349 847
172 690
438 401
752 171
438 501
701 186
80 57
192 790
756 863
28 501
235 896
347 468
524 315
149 42
587 418
178 979
875 640
837 89
755 339
928 449
908 634
132 805
928 926
462 657
294 924
519 389
508 644
583 85
28 861
396 425
613 462
802 483
368 89
905 121
497 239
463 320
303 8
223 737
392 999
337 426
505 804
595 907
573 147
34 549
273 731
658 79
180 505
120 477
169 426
844 761
812 217
881 986
969 49
338 819
475 12
936 778
967 761
598 727
49 19
168 774
527 189
23 257
357 692
357 357
649 726
603 799
278 563
789 146
574 53
757 989
698 836
427 123
322 406
249 206
359 950
683 934
994 719
860 483
514 531
238 324
977 127
33 93
871 180
826 442
1 205
535 158
486 891
930 366
86 234
320 89
701 274
48 891
143 545
223 173
962 329
496 67
155 571
332 513
645 600
520 433
588 623
379 615
275 475
844 869
95 566
413 369
729 739
140 966
377 251
14 18
22 316
488 268
331 364
324 709
214 19
665 916
702 447
527 887
155 511
413 888
784 198
830 482
23 170
979 424
485 341
674 506
249 13
134 2
800 38
920 845
981 512
0 881
796 731
543 746
857 693
658 702
60 451
218 654
905 902
16 830
960 447
601 964
847 615
330 215
299 391
554 561
686 144
891 422
222 262
880 461
481 388
880 276
437 756
468 241
411 212
503 106
291 419
647 949
212 237
170 532
74 714
971 584
449 438
722 637
32 421
67 258
84 401
195 581
348 245
245 402
934 957
152 645
571 221
590 483
878 856
984 223
934 117
977 19
86 430
175 8
542 368
840 551
816 525
250 71
621 11
413 251
474 627
146 694
413 532
48 624
573 839
3 541
701 800
420 691
483 822
933 708
68 792
465 356
760 143
404 663
143 251
500 455
724 241
901 603
235 980
931 47
510 163
561 250
529 460
699 906
70 977
693 573
274 372
557 14
602 360
181 878
119 233
79 202
759 923
514 835
661 783
995 266
198 469
450 572
889 352
953 179
382 577
314 584
544 404
614 935
322 918
599 591
85 345
56 511
64 940
993 471
152 166
251 346
722 158
856 426
175 452
606 106
254 865
124 426
273 846
644 437
141 743
89 467
784 592
70 862
914 398
123 31
404 621
19 466
736 905
302 635
226 830
158 999
359 321
4 276
457 121
441 186
487 720
332 971
739 518
633 483
657 555
226 623
259 118
683 974
970 707
723 335
659 988
113 528
142 869
502 491
75 19
749 404
93 778
516 348
311 61
562 309
541 603
324 859
923 526
253 756
308 661
92 643
438 52
208 685
56 826
563 893
940 155
140 214
41 980
78 499
34 354
674 383
770 117
829 800
917 252
817 147
849 820
488 294
594 188
901 794
106 331
818 357
523 984
401 474
431 477
606 641
513 950
532 130
129 179
716 12
158 800
513 697
202 282
546 107
294 890
462 853
93 739
204 353
472 792
959 827
687 67
957 79
864 64
841 279
899 208
402 336
484 597
802 337
946 25
695 598
751 50
595 230
562 783
699 515
805 994
527 495
642 834
330 125
613 323
680 0
342 540
806 693
167 327
107 263
373 126
529 628
908 741
177 833
360 392
742 280
569 932
393 849
955 407
990 559
438 964
328 294
975 362
38 585
767 528
766 296
712 880
655 362
609 393
893 663
390 944
800 390
278 324
544 840
4 150
981 914
459 987
90 823
481 689
39 221
