600 1597 600 1156 12
48 365
250 383
248 343
42 563
14 148
281 437
288 380
129 231
303 458
301 595
207 252
162 178
167 597
186 423
357 591
44 285
158 371
317 493
236 392
364 526
297 409
191 192
102 288
380 386
115 561
38 200
178 425
503 524
365 471
56 406
84 431
388 437
166 256
81 114
143 513
412 432
150 305
54 277
478 591
115 236
528 572
78 553
118 285
161 351
310 346
187 477
15 427
281 448
239 461
96 339
83 317
155 574
83 229
294 470
136 593
330 554
552 573
127 506
2 469
310 562
306 367
59 594
184 401
268 500
264 416
91 136
100 576
60 140
20 78
227 449
396 572
69 215
30 112
47 492
245 300
154 294
319 480
37 459
364 417
415 535
214 251
263 305
221 529
172 590
380 559
313 498
235 360
234 442
180 447
34 186
111 197
449 543
372 549
93 444
275 474
574 598
121 554
387 556
31 39
154 528
14 592
140 150
141 451
111 387
81 430
97 566
6 266
148 592
296 558
7 126
46 318
15 195
83 493
126 151
359 481
220 222
88 519
413 489
402 510
215 228
104 309
134 353
237 401
65 519
65 212
468 597
388 530
48 99
30 62
145 371
348 460
335 452
178 522
302 537
50 226
42 253
216 554
75 88
262 529
245 304
117 541
319 413
17 447
552 571
216 546
291 401
50 311
138 155
229 498
273 434
102 175
71 432
354 458
152 560
31 393
29 420
192 477
127 286
40 241
107 507
176 509
117 357
374 517
134 139
343 484
169 234
190 244
195 530
33 455
131 133
196 293
297 352
22 460
316 364
437 446
99 163
178 516
304 533
55 487
225 572
165 596
88 261
483 492
230 341
386 511
20 356
311 351
349 514
269 527
78 252
402 513
448 505
88 592
38 63
52 387
198 280
296 532
367 384
348 560
282 512
1 293
56 184
149 323
95 589
117 569
24 397
51 270
235 516
183 335
541 591
47 461
410 590
304 379
95 471
495 580
111 205
23 571
61 245
423 444
169 303
83 457
146 484
302 574
156 301
389 411
236 391
457 493
201 289
424 547
440 511
249 551
242 424
179 254
225 416
6 558
255 494
414 542
204 569
117 204
42 436
201 426
41 382
380 491
178 260
281 586
199 343
31 367
149 278
210 424
252 357
26 183
105 117
59 349
290 414
168 488
0 133
439 468
118 450
353 572
190 424
314 458
359 440
56 435
253 301
188 520
53 344
143 577
50 421
153 363
444 465
95 435
211 448
192 482
30 298
207 356
122 562
9 187
246 263
112 235
69 279
238 453
52 111
70 315
57 141
44 452
409 506
519 530
382 401
391 561
462 510
190 349
222 578
264 556
56 76
313 475
33 328
299 481
295 432
15 524
25 365
277 391
113 191
63 412
242 594
498 521
61 127
13 510
171 316
376 456
123 326
155 598
145 186
27 127
70 206
147 408
24 191
354 583
501 555
405 580
317 342
130 504
229 523
7 175
381 509
135 445
177 462
24 438
358 522
395 498
94 129
205 482
214 415
76 193
187 205
105 252
172 201
508 554
327 564
232 282
357 541
187 579
246 582
428 523
53 527
564 573
128 244
453 595
385 439
87 196
440 475
354 502
197 264
84 188
344 376
425 516
275 429
340 360
84 133
161 503
29 350
92 271
431 596
0 543
262 472
21 330
46 418
149 407
141 255
77 86
32 562
162 340
339 487
289 426
321 490
316 493
76 469
287 349
269 344
388 546
218 231
507 580
434 503
197 387
181 216
21 183
43 392
218 523
313 521
127 483
368 400
162 461
137 168
112 509
539 547
133 188
360 500
211 505
203 532
118 281
243 462
182 583
10 209
32 122
103 409
118 546
35 422
303 312
383 389
95 129
37 139
341 394
22 23
525 574
40 271
114 580
242 587
198 346
208 221
312 583
324 392
81 202
125 323
98 236
28 29
161 213
177 468
202 227
254 545
359 386
345 367
387 494
436 445
295 412
143 166
304 383
374 572
142 543
112 500
39 279
12 191
312 458
444 558
329 365
413 480
272 345
26 104
198 398
44 525
72 496
195 575
79 479
89 237
103 158
502 583
309 470
77 231
212 446
96 505
36 439
339 558
89 116
250 304
334 529
165 188
308 467
161 242
233 514
67 360
275 405
174 355
350 420
169 182
245 379
171 364
124 558
361 585
327 552
112 381
279 356
107 588
33 293
445 595
389 533
147 292
259 487
103 302
62 298
123 456
493 501
5 301
216 240
73 597
207 279
200 363
89 451
101 443
92 137
23 460
182 442
86 218
33 590
270 446
70 126
10 352
36 589
284 367
371 483
346 362
34 423
328 455
95 320
133 233
73 154
78 565
21 26
132 289
155 185
293 328
42 140
404 588
49 581
460 466
173 584
165 520
306 471
406 435
36 48
438 567
28 124
163 468
355 597
209 409
114 405
37 134
222 591
515 540
416 472
240 427
150 563
23 441
27 300
294 472
185 339
247 369
260 522
191 333
151 373
324 499
378 539
178 458
262 416
16 428
258 344
203 266
413 557
274 433
282 405
257 494
437 599
475 521
22 328
79 276
467 596
144 548
268 383
161 427
90 562
119 333
251 297
507 588
199 246
166 577
83 342
10 506
208 254
188 596
12 408
170 196
92 265
60 150
214 246
58 549
342 428
294 539
60 91
101 556
94 231
409 537
238 464
34 574
170 488
179 190
7 368
310 518
198 315
322 369
127 158
5 436
51 65
8 388
254 438
475 486
57 447
278 555
238 321
166 297
415 582
55 259
162 360
361 419
53 308
107 270
168 170
454 526
466 499
186 371
130 324
382 469
113 438
108 323
78 175
28 339
119 418
4 375
205 497
416 556
88 503
426 590
185 598
102 151
172 441
258 361
153 200
144 473
318 418
52 414
314 358
374 528
321 578
350 515
22 348
134 374
269 480
219 254
26 355
9 341
166 415
26 243
217 478
109 479
185 570
341 366
1 560
81 275
128 424
3 302
346 375
136 140
372 422
321 445
284 481
195 546
260 483
233 287
98 466
59 159
216 508
73 470
261 592
9 497
24 113
237 451
121 330
203 583
197 336
211 588
181 285
337 491
73 174
425 458
16 496
138 185
210 594
266 583
311 534
226 294
239 249
181 452
388 599
135 217
185 450
79 412
14 227
100 462
78 400
149 454
515 531
433 511
135 490
138 331
187 189
154 416
255 414
226 378
78 288
115 277
333 477
94 395
456 520
48 329
94 320
134 517
159 543
60 305
152 293
168 293
70 280
484 576
487 570
160 481
127 492
188 431
116 572
19 402
146 223
54 265
21 121
454 486
367 393
480 527
172 455
264 336
288 553
97 145
128 547
27 506
38 66
240 370
270 307
29 505
241 488
318 477
71 422
247 392
51 495
0 188
191 545
4 310
267 386
172 426
129 406
268 298
93 502
147 287
53 165
50 470
108 407
80 556
277 399
472 539
405 512
223 343
116 225
39 384
200 206
140 593
175 288
151 337
59 210
97 186
211 446
20 384
399 496
338 467
344 489
223 484
106 266
419 557
242 378
110 506
136 445
132 366
91 593
370 427
327 573
192 333
323 407
197 377
194 304
267 553
156 300
18 483
50 104
142 148
122 536
341 581
7 102
237 291
255 443
325 391
13 535
536 591
276 412
182 303
216 285
460 552
45 266
173 564
48 468
212 599
24 567
417 526
280 398
43 327
201 230
17 41
90 310
78 207
57 180
278 364
217 569
272 284
219 545
17 57
176 485
177 243
285 450
160 299
274 347
232 275
115 560
252 536
430 495
3 256
366 581
81 227
7 400
70 373
31 384
161 524
245 249
415 513
160 359
429 449
429 456
230 394
185 463
126 280
278 526
105 473
3 452
61 300
4 562
28 350
5 42
51 107
247 382
397 482
19 243
147 219
332 428
525 598
503 592
92 560
385 517
206 315
375 398
144 204
67 389
37 589
68 428
120 278
200 315
236 369
93 358
71 372
213 242
15 75
111 482
2 382
189 341
21 104
327 504
251 415
14 543
307 588
35 518
347 454
187 318
275 326
352 409
337 347
506 550
220 578
262 539
156 253
173 497
299 565
233 349
21 370
336 416
1 22
272 299
142 273
478 541
38 315
410 426
101 387
149 479
298 383
99 576
162 516
194 595
47 239
64 583
9 584
235 500
41 447
91 569
59 514
202 592
203 296
212 388
322 332
284 320
258 489
353 374
69 228
64 312
90 222
136 217
84 338
141 237
237 353
19 452
274 486
234 509
144 569
302 371
41 247
87 488
18 461
53 456
81 474
416 528
49 366
15 161
38 363
251 352
126 368
146 283
267 380
152 168
8 118
342 403
151 491
29 96
241 271
288 559
18 47
131 338
80 264
455 590
88 530
58 422
219 287
277 561
177 355
322 325
250 389
49 201
209 506
544 557
13 513
192 205
94 481
197 482
110 563
32 90
164 173
179 244
142 159
176 234
231 395
59 190
429 474
232 361
381 425
256 409
82 224
160 386
460 571
118 570
77 129
16 277
457 498
268 389
90 464
11 384
386 553
240 330
266 515
236 560
44 181
171 475
131 233
211 531
441 552
225 528
346 518
108 479
16 325
3 44
47 249
336 397
86 193
181 554
186 566
73 167
340 461
130 327
58 198
533 551
116 443
124 515
422 518
41 43
531 588
201 581
298 500
25 329
420 540
114 430
45 203
344 527
43 564
502 532
220 238
256 297
34 302
97 260
59 273
10 150
252 400
380 390
386 440
171 486
490 591
187 341
270 588
283 484
344 456
221 334
36 365
35 310
364 555
75 195
253 563
164 573
535 582
212 530
18 178
420 531
245 533
124 339
365 589
318 579
169 381
91 144
176 442
156 563
6 515
85 164
189 579
401 568
32 222
257 387
291 382
68 229
462 576
129 320
14 142
140 563
235 381
145 260
199 582
167 528
377 397
37 435
295 372
162 235
272 481
3 537
120 526
54 115
351 427
63 66
113 545
439 517
381 516
14 449
168 196
321 453
30 509
542 564
139 237
427 575
490 578
168 241
345 384
230 581
138 463
56 77
5 253
182 312
143 402
295 549
74 301
361 489
119 191
407 479
331 444
25 283
452 554
362 518
136 436
3 19
211 586
381 458
52 290
330 508
395 440
194 301
91 217
443 451
409 550
134 459
40 137
93 354
43 447
239 340
72 403
435 538
493 555
11 565
218 498
59 142
52 257
173 290
20 565
27 110
449 474
317 555
236 499
54 271
284 306
438 545
11 20
450 598
282 544
403 496
132 189
130 392
0 514
10 263
43 180
529 539
259 448
268 411
308 527
63 276
281 388
361 544
161 534
245 551
4 346
587 594
292 408
41 392
41 157
513 535
120 149
30 500
386 565
96 259
290 542
98 560
193 332
65 430
13 199
193 469
161 587
57 414
435 568
45 106
103 550
16 399
182 234
76 184
201 441
401 538
193 218
434 587
378 534
115 391
93 296
67 411
8 281
122 375
55 281
158 286
66 295
301 445
65 446
141 443
180 564
196 488
228 548
159 514
202 261
101 225
58 362
360 411
315 549
56 538
227 592
164 230
13 462
224 246
57 542
68 83
154 167
42 136
394 584
99 329
458 583
19 143
57 255
25 31
153 479
125 347
13 402
139 568
247 322
242 534
240 508
274 454
48 439
13 484
330 370
173 542
27 563
73 355
0 449
421 470
111 497
325 332
495 507
2 332
213 534
230 552
58 372
336 529
121 335
29 531
164 552
105 207
302 525
404 507
21 50
49 289
259 505
122 368
80 387
294 416
431 467
114 495
211 307
424 594
62 485
25 306
0 429
99 468
31 146
212 519
132 579
446 586
56 86
198 375
84 131
331 339
232 585
61 249
29 211
26 177
68 523
126 398
207 473
25 367
444 566
204 473
333 418
214 263
39 356
25 393
99 462
489 557
117 473
529 547
331 463
23 172
178 314
258 376
137 152
178 461
9 394
62 509
199 484
459 589
96 487
334 567
150 506
79 153
232 544
259 281
24 482
228 343
334 397
171 417
307 446
125 454
450 570
101 255
274 390
355 468
95 406
147 545
380 553
138 444
130 499
61 492
257 414
80 197
175 400
332 523
216 575
105 357
106 296
72 428
60 144
221 244
368 398
261 519
491 559
36 385
325 428
226 534
179 208
39 69
445 453
171 526
504 552
392 499
248 305
303 381
423 566
65 261
72 342
419 489
85 584
546 575
64 182
158 483
128 190
242 547
109 200
226 539
19 510
423 574
440 521
75 530
13 576
98 499
219 349
43 130
377 482
52 173
468 517
54 92
299 345
8 546
313 457
19 335
222 490
116 396
109 206
544 580
395 521
66 315
92 152
231 498
74 304
174 309
206 373
223 228
345 565
101 494
197 397
262 336
122 252
375 562
258 585
51 446
309 421
165 308
93 566
380 511
0 520
63 295
122 591
3 525
442 485
56 193
434 594
238 595
139 353
124 350
60 593
104 421
323 347
107 495
5 445
189 366
358 566
97 358
46 132
273 594
23 455
58 518
429 520
31 223
17 291
311 370
473 548
401 469
199 535
55 118
125 149
117 217
109 153
18 260
81 405
158 550
485 509
471 589
75 503
350 540
139 401
450 525
89 353
25 146
157 382
137 271
12 119
348 466
368 375
385 459
209 352
284 471
116 451
403 555
163 177
157 291
437 586
71 295
320 471
323 373
331 558
50 534
123 429
17 157
252 368
3 577
538 568
130 466
301 379
225 396
240 575
435 589
2 322
167 374
102 491
190 254
279 473
22 293
466 504
300 379
123 376
120 454
73 309
215 223
191 408
515 558
195 388
356 384
55 570
87 590
163 462
190 210
16 72
106 558
16 391
317 403
269 489
276 363
193 523
19 577
0 159
296 465
15 575
265 560
24 192
465 558
178 358
269 413
320 481
107 404
275 512
248 548
292 467
340 551
221 567
104 355
66 549
135 321
553 565
326 376
99 283
93 532
52 497
337 390
21 311
75 524
180 542
288 491
6 106
364 501
268 360
137 241
17 237
517 597
108 373
108 109
144 305
54 399
165 456
89 572
128 221
68 342
227 474
217 490
271 399
20 207
255 257
74 379
308 596
101 116
319 557
155 423
378 547
39 215
65 495
369 392
310 464
230 441
97 522
198 549
134 385
135 136
208 438
69 473
208 567
379 476
70 151
359 395
239 551
390 433
148 503
166 251
224 263
22 455
22 560
326 429
441 571
202 430
79 363
357 536
332 171 580 282 506 410 203 376 587 504 21 163 552 152 365 369 48 334 442 348 292 216 252 286 146 599 21 18 213 30 426 252 453 331 3 1 151 392 70 243 378 575 196 440 392 114 116 503 311 363 384 598 277 229 10 137 159 53 500 56 479 242 379 164 30 246 211 379 166 420 143 259 70 458 576 577 386 464 98 165 479 449 35 470 258 60 429 439 0 575 525 516 90 9 208 444 466 8 352 82 0 32 20 558 520 446 275 519 470 158 412 36 41 247 520 9 398 470 94 592 297 590 296 141 272 281 316 550 116 371 281 320 513 52 95 172 144 273 69 367 63 287 276 556 309 477 310 376 321 283 506 536 323 418 46 280 261 137 113 18 188 553 520 143 255 24 572 114 338 400 403 231 281 225 527 264 413 334 411 239 378 582 297 52 272 410 46 481 237 198 426 454 293 546 267 425 195 262 357 419 423 459 515 544 168 123 480 316 105 458 445 244 385 119 530 583 355 324 431 165 13 72 1 180 27 550 357 579 160 371 221 220 259 216 481 160 88 246 257 466 184 58 192 139 552 286 255 187 264 193 116 487 596 170 356 92 416 107 202 168 534 0 272 431 85 75 428 497 542 514 430 100 306 234 183 404 197 195 54 340 465 405 373 122 224 463 353 123 19 197 542 159 258 378 16 104 352 425 109 100 70 367 52 405 346 369 335 558 339 162 87 210 111 362 315 396 267 495 347 166 221 562 218 369 183 572 215 465 585 526 399 21 510 180 274 314 410 446 220 295 47 487 183 271 200 278 316 438 473 209 548 145 550 218 185 290 38 174 238 448 533 592 281 173 573 136 42 558 483 340 535 421 430 162 215 142 493 239 247 145 453 251 314 333 398 553 388 434 298 563 158 176 26 94 289 468 389 276 447 156 300 226 494 572 370 299 456 553 468 556 282 573 315 52 593 452 107 445 230 393 280 297 175 10 103 422 63 455 510 355 54 1 331 54 579 157 81 526 207 83 148 270 12 96 315 283 338 533 486 278 522 147 146 76 229 342 409 25 552 203 113 259 306 278 175 358 431 201 516 559 403 509 330 533 302 295 578 199 272 141 277 162 41 288 308 596 56 223 305 587 39 535 578 337 36 463 186 402 399 567 435 115 482 349 60 593 477 315 559 115 273 293 354 436 182 0 423 55 357 112 336 220 545 377 171 586 589 498 231 273 261 209 326 143 567 45 348 404 181 526 564 506 539 472 102 509 171 232 131 104 484 109 30 373 543 153 4 427 78 564 114 49 422 230 593 235 75 198 26 550 282 37 387 579 361 354 143 331 533 64 469 256 342 85 284 362 87 545 287 66 392 113 560 406 338 362 321 591 255 3
776 131
99 123
190 339
668 613
245 935
530 905
957 602
180 790
799 438
365 112
561 742
261 692
530 12
534 573
793 206
730 375
34 317
280 309
771 820
597 551
269 724
648 447
147 126
190 97
518 116
376 575
574 461
602 812
942 513
929 472
865 972
359 635
310 921
147 44
788 658
243 996
381 495
352 433
71 880
328 688
6 126
234 274
509 878
236 237
720 577
965 674
383 1
730 841
406 512
287 20
631 392
888 344
389 192
853 65
6 200
837 496
256 434
324 277
166 947
705 190
477 793
674 855
879 995
49 911
980 811
871 317
74 927
746 927
86 404
364 712
128 818
104 999
26 370
501 404
612 954
756 345
220 401
226 484
228 719
1 847
491 215
878 244
485 722
77 467
718 66
324 121
196 474
120 3
774 300
382 365
315 966
430 829
36 167
901 720
232 551
311 497
901 517
818 726
135 207
457 520
521 549
404 288
174 757
701 697
597 406
337 784
946 645
952 329
47 764
43 823
578 792
425 175
878 935
555 95
932 266
74 233
402 314
380 811
798 489
491 15
20 667
642 479
297 883
881 125
964 538
62 708
158 807
645 772
608 223
253 505
202 213
688 61
333 1
721 102
408 427
430 905
463 871
18 101
842 632
319 384
506 828
333 306
758 214
588 588
424 773
782 733
400 602
623 39
759 258
20 700
537 772
144 773
72 135
14 823
507 357
813 626
580 878
259 328
709 726
748 187
219 614
684 340
814 875
476 500
306 142
820 57
624 634
465 364
39 72
955 915
73 34
85 572
211 70
339 172
521 424
210 754
965 987
531 491
833 797
619 136
266 244
722 526
972 865
603 478
248 405
831 579
804 687
374 78
759 94
352 30
654 156
536 49
459 108
175 408
564 979
754 392
98 53
488 181
163 901
485 634
69 847
254 61
851 262
973 705
382 784
424 102
92 815
298 753
587 136
595 726
686 211
918 441
826 356
666 315
561 668
372 666
743 500
416 862
157 442
623 74
360 976
585 183
344 932
404 644
478 681
457 291
613 334
832 241
409 672
108 425
275 97
198 512
957 173
681 97
976 942
829 901
114 237
338 366
411 988
720 868
715 448
3 28
666 289
567 507
621 169
683 915
516 650
183 294
439 728
686 884
731 971
595 667
268 817
553 874
626 103
373 267
654 641
383 226
912 115
867 481
781 760
831 295
560 287
523 710
498 242
52 198
996 652
204 668
800 975
931 36
923 363
2 153
279 614
728 228
104 641
907 192
15 921
37 263
8 623
339 739
156 854
835 446
986 221
436 570
307 561
752 582
681 728
657 64
196 711
247 27
363 204
279 346
655 6
101 82
549 321
74 962
940 686
642 670
833 985
252 608
613 849
559 934
728 674
937 843
680 990
475 762
333 574
941 386
833 20
547 389
257 967
654 413
938 811
106 529
871 781
117 882
61 548
26 456
411 37
1000 19
282 531
417 935
128 311
54 734
174 229
103 320
889 151
258 184
121 101
414 545
667 488
890 603
139 365
476 59
554 201
610 505
514 200
109 745
687 26
920 549
752 888
323 76
41 420
458 650
882 54
278 647
208 923
86 693
152 165
659 121
982 497
666 377
588 697
404 380
882 755
532 452
295 699
332 818
856 754
197 591
798 912
944 119
197 950
15 870
31 588
377 541
321 34
322 605
235 835
143 266
677 428
762 694
125 972
88 781
444 399
235 890
876 99
499 148
637 322
612 897
168 671
886 854
217 334
708 991
295 668
387 444
205 641
434 209
803 410
759 970
117 700
111 284
172 260
356 599
338 99
178 544
431 302
528 155
184 860
4 242
234 807
293 393
560 563
11 407
970 355
924 219
277 492
22 742
578 6
641 696
199 2
792 941
20 963
954 61
345 232
584 625
500 304
75 599
439 5
981 122
980 459
575 391
160 980
816 654
665 240
866 821
221 34
698 395
82 343
834 127
876 272
746 55
26 997
141 624
718 277
322 465
490 905
845 390
544 121
405 481
171 606
235 108
994 989
369 318
863 682
468 944
869 365
261 278
870 442
810 167
782 569
353 342
654 527
448 978
64 656
150 70
845 95
99 495
896 808
362 458
196 157
775 869
518 519
856 599
314 996
908 677
182 196
719 4
449 464
177 382
538 360
324 527
531 302
361 764
860 216
139 596
570 905
445 60
365 895
0 797
966 7
251 569
467 136
736 779
435 621
925 996
105 610
865 537
86 9
942 89
384 913
147 723
686 812
46 488
408 218
911 288
2 353
389 149
136 503
147 234
845 955
28 534
929 744
746 307
230 195
902 489
595 766
988 302
707 502
926 956
553 535
158 647
947 198
564 601
732 151
992 555
842 859
432 443
201 982
809 322
815 105
151 542
828 759
94 378
710 341
731 604
70 629
894 26
453 336
567 230
788 348
997 438
928 710
708 946
656 352
526 621
319 857
690 672
295 422
590 319
990 522
362 843
314 222
783 182
988 161
575 72
779 456
623 257
393 711
122 924
655 726
713 912
268 132
227 691
682 515
15 507
455 263
978 73
916 648
168 707
91 182
76 260
276 922
546 837
266 217
240 668
839 704
555 164
325 431
401 830
808 522
210 132
426 345
277 163
764 631
738 420
473 570
622 598
386 953
381 33
994 257
294 71
546 639
987 770
359 148
931 169
862 414
690 277
976 383
341 494
150 0
335 879
804 281
469 843
704 253
485 994
803 20
470 409
788 605
816 382
