600 964 600 861 17
298 493
74 328
152 398
290 465
9 196
250 285
188 331
74 489
308 387
110 408
210 394
523 590
291 365
40 283
357 486
122 392
164 325
196 291
220 307
168 461
107 235
370 538
24 334
42 108
7 149
130 499
64 376
55 531
106 433
558 579
373 516
84 470
204 371
506 515
269 324
132 339
546 548
224 400
232 512
374 475
77 580
48 56
153 215
354 510
56 355
97 504
156 443
49 443
175 251
240 401
321 456
38 305
248 398
13 267
97 414
13 366
513 536
239 531
299 565
81 284
154 345
14 346
250 527
6 231
381 480
111 159
467 575
299 511
226 349
16 418
286 573
91 163
2 532
62 516
400 405
389 435
352 473
268 464
182 597
191 551
238 474
396 532
28 465
265 354
189 296
452 470
143 485
214 540
175 249
243 407
146 575
30 35
21 292
3 513
157 411
344 450
247 352
278 435
103 440
40 270
30 338
233 323
135 382
146 588
121 545
31 116
193 194
134 358
49 331
182 426
333 578
294 441
116 221
184 540
311 473
294 488
9 301
101 121
477 517
15 596
16 263
123 435
57 366
190 447
191 292
173 273
160 256
110 432
102 238
452 503
175 232
223 452
131 202
32 158
3 577
30 328
352 551
401 501
20 411
32 100
454 524
311 547
260 292
106 244
157 559
44 155
208 375
188 443
184 214
300 353
11 453
382 389
12 204
229 539
22 418
525 570
318 391
91 529
269 341
230 244
7 412
22 239
348 377
173 595
76 89
86 328
368 444
176 368
206 530
390 574
28 511
179 335
160 575
269 443
378 450
130 166
78 413
581 590
397 424
253 409
124 282
250 284
206 446
146 168
77 199
237 563
291 478
411 559
157 259
300 392
324 343
311 352
93 518
267 426
33 486
307 479
79 253
138 406
107 329
199 376
260 483
45 357
304 461
218 270
548 586
241 314
11 441
188 269
172 243
395 523
208 383
508 548
444 534
308 437
555 592
60 275
62 411
41 59
399 460
180 252
553 581
33 345
118 203
301 374
346 568
304 559
47 404
312 569
71 107
419 579
93 573
304 482
262 412
136 177
170 256
27 144
344 448
201 205
8 348
252 364
229 389
109 448
62 268
40 431
403 446
210 544
154 585
84 233
145 402
41 519
355 556
199 410
256 258
170 335
109 555
8 445
193 564
129 157
294 388
281 533
146 596
142 433
156 269
338 485
303 587
124 125
14 423
18 263
169 348
127 534
255 486
48 504
362 489
30 40
301 478
434 451
251 406
125 282
372 501
317 547
303 579
161 560
310 489
322 486
222 301
21 547
293 495
217 400
16 350
359 385
234 301
103 397
367 405
7 78
179 305
232 308
24 491
230 312
54 485
312 413
29 506
49 406
138 540
99 299
401 535
96 184
270 280
55 183
12 381
247 357
46 307
86 402
433 469
28 565
191 345
112 466
30 283
147 484
236 575
213 572
136 296
408 442
351 414
75 308
127 540
75 154
119 409
287 582
317 382
147 317
82 313
228 300
375 381
87 435
72 344
64 455
87 91
240 495
37 120
34 495
26 185
7 190
130 195
34 572
330 562
339 578
169 373
295 333
215 417
52 179
22 118
157 477
71 235
331 564
455 580
432 509
99 561
80 430
35 40
109 592
359 513
53 390
149 412
229 480
151 557
0 105
227 321
50 71
61 161
72 450
15 170
453 531
281 349
289 355
224 578
132 217
71 593
396 597
46 200
215 442
165 262
295 459
286 518
46 95
52 335
50 95
93 158
132 224
476 487
198 242
436 520
128 457
23 523
203 545
14 207
58 561
6 541
257 511
44 466
335 520
1 560
213 297
155 355
25 41
129 464
6 409
54 376
19 73
110 248
336 541
406 540
279 412
65 79
62 373
20 47
40 543
32 312
89 520
71 212
55 294
27 474
356 407
20 559
69 335
255 357
65 316
33 322
329 527
37 194
66 560
37 193
266 465
308 431
104 430
497 515
37 421
136 300
537 563
129 523
39 122
116 583
117 585
43 135
110 271
10 465
60 456
386 400
219 298
269 343
432 442
91 279
2 506
259 559
222 564
256 436
380 431
61 560
448 506
586 587
134 230
367 400
54 439
233 334
227 452
19 522
2 397
131 483
515 525
332 348
276 394
329 425
154 483
333 594
444 497
3 320
199 262
492 565
27 538
192 239
245 468
64 580
229 435
96 540
394 589
481 560
438 509
141 166
310 534
138 458
91 557
20 457
39 152
304 596
181 456
83 203
112 255
330 383
160 555
12 207
135 539
128 304
209 246
175 308
131 187
340 483
116 178
143 439
192 548
117 324
536 537
17 579
387 512
102 549
420 522
261 498
140 400
405 464
247 429
273 554
162 589
197 319
198 393
198 379
90 354
330 393
6 65
5 366
49 120
105 139
149 279
447 569
264 530
470 491
247 274
84 223
9 267
246 536
255 289
290 492
184 543
292 551
262 415
342 431
58 305
495 576
360 417
41 426
177 353
473 496
82 346
273 555
204 480
169 516
473 547
365 528
245 511
327 394
315 392
330 379
109 436
171 222
229 521
140 553
548 587
35 270
36 453
347 451
208 302
127 138
584 595
380 437
441 453
154 172
180 559
92 144
380 487
158 573
147 225
54 143
173 584
249 251
61 325
231 514
304 598
67 501
389 539
21 483
116 599
455 517
204 539
285 479
209 563
265 392
348 464
115 431
56 155
255 466
452 491
124 534
80 227
550 581
277 339
93 100
58 179
185 467
139 545
352 429
489 552
32 230
144 301
348 508
199 412
578 594
348 531
512 585
438 510
228 378
225 428
573 578
73 196
94 331
103 424
247 322
160 254
48 221
128 454
184 567
85 107
508 546
490 578
323 334
498 529
338 415
12 337
31 394
93 550
162 276
110 442
283 552
135 463
148 372
10 245
102 474
522 536
92 301
129 395
178 544
93 413
125 138
291 528
29 368
75 437
5 108
297 391
191 260
41 597
311 551
41 513
195 499
457 500
148 501
11 531
42 288
302 423
275 503
269 390
282 421
47 457
147 428
304 500
104 227
187 542
88 550
218 280
168 575
385 536
372 451
71 237
142 469
34 561
372 560
68 329
422 558
54 415
123 131
41 320
391 572
186 554
348 445
123 529
180 598
89 436
69 89
296 329
417 479
268 411
177 424
191 429
419 587
198 480
45 289
439 533
455 590
293 401
110 265
72 177
32 459
131 529
92 323
179 582
52 170
231 549
342 567
150 219
382 539
280 415
330 375
57 111
383 562
143 328
209 212
276 589
277 422
117 249
205 217
376 580
1 16
534 552
13 426
29 137
297 524
69 179
321 430
515 570
120 331
270 487
333 573
407 472
62 488
51 256
65 574
107 212
274 355
12 208
77 550
248 250
316 574
118 419
36 388
86 145
95 235
117 232
394 403
9 234
23 140
261 542
241 474
410 413
216 477
492 591
26 259
114 200
219 493
34 293
319 571
90 141
173 176
31 210
214 251
159 421
27 370
117 156
159 193
321 369
117 407
236 273
265 398
106 358
354 499
63 355
277 558
423 568
195 315
278 502
36 325
308 380
38 561
115 487
76 326
18 325
299 449
33 174
327 409
2 399
433 505
304 457
90 499
469 562
462 489
384 568
155 504
14 313
206 507
208 423
50 235
248 271
177 296
332 508
316 390
406 443
197 347
4 88
404 457
314 474
144 538
369 430
133 313
344 460
64 439
0 197
177 440
81 307
122 296
178 210
72 460
179 299
70 436
80 321
45 274
382 435
309 323
39 248
292 311
12 371
159 525
68 85
113 191
143 533
63 466
474 566
508 587
79 316
90 510
192 546
124 570
75 202
90 492
159 282
355 466
271 285
15 52
426 519
294 297
78 199
138 534
318 572
206 544
212 237
108 532
274 556
77 410
31 97
231 336
279 557
416 468
86 281
133 539
5 515
16 347
270 431
168 467
514 574
232 585
29 173
150 403
227 456
93 286
217 386
36 441
224 553
341 514
430 589
126 460
227 491
3 246
199 415
429 551
164 576
10 416
144 314
72 353
163 498
223 503
163 412
256 596
202 437
487 542
61 67
156 249
383 427
157 268
308 512
20 500
166 565
195 361
50 494
19 291
308 526
189 320
272 447
370 503
235 425
240 501
167 429
203 418
308 567
8 405
215 408
573 594
258 588
113 260
201 422
341 390
135 471
38 306
228 361
105 545
144 171
365 420
226 281
162 403
104 493
342 543
319 363
98 349
366 525
254 588
420 528
97 327
100 413
22 192
387 585
167 247
372 571
17 277
117 343
185 252
28 290
307 360
287 361
172 345
145 462
214 567
211 295
19 385
315 354
403 507
145 467
507 544
72 424
68 107
94 188
226 477
252 598
354 467 360 120 526 458 203 367 535 193 249 359 156 489 67 520 547 486 332 327 173 581 331 135 456 404 407 139 5 73 597 197 499 459 180 353 330 65 268 439 564 198 56 217 189 300 270 46 333 181 34 577 86 180 343 501 84 381 482 226 309 383 8 426 110 533 333 237 118 390 104 42 449 202 337 448 240 67 68 599 144 462 128 372 70 514 21 501 484 113 444 289 359 293 317 200 429 20 208 219 385 98 177 382 231 263 92 76 264 588 260 396 406 17 183 557 171 63 263 386 271 396 76 525 241 228 157 68 328 85 170 164 524 98 307 541 157 48 136 219 538 485 531 300 147 253 247 485 209 189 383 568 287 464 441 144 441 8 404 108 426 333 405 195 235 583 4 71 209 357 113 144 243 354 58 307 183 83 170 489 502 357 314 309 260 376 424 211 515 544 62 451 203 86 212 123 128 19 302 98 46 100 176 251 581 460 311 164 76 100 172 115 487 144 245 540 2 586 100 226 175 370 243 111 589 401 497 481 398 527 202 585 20 537 307 205 545 57 40 445 131 524 139 335 132 439 345 62 291 531 262 117 511 151 13 296 371 471 131 541 444 477 240 397 498 390 341 291 383 47 218 396 322 271 329 483 101 546 27 306 224 512 493 162 348 265 217 285 497 6 421 175 509 185 187 262 267 109 419 312 227 298 258 170 463 476 107 310 444 38 225 44 387 539 46 551 444 306 419 116 53 435 449 157 286 7 130 13 69 413 595 415 165 465 103 382 352 53 317 571 56 117 78 587 292 330 89 342 445 497 468 263 519 324 83 260 267 142 353 459 437 335 177 341 514 576 538 484 3 489 172 157 242 393 385 33 251 465 7 522 527 106 545 129 413 444 267 570 311 27 62 398 566 514 209 333 359 431 89 70 164 569 14 436 423 227 519 471 576 240 3 446 441 111 135 119 178 423 369 354 228 578 223 107 38 551 215 389 522 262 350 163 216 525 431 335 318 71 596 178 438 593 440 62 116 188 543 339 26 493 128 102 555 262 529 551 84 195 102 455 13 431 577 216 71 273 462 366 382 179 528 452 385 429 107 3 575 465 367 578 468 429 343 219 290 74 341 122 307 122 582 422 167 249 439 428 354 175 6 350 310 204 559 143 318 250 418 300 356 132 533 430 469 591 398 508 317 459 409 516 417 321 446 112 573 241 563 295 165 317 529 410 138 416 230 403 561 64 585 416 39 472 275 364 391 453 563 275 193 144 63 54 59 83 390 27 178 391 251 48 104 527 80 299 434 122 1 330 293 551 207 395 174 197 279 274 516 22 529 456 340 350 435 525 213 13 184 143 153 133 87 220 178 590 142 421 41 319 156 40
951 44
913 123
635 704
695 888
412 180
551 680
175 808
281 214
620 143
497 832
988 416
748 175
93 118
569 763
39 91
769 420
867 94
600 8
844 186
561 915
681 298
100 412
761 64
544 145
317 998
583 884
547 345
376 876
939 501
594 624
455 402
51 838
289 95
140 590
876 345
420 408
799 195
428 674
806 395
834 782
415 449
626 905
578 694
18 287
82 716
32 590
941 997
719 277
42 754
358 636
801 985
702 463
772 451
225 679
442 298
744 221
5 743
503 748
825 467
652 885
255 840
924 237
692 242
52 673
425 247
202 760
891 194
935 281
758 858
812 552
698 608
752 931
713 696
546 870
479 429
212 446
758 603
370 217
320 204
177 724
194 926
887 936
29 180
819 73
370 937
790 866
503 399
182 331
441 157
776 577
948 635
207 313
427 929
377 128
341 750
876 979
402 512
105 773
554 294
855 461
352 104
832 1
297 814
675 818
201 961
924 65
212 48
799 909
552 709
681 582
940 764
482 717
135 666
124 510
947 966
305 413
18 817
231 592
779 24
137 823
387 681
907 17
806 771
112 342
455 587
411 590
665 734
442 526
747 360
567 215
844 626
161 384
467 36
67 201
216 114
51 269
781 749
640 601
398 560
947 14
516 126
880 622
168 9
472 318
426 894
544 440
653 425
27 317
986 221
245 232
112 940
199 230
869 777
1000 786
164 483
28 716
293 611
568 260
373 81
471 668
654 509
963 244
130 916
266 299
869 266
295 300
889 582
66 537
617 434
671 197
753 508
430 807
187 526
588 549
159 625
289 537
582 586
720 758
34 862
823 525
649 339
253 899
594 811
689 167
366 509
552 377
541 506
208 398
313 681
726 825
229 185
89 500
753 97
440 713
396 720
871 674
483 909
979 75
176 169
341 247
975 993
559 70
172 426
860 38
126 187
527 25
48 951
60 116
63 37
700 960
61 887
358 42
746 901
853 310
348 532
975 864
505 241
496 51
325 346
114 983
972 935
29 780
451 778
312 929
480 79
30 386
527 278
225 925
787 650
140 225
245 103
237 802
273 512
362 988
488 877
842 931
611 488
744 970
309 770
777 114
993 290
395 776
198 147
203 571
271 58
919 409
693 929
36 543
894 807
279 570
868 835
320 561
602 333
162 763
671 481
82 653
700 511
878 409
705 433
589 285
123 440
265 332
325 290
849 135
39 990
885 737
956 477
528 819
613 239
276 645
369 396
927 828
272 178
622 518
6 604
305 846
112 885
582 32
151 302
232 273
387 352
503 354
464 634
454 455
873 891
902 855
425 68
852 580
612 685
52 644
967 525
504 929
95 456
939 356
793 269
303 22
778 786
826 299
188 992
880 484
793 696
454 856
55 6
673 12
689 371
808 432
764 385
929 934
296 473
450 979
519 556
61 436
320 142
75 145
409 839
895 696
219 722
100 375
811 366
981 31
678 863
199 883
75 568
417 957
204 651
834 214
736 581
104 836
472 365
801 831
154 75
359 715
694 108
378 11
411 986
786 513
224 841
92 80
428 367
499 6
127 391
294 730
359 466
259 615
708 656
142 547
1 141
956 108
658 121
524 321
874 157
140 708
15 487
737 717
925 674
21 682
169 665
92 601
239 72
595 943
960 903
821 661
495 537
997 5
586 384
513 969
533 732
588 100
561 611
174 855
326 870
128 153
972 166
648 234
502 794
121 89
398 260
642 72
752 656
185 96
269 423
123 122
83 286
140 46
7 15
629 979
528 64
215 480
821 243
113 258
255 696
813 335
829 719
152 106
87 865
524 190
629 772
664 773
908 772
658 670
559 109
1000 337
504 454
80 929
748 290
584 138
339 585
202 608
965 828
142 792
361 183
642 284
291 269
352 150
140 741
411 295
980 445
936 885
819 119
708 6
567 992
410 639
597 67
31 40
689 756
834 887
566 844
125 16
63 349
40 506
161 901
355 437
996 741
245 23
936 152
118 299
739 548
240 410
987 628
456 257
719 795
770 204
970 784
309 646
506 589
621 101
72 968
235 155
667 613
886 448
764 697
962 137
286 942
783 163
777 352
445 226
229 872
740 319
378 591
314 73
674 698
630 394
524 480
21 247
616 188
986 476
102 687
579 469
951 426
202 17
332 956
57 301
173 593
4 451
360 840
535 778
334 396
539 225
461 945
910 911
165 206
968 197
659 396
150 453
12 361
451 341
122 638
285 389
762 260
489 507
453 96
250 978
979 574
160 964
769 955
914 306
1 394
523 617
241 355
910 637
705 323
997 258
177 289
293 887
79 756
272 6
629 634
49 914
683 72
952 711
970 661
919 479
258 479
666 911
241 773
576 653
707 206
483 212
413 108
616 840
774 547
170 255
598 996
554 175
787 310
524 667
327 462
837 822
479 971
204 353
10 966
742 142
613 736
489 281
479 568
996 371
661 963
680 986
340 898
74 249
377 540
205 816
291 352
385 453
11 899
894 53
722 96
19 426
721 58
281 781
412 145
55 470
463 493
488 118
581 501
656 566
19 637
201 268
613 38
620 310
905 168
844 412
173 39
718 986
438 747
904 557
358 802
326 510
11 104
271 149
490 616
1000 123
848 353
393 52
246 739
641 474
906 260
722 870
444 3
632 5
406 216
444 127
872 555
48 803
555 572
227 547
746 36
667 44
671 452
130 857
484 150
962 609
684 549
821 954
407 10
552 541
732 422
640 812
621 361
1 853
