600 1688 600 878 13
250 307
369 498
49 313
79 449
537 577
85 565
284 590
481 547
490 579
122 465
391 476
448 461
72 268
374 474
136 441
50 285
112 494
275 325
14 593
586 588
275 468
46 62
149 226
3 209
144 531
500 568
7 570
193 372
231 582
219 478
497 520
20 566
214 586
92 248
83 90
442 461
455 481
495 587
310 582
54 67
18 491
401 432
144 352
46 378
61 501
45 481
87 160
1 222
139 149
476 533
333 521
64 168
94 568
163 479
112 505
327 537
5 234
119 197
466 563
245 413
183 387
181 354
251 344
187 223
544 551
22 253
212 390
336 387
140 153
290 378
262 327
339 517
361 592
216 397
207 525
61 234
116 241
36 37
114 365
320 511
46 425
49 256
516 592
404 548
182 323
160 551
53 132
39 100
360 427
23 54
93 356
328 450
396 493
24 370
75 178
393 513
258 438
236 425
30 512
504 513
92 199
39 238
179 227
138 237
0 478
377 535
327 464
26 162
200 294
271 354
138 143
113 134
459 594
159 325
59 503
16 553
62 102
204 393
287 579
111 524
338 384
182 442
177 406
274 317
350 401
2 462
75 298
304 367
406 498
144 189
496 539
414 481
173 259
49 463
112 538
438 550
107 590
244 514
506 522
490 500
258 338
157 294
34 382
281 292
111 264
162 535
336 432
25 388
208 334
217 451
176 335
99 170
79 573
255 483
31 141
238 507
15 153
83 366
307 512
219 351
132 143
500 505
350 582
277 423
71 510
97 420
18 360
198 547
287 362
198 556
56 593
99 478
62 304
332 396
128 439
250 512
449 575
288 565
144 148
355 529
189 408
214 266
480 560
179 575
346 525
217 535
509 575
111 409
40 416
103 119
64 473
160 316
44 584
256 269
343 406
41 441
285 383
341 516
62 576
202 269
416 502
44 339
37 358
166 472
117 152
42 521
12 591
94 368
35 251
351 485
264 587
423 472
206 381
6 588
138 430
135 314
131 253
142 336
86 333
106 363
360 536
85 438
113 144
405 501
34 567
100 462
401 567
232 359
23 520
8 573
71 164
150 212
37 349
44 513
156 419
187 591
101 520
275 434
14 44
435 564
25 271
492 574
70 514
104 338
113 530
442 457
186 595
316 561
226 426
284 446
51 59
80 382
258 554
145 370
83 209
98 486
229 404
5 72
180 560
200 229
42 467
158 543
55 551
48 317
514 589
171 184
324 495
466 525
322 445
269 283
520 538
66 90
35 344
395 423
208 566
244 434
316 359
89 275
241 520
93 267
86 510
242 343
272 555
292 362
160 173
2 129
335 559
166 423
293 416
511 541
464 537
288 361
315 323
54 436
234 542
3 280
32 594
85 550
174 493
10 315
147 308
21 28
42 145
209 280
150 346
427 437
412 580
274 582
40 265
120 444
305 597
347 363
26 419
312 377
513 593
140 590
14 504
421 530
33 442
16 381
235 534
83 146
44 164
154 422
211 235
57 139
137 568
101 497
342 507
482 493
71 333
253 444
192 317
435 538
262 515
81 265
53 589
446 558
137 553
312 402
176 522
180 480
135 511
103 197
297 526
230 243
320 572
292 579
84 585
354 388
221 527
327 580
145 349
58 236
31 310
363 407
106 366
105 303
279 431
0 205
357 578
441 532
93 283
99 326
182 261
82 151
255 372
170 387
13 121
171 583
171 235
532 559
133 208
343 498
64 416
78 597
216 239
7 163
489 564
333 433
254 425
292 398
27 140
93 262
264 438
264 270
15 446
237 434
7 314
456 583
357 420
141 458
364 414
279 557
47 177
205 351
81 181
199 589
149 505
268 436
265 278
521 558
385 458
383 386
57 426
54 454
399 416
60 94
432 567
19 404
359 479
89 322
199 330
84 455
364 508
526 557
226 553
346 447
197 325
306 540
267 283
77 105
190 213
303 545
117 507
312 486
221 305
339 474
102 341
83 280
409 587
47 322
22 523
405 517
232 293
158 233
199 418
34 80
230 414
148 408
243 508
32 163
199 248
308 384
388 588
109 239
191 528
46 304
40 502
130 266
54 161
76 118
408 581
382 582
136 509
165 375
224 538
324 384
219 357
168 403
425 541
184 383
244 329
128 197
151 487
73 229
136 559
250 351
379 500
46 290
384 587
56 215
450 462
18 221
10 569
328 561
503 519
222 546
256 283
242 445
183 432
176 220
317 475
116 489
29 207
224 349
210 405
15 140
45 556
492 493
168 416
67 169
22 400
14 210
55 160
208 599
453 492
301 387
202 515
189 345
74 365
134 149
37 467
278 399
233 467
16 187
440 545
255 576
311 320
93 155
193 320
151 563
16 223
69 302
76 565
126 360
419 553
314 328
57 226
394 475
182 315
100 259
230 455
399 502
109 216
62 255
542 595
466 522
121 348
138 468
235 359
413 591
376 478
36 467
249 380
294 364
149 598
210 517
68 341
120 131
205 219
29 78
58 320
35 91
291 585
67 72
73 299
117 567
22 115
130 228
229 364
85 367
30 182
182 461
32 459
229 299
263 596
3 360
308 380
205 407
318 586
11 75
494 598
116 261
312 480
26 156
154 460
21 213
212 451
188 548
128 422
68 102
177 445
14 309
233 584
268 396
31 524
215 470
109 319
276 578
21 88
87 561
106 562
211 583
167 352
227 353
154 394
102 516
430 488
26 344
213 390
151 335
479 552
386 473
172 460
252 258
45 547
307 363
290 425
285 473
6 214
81 428
12 392
229 508
330 397
373 422
170 183
20 599
258 378
193 311
485 578
474 539
29 260
236 549
111 118
142 191
72 234
38 127
190 296
35 208
204 513
94 196
90 195
262 571
48 385
178 217
61 476
519 596
278 594
219 485
146 488
200 548
40 533
286 408
315 569
10 323
126 347
355 403
24 446
192 274
69 430
94 590
97 336
295 297
416 479
125 501
186 533
218 341
154 439
134 530
70 248
61 318
53 199
273 437
380 425
349 579
417 474
0 219
83 282
302 430
398 490
383 453
119 177
312 381
11 178
23 497
367 550
9 497
352 530
1 56
129 424
4 269
476 588
247 359
147 338
449 509
288 415
243 455
123 331
182 512
38 375
90 465
13 348
203 406
38 562
359 534
411 478
197 439
4 294
114 188
203 445
234 533
283 356
168 529
172 422
358 520
244 275
22 131
467 543
41 220
328 511
334 527
423 488
340 585
87 462
381 402
395 468
324 409
149 530
110 403
67 474
162 217
73 365
441 575
352 421
441 509
276 523
156 426
40 186
17 133
171 484
78 207
22 457
349 520
481 499
304 378
507 567
356 571
14 339
416 529
48 394
118 270
465 537
9 431
147 554
223 413
207 260
65 385
112 224
128 325
474 496
544 583
180 381
27 590
127 423
249 425
333 510
75 225
184 444
489 538
92 95
67 436
380 424
421 491
11 225
154 385
19 365
220 506
85 415
188 404
196 398
344 346
143 302
58 511
35 346
50 493
216 269
504 593
230 481
345 435
280 347
196 590
142 432
326 343
45 306
429 463
145 287
109 515
127 562
260 525
402 535
362 370
349 538
306 422
307 323
147 258
112 490
128 159
390 451
201 556
238 380
291 508
551 583
212 213
180 312
273 427
503 560
417 584
357 485
263 519
124 465
66 143
51 596
364 499
91 421
98 178
346 451
375 411
146 166
262 356
249 254
263 503
226 500
334 491
34 507
293 386
436 454
17 599
63 528
321 498
380 507
8 464
28 213
199 499
56 405
193 576
423 562
161 496
505 598
70 589
24 292
6 25
94 490
331 510
26 447
487 563
233 333
108 194
20 208
452 528
337 595
138 410
398 579
422 540
457 526
163 359
308 382
418 481
36 161
253 453
312 503
70 95
81 391
46 236
155 227
192 582
327 412
61 586
77 573
124 239
194 393
115 523
264 565
162 419
3 303
202 356
165 411
20 29
17 525
9 454
130 405
120 456
42 370
264 409
105 573
314 561
367 415
227 575
38 407
50 482
143 465
363 562
207 563
135 443
56 130
127 277
91 149
155 179
211 551
173 238
100 129
479 594
434 589
164 584
132 330
11 390
32 570
228 266
409 582
33 116
46 576
68 218
55 534
143 257
299 508
189 435
67 125
242 326
116 442
43 498
36 233
12 52
241 538
352 531
419 426
90 518
78 305
322 411
34 342
239 319
449 464
104 384
456 528
274 350
16 206
217 346
311 372
157 185
144 408
530 531
141 524
491 527
13 513
371 385
33 241
119 475
108 393
354 391
443 511
116 461
71 204
297 492
465 515
45 540
372 576
209 440
83 166
191 432
383 492
455 547
373 514
113 598
49 429
7 359
480 503
552 594
396 574
19 114
107 368
276 457
59 300
158 467
173 551
296 506
566 597
274 475
30 457
12 477
198 201
190 466
155 412
56 309
397 499
230 508
39 380
303 305
85 288
12 245
285 492
178 535
64 403
188 463
538 564
155 262
19 188
193 572
77 195
159 422
102 415
111 310
218 361
47 275
310 409
45 95
378 438
130 215
124 132
39 424
326 411
72 595
315 581
171 444
46 549
60 490
211 534
72 542
183 401
376 411
176 506
457 578
36 496
40 278
238 528
216 294
76 524
50 403
396 492
181 428
40 355
260 599
156 251
11 217
463 548
122 537
126 280
22 297
87 100
100 160
426 553
79 82
289 321
103 439
399 552
52 140
206 223
121 194
117 432
87 450
62 483
69 146
69 518
449 580
354 476
254 378
188 246
501 517
78 303
131 444
54 497
167 536
314 570
3 221
29 566
16 137
18 536
44 204
116 448
45 514
248 589
76 111
162 346
29 599
62 68
239 397
104 252
186 403
135 328
384 495
252 587
186 234
66 69
394 439
114 246
174 482
106 472
201 340
247 561
57 91
130 214
94 500
308 342
253 492
345 564
503 555
103 475
162 402
173 544
314 459
91 530
176 487
8 79
35 57
37 161
353 575
192 231
288 592
90 146
410 589
309 405
330 499
141 192
122 464
349 467
51 300
66 518
16 402
170 369
305 566
268 454
307 347
262 537
191 452
99 387
167 491
192 371
157 313
1 348
311 483
221 360
84 291
245 392
79 464
30 578
279 497
296 466
115 142
403 473
150 451
261 315
47 325
222 228
72 436
33 279
233 433
232 416
221 303
325 373
351 512
96 484
414 499
252 438
434 468
106 423
232 479
519 560
243 291
233 539
129 425
141 371
59 555
198 340
315 408
190 525
44 504
47 197
395 488
298 390
110 595
50 110
417 539
9 279
162 447
48 192
100 424
284 292
158 433
77 282
257 302
132 138
310 524
364 397
169 496
164 204
287 370
146 430
166 366
71 584
87 316
74 291
433 521
527 566
273 307
41 353
109 124
198 585
55 211
402 553
334 566
40 529
68 483
163 594
195 282
194 513
368 568
117 452
375 395
301 420
29 597
81 354
307 407
149 500
74 299
77 440
106 280
391 533
262 412
80 240
389 546
24 362
99 343
475 498
345 581
281 287
318 405
187 413
170 289
257 430
62 415
174 396
66 302
127 375
113 189
132 410
73 74
386 416
82 335
383 484
523 578
117 238
209 545
229 548
133 599
5 125
273 569
72 337
348 389
109 202
86 558
1 13
34 401
181 271
106 347
49 548
133 525
58 541
129 462
575 580
148 427
141 231
353 441
407 562
278 428
261 448
268 332
250 407
324 382
82 559
83 195
261 345
36 539
445 471
57 251
140 477
2 328
17 260
116 564
61 588
116 345
48 65
147 384
65 394
175 392
412 575
110 482
94 107
146 518
185 200
83 106
468 488
28 298
252 264
137 379
431 574
237 589
344 447
39 259
192 385
115 528
27 477
50 473
357 523
315 345
288 516
96 232
105 151
53 410
205 250
148 167
244 589
231 310
437 569
61 533
179 412
294 397
147 380
80 350
316 534
71 233
1 470
112 579
37 54
132 239
154 172
180 392
450 561
31 231
232 235
324 582
268 337
112 598
6 271
101 279
96 386
64 386
196 292
96 293
86 123
443 459
323 569
65 154
43 350
25 588
55 316
183 336
95 418
361 565
547 585
347 360
402 419
120 171
63 238
237 468
350 475
247 316
189 286
104 587
281 579
178 486
71 108
160 259
323 512
241 489
175 206
129 511
113 435
342 380
121 513
96 235
208 421
210 339
148 437
122 577
287 349
89 395
370 521
137 187
108 331
210 309
161 169
4 157
297 574
115 191
51 263
97 301
22 295
147 249
91 139
292 446
24 558
343 369
67 161
326 471
304 550
92 418
432 452
201 306
27 107
303 440
244 325
304 438
1 389
42 349
341 592
120 400
110 186
88 506
307 569
186 542
409 495
236 572
175 180
159 373
321 401
265 391
22 276
23 37
382 384
53 330
35 133
301 478
207 466
286 581
70 92
279 574
56 470
18 167
278 552
225 390
67 374
110 337
80 582
139 226
315 437
215 228
33 557
71 393
113 531
300 555
321 350
123 510
144 167
138 257
247 314
21 220
547 556
2 511
242 471
469 495
282 440
273 347
118 264
175 381
240 350
459 570
178 377
341 361
371 458
322 326
512 578
9 54
415 516
90 122
75 98
99 301
124 143
312 555
125 517
521 543
177 498
3 545
262 465
238 259
325 514
329 514
270 565
82 449
165 407
256 267
18 527
47 445
386 484
30 442
377 486
224 579
7 247
277 395
435 598
7 32
115 456
119 498
388 476
254 258
67 517
170 343
19 73
219 420
321 369
165 478
13 593
486 555
107 568
285 386
228 546
269 313
296 522
175 245
236 541
557 574
78 151
220 335
185 313
75 300
177 203
78 105
142 420
385 460
6 266
62 367
339 417
494 505
236 320
289 401
424 425
112 435
225 298
99 376
318 501
153 446
384 469
128 154
206 245
289 369
115 400
464 580
271 388
325 329
254 290
103 394
301 336
202 216
45 201
127 395
0 165
77 303
185 548
246 365
57 156
43 321
133 346
265 428
295 526
256 313
88 220
190 212
47 119
43 475
374 517
477 591
151 573
66 465
352 491
8 122
309 593
528 583
220 559
157 269
9 268
77 122
313 548
370 558
153 284
383 444
273 360
379 553
120 583
167 427
1 593
373 540
60 196
268 431
82 573
464 577
377 402
60 398
379 568
77 90
430 468
84 243
184 484
78 563
253 297
261 461
174 268
455 585
74 508
91 208
245 591
187 568
76 270
115 357
59 263
237 410
295 457
306 340
6 586
272 300
399 479
52 477
356 515
238 452
4 216
229 294
332 431
156 344
252 338
73 404
223 245
3 126
67 496
549 576
42 543
305 527
108 510
172 340
98 272
272 486
107 477
85 264
63 544
140 284
317 394
314 443
490 505
168 355
322 471
21 506
240 582
226 379
253 383
235 484
185 294
199 481
349 358
485 512
150 190
63 173
278 502
45 418
286 345
324 469
50 492
134 598
427 536
8 77
34 308
269 356
509 559
101 241
80 401
396 431
372 483
213 296
222 470
220 532
188 429
132 397
93 571
129 541
152 507
38 165
222 389
433 543
82 509
109 465
196 284
22 120
23 358
176 466
186 355
174 337
281 362
466 487
203 242
193 549
171 211
146 423
340 460
228 470
328 462
63 583
107 591
97 142
172 306
75 272
130 318
339 584
136 532
41 532
155 590 457 509 166 163 373 246 204 88 350 176 409 429 206 336 412 530 299 12 231 530 442 2 336 41 110 552 223 44 73 40 572 65 372 358 263 599 389 216 585 28 392 376 357 52 13 337 238 599 424 195 37 17 406 563 586 404 438 325 277 394 592 508 121 449 419 563 581 32 266 136 497 177 550 25 558 489 587 540 477 202 312 578 596 159 86 507 408 47 51 460 294 202 104 298 551 498 190 98 372 509 281 474 513 193 34 141 458 496 274 219 229 258 575 133 460 341 518 455 244 49 90 546 455 17 430 521 27 527 368 419 266 139 94 393 367 590 137 24 470 286 173 535 208 322 418 166 460 561 138 313 253 438 397 230 558 231 206 273 17 150 20 158 528 225 298 227 296 17 362 277 231 527 303 87 467 265 150 26 296 227 287 416 478 236 223 559 36 476 381 158 476 346 522 519 26 187 478 224 47 382 583 548 440 296 333 110 486 213 476 96 280 490 252 213 51 249 296 6 67 516 467 206 61 211 30 157 354 131 229 598 486 32 541 324 438 358 451 308 497 129 491 174 456 437 110 286 384 562 549 392 448 42 44 212 477 78 288 147 257 497 514 577 357 563 581 553 552 18 9 211 114 567 576 155 327 165 233 102 89 61 575 225 486 23 210 423 376 45 230 597 60 577 43 257 52 36 224 147 426 244 347 521 203 252 523 462 50 398 571 543 301 173 555 103 17 309 48 199 350 96 314 514 596 191 547 425 234 277 540 59 257 564 182 539 176 268 336 260 587 303 556 575 63 50 357 36 412 569 150 420 20 486 454 75 491 575 453 260 470 569 442 473 548 586 442 125 426 227 82 500 595 547 332 194 595 365 429 111 242 101 62 65 98 272 565 380 28 564 487 389 54 437 5 179 469 511 227 424 278 434 319 203 2 215 62 68 289 248 73 563 98 60 494 257 25 269 142 256 169 484 226 436 490 261 475 404 553 584 117 391 492 311 30 400 365 371 132 436 391 262 554 149 244 596 476 172 292 115 283 593 97 414 96 223 391 146 565 472 511 126 491 42 570 381 6 268 83 61 339 594 58 383 179 513 207 401 83 594 194 16 226 223 440 199 316 70 358 484 437 351 484 76 370 383 61 272 208 160 405 254 463 504 359 424 18 63 355 244 395 279 113 23 18 422 365 119 89 69 229 237 230 513 564 249 566 509 116 0 560 83 50 253 488 437 391 451 212 335 344 135 478 86 38 385 532 519 290 515 215 506 23 0 336 434 134 589 407 373 175 276 109 428 324 0 437 170 251 43 510 266 104 218 538 59 548 332 545 194 336 216 566 477 419 122 173 179 263 142 467 589 427 385 543 233 554 336 183 467
499 595
131 66
83 660
695 470
859 855
133 284
12 209
86 576
820 519
331 294
529 452
928 223
704 16
153 53
181 115
539 37
787 118
832 344
675 419
917 968
779 349
993 373
337 535
377 250
504 88
27 243
786 202
647 46
999 342
808 396
431 468
309 983
59 539
399 366
273 783
786 284
301 189
361 208
559 598
191 712
95 389
992 522
408 158
430 822
217 93
632 921
100 808
551 778
467 927
999 886
239 411
978 80
664 0
702 787
292 250
176 622
119 103
737 275
67 705
936 85
600 170
99 267
61 884
279 649
185 434
491 923
788 664
222 211
22 923
760 683
644 830
311 99
213 291
890 965
834 970
999 177
215 972
770 533
814 425
843 538
319 816
19 330
864 531
736 572
745 983
120 907
423 24
148 669
963 412
622 714
774 611
707 304
673 842
931 735
648 144
663 863
205 486
379 645
945 153
462 695
188 683
418 348
55 927
486 856
216 881
817 472
649 570
674 63
312 17
850 755
229 349
251 969
529 242
592 314
939 964
353 589
464 364
314 701
222 951
503 823
309 550
177 30
809 591
402 6
809 720
169 203
664 490
601 613
538 881
135 716
46 151
316 516
742 778
821 309
589 287
40 613
934 520
727 157
686 731
694 268
616 73
352 976
371 668
755 731
612 396
469 161
707 635
221 805
596 420
637 273
885 301
834 456
274 710
569 52
526 907
968 654
752 234
880 847
342 161
571 871
186 659
274 221
866 178
83 533
280 94
529 616
701 612
630 419
174 405
245 211
397 748
249 559
561 953
220 659
256 351
797 49
903 424
514 786
933 185
941 624
849 36
5 306
461 457
363 735
257 488
907 855
153 344
754 118
944 935
563 355
883 328
321 624
409 940
46 781
245 20
761 587
608 123
528 844
650 989
707 825
910 899
618 967
866 772
486 772
258 77
497 568
798 81
838 403
761 318
708 511
152 145
233 582
906 294
930 348
37 174
43 111
852 809
894 233
20 1000
459 570
984 460
709 433
39 60
765 95
498 224
969 231
701 227
983 637
39 85
882 924
795 937
324 962
130 486
313 141
142 324
201 521
83 744
657 747
248 695
769 776
341 836
452 316
500 749
781 961
609 799
768 51
950 992
127 572
659 810
189 777
506 535
769 258
194 848
304 463
144 794
17 874
945 829
732 727
168 833
210 683
820 376
471 417
900 678
958 18
194 928
43 364
18 161
999 758
276 319
913 818
192 952
7 264
970 148
599 478
385 893
599 774
368 514
626 636
24 426
392 323
661 535
525 163
730 527
946 779
587 82
243 435
531 369
501 165
103 980
368 758
119 787
773 995
536 113
154 475
863 883
363 455
909 373
337 450
1000 268
857 963
975 110
435 661
757 709
735 465
120 838
731 438
598 942
567 506
255 814
139 119
316 934
7 807
879 86
926 843
43 588
495 428
157 585
450 894
101 198
799 778
37 740
373 789
548 737
519 484
297 871
552 826
520 716
875 620
83 627
585 821
732 816
352 2
301 336
386 98
726 361
900 464
409 675
241 328
219 830
219 140
622 997
42 957
245 749
470 721
790 250
502 357
832 249
636 497
132 27
437 221
384 817
462 522
639 382
991 551
31 292
156 390
903 767
422 556
414 242
118 529
626 474
76 1000
505 131
604 561
810 895
913 994
693 572
97 888
674 101
403 772
485 113
420 971
26 820
603 891
216 165
573 632
502 656
886 122
141 822
703 164
207 740
844 88
295 814
265 453
244 845
489 964
198 462
401 716
38 268
84 6
948 263
50 314
775 11
266 44
491 894
638 656
293 360
785 834
568 189
84 450
316 573
336 771
826 132
197 403
922 946
105 167
460 779
576 571
572 415
279 928
689 769
545 661
898 623
746 69
780 905
98 920
126 442
254 134
694 855
804 162
380 596
681 342
558 897
640 610
165 737
137 760
733 205
614 446
11 375
991 957
699 695
343 335
351 709
355 129
630 760
540 282
222 266
583 450
141 866
517 864
739 503
967 512
409 426
1 607
273 526
523 762
529 74
805 218
460 395
872 556
132 649
898 268
323 666
290 434
264 276
749 944
296 583
390 486
443 995
34 522
571 981
437 408
124 675
976 928
854 578
827 677
867 412
382 195
645 728
272 875
82 64
525 738
669 588
207 439
249 159
465 848
80 280
660 26
502 622
95 470
888 41
717 888
240 370
11 899
220 505
425 524
928 134
871 445
670 676
482 306
591 198
684 380
293 403
277 387
558 241
280 901
256 190
373 290
432 799
760 893
648 187
122 182
78 405
916 40
194 86
607 223
931 413
274 732
805 972
904 538
332 29
55 669
481 473
215 71
622 859
885 700
85 947
192 167
757 636
928 14
436 261
409 129
895 398
361 553
287 992
856 337
373 425
704 397
304 642
134 394
663 303
627 352
977 481
73 350
182 591
899 176
659 436
835 620
494 278
276 155
592 916
89 709
172 317
371 151
239 642
714 485
37 7
684 971
946 891
75 769
119 867
199 636
55 449
747 168
169 794
949 119
642 966
394 388
441 98
918 504
886 18
119 612
606 588
838 432
502 321
135 965
750 380
313 764
691 137
572 479
63 564
904 745
52 757
837 495
335 376
936 599
68 806
831 587
424 492
518 195
898 590
508 383
355 878
253 608
277 126
683 996
96 223
226 904
78 254
647 783
625 109
731 47
72 977
147 87
66 504
203 327
991 13
783 418
572 258
801 341
