600 1252 600 826 4
160 234
38 567
12 97
34 429
123 384
147 487
302 396
360 424
103 301
124 406
122 452
315 520
42 85
94 324
171 443
12 213
327 598
222 411
248 414
25 167
43 522
78 162
138 452
155 251
377 589
316 374
94 546
112 548
185 349
370 445
4 173
311 386
346 569
9 352
6 214
401 435
58 404
3 112
317 581
122 422
126 527
142 591
537 540
213 541
379 561
381 418
475 503
468 563
241 323
135 589
270 308
2 432
92 292
345 412
217 287
261 504
176 279
289 572
121 184
40 75
206 217
67 390
135 405
43 488
153 551
256 412
305 482
176 345
304 521
253 390
97 132
198 266
309 377
264 568
146 201
295 430
1 31
369 406
382 437
58 565
76 161
283 504
190 536
398 542
416 440
206 287
340 386
134 245
158 178
40 238
73 423
91 382
450 542
262 375
80 498
182 300
333 380
5 267
321 552
170 241
69 420
3 548
514 539
163 435
268 417
180 329
83 446
250 513
26 508
128 457
0 543
62 288
127 226
261 283
216 261
128 573
273 485
74 242
352 481
29 234
319 396
46 421
185 518
84 365
332 413
306 470
183 321
37 237
478 540
270 426
323 433
61 599
217 342
430 439
493 569
261 274
188 556
338 366
124 137
304 555
185 190
302 345
212 297
516 576
275 572
204 258
192 488
130 463
14 230
39 471
14 63
359 448
42 143
262 275
203 232
184 491
69 495
66 428
150 178
202 499
362 580
391 443
181 238
222 307
124 395
53 210
395 434
1 430
156 575
232 297
172 357
93 191
537 564
351 402
127 150
305 336
29 290
35 530
247 590
271 322
53 139
37 325
56 139
100 206
77 145
381 419
52 276
151 545
83 455
337 495
63 71
234 259
48 531
409 442
256 489
120 597
190 349
310 502
193 340
127 178
361 374
370 381
503 511
469 591
18 542
198 206
141 154
291 384
53 529
110 377
194 329
343 571
28 248
152 412
149 549
35 122
372 386
67 386
251 294
20 551
68 108
367 470
434 596
145 280
411 526
331 453
109 292
439 480
77 179
257 355
227 238
43 454
84 362
33 506
9 47
322 337
358 376
313 501
3 433
225 453
12 197
123 244
92 109
109 187
98 174
152 466
215 401
150 338
289 378
24 423
295 439
101 506
92 344
294 405
208 355
181 192
146 500
97 367
244 264
30 108
106 225
180 592
346 385
194 474
418 419
106 479
65 265
49 101
27 56
248 562
194 442
45 560
84 534
186 393
191 277
242 574
114 159
564 585
108 195
158 397
178 338
8 104
114 254
47 352
434 561
293 376
91 327
297 314
173 235
357 501
93 538
107 254
121 441
151 157
78 326
253 590
156 488
26 559
96 389
431 500
384 406
354 360
112 266
14 314
89 446
2 85
319 472
207 223
174 350
353 406
380 402
43 115
298 439
142 229
208 257
128 456
109 344
51 243
142 469
206 342
180 299
255 396
415 444
218 416
34 425
133 330
220 272
237 468
354 490
117 341
348 564
400 471
88 224
318 352
11 539
96 200
15 378
58 245
138 322
186 560
417 481
15 289
252 582
44 97
346 380
554 564
147 459
33 314
37 60
284 340
59 246
264 339
6 194
153 170
256 356
47 341
254 544
56 555
102 380
270 328
95 421
124 596
191 436
210 393
177 301
108 233
381 568
98 350
37 468
207 233
14 232
178 436
215 414
189 236
145 492
236 282
470 593
221 481
359 380
72 547
197 213
44 343
196 521
94 421
45 529
354 424
105 244
280 557
115 371
203 496
311 475
75 231
13 559
122 148
42 91
271 426
52 347
145 197
14 581
320 494
0 275
125 427
339 558
230 581
90 356
510 595
319 437
357 364
4 594
351 415
2 7
167 582
213 509
242 479
45 216
264 381
183 226
108 584
132 367
7 91
112 535
83 360
335 444
375 543
166 319
80 407
78 302
116 156
227 503
181 575
276 582
228 293
207 428
118 593
82 453
528 592
478 537
85 91
182 271
560 588
283 330
275 493
126 238
245 565
65 259
13 461
316 450
333 359
511 518
82 342
89 426
138 495
320 435
491 497
129 578
120 477
193 578
152 489
486 595
286 449
247 311
13 388
77 492
348 587
529 533
15 153
221 526
191 366
245 594
95 565
303 409
74 532
101 580
200 347
8 578
363 564
239 346
49 168
201 407
158 277
0 551
83 89
281 536
210 451
260 368
203 550
229 322
346 517
58 371
174 302
17 248
182 531
239 385
393 537
56 331
132 170
188 328
303 474
66 373
250 440
265 443
76 133
127 483
219 514
63 133
291 305
86 189
182 322
403 486
190 413
312 498
40 527
69 118
90 489
376 595
224 532
227 511
358 564
35 148
317 476
51 516
211 301
375 530
256 345
29 88
165 419
37 539
215 435
31 134
402 415
240 458
322 469
147 312
156 522
315 438
244 558
325 340
561 596
51 576
115 173
313 566
174 279
148 375
171 391
232 550
194 214
55 250
143 319
82 549
334 416
333 463
46 137
73 97
464 566
312 459
137 395
37 514
196 304
4 295
209 483
361 483
24 73
362 494
555 589
328 570
349 434
388 451
163 401
388 478
414 562
68 274
0 262
107 505
401 462
244 339
118 452
439 461
29 106
341 352
41 212
107 553
168 580
294 592
164 261
24 571
129 344
274 534
120 155
461 532
32 317
113 335
364 501
448 465
30 534
155 597
544 596
177 189
203 417
300 531
122 593
363 388
179 199
22 373
185 503
449 454
220 585
103 357
68 233
360 426
286 443
314 473
487 489
150 209
118 422
249 398
58 75
202 502
184 457
12 73
35 452
117 502
32 534
116 454
403 595
167 456
228 460
400 428
341 502
42 598
420 593
205 481
176 466
254 505
437 491
169 503
80 201
215 562
392 440
135 294
354 556
11 152
8 54
211 458
567 578
22 39
53 263
335 361
388 532
52 140
334 509
43 173
370 512
156 391
302 350
19 346
99 117
36 105
219 279
32 504
203 212
138 296
231 546
63 230
274 504
219 539
96 252
80 356
336 419
2 255
466 539
275 346
392 545
62 512
247 390
63 232
151 491
91 131
65 449
66 471
31 295
362 365
95 134
213 392
90 256
259 454
238 475
467 561
265 449
508 559
221 411
249 450
130 526
110 216
251 299
5 61
40 227
22 66
395 421
63 550
338 446
103 501
370 419
239 569
11 292
97 119
376 486
459 498
11 37
101 168
229 269
199 282
186 358
187 344
380 448
56 149
23 36
31 50
226 321
109 147
320 562
2 524
151 382
62 585
307 411
0 572
431 456
347 396
50 105
44 136
149 304
444 569
166 437
201 500
31 594
528 589
162 255
148 543
140 582
182 328
64 233
228 471
88 461
2 197
239 444
54 92
122 306
211 240
368 416
407 431
448 552
139 574
198 287
379 467
124 544
39 554
96 302
272 515
139 484
348 585
477 597
488 522
169 413
111 588
362 383
138 337
352 526
171 237
281 413
164 377
507 532
94 518
24 218
198 301
8 325
166 598
17 257
50 134
272 388
86 282
152 292
210 540
230 330
411 547
93 366
163 365
32 84
48 300
373 585
158 226
57 205
13 532
145 179
377 533
118 420
363 585
121 128
461 480
456 500
159 254
295 594
145 458
397 465
60 237
277 538
136 420
120 154
7 524
467 536
190 281
426 570
357 447
336 482
15 170
60 590
568 576
294 299
227 231
59 433
427 441
218 334
39 228
252 407
339 418
67 340
25 472
394 545
324 518
100 103
324 421
272 363
10 161
460 471
290 295
242 451
419 445
288 585
233 584
505 544
333 477
175 544
241 438
249 374
409 519
199 350
242 388
536 561
575 590
308 328
193 325
223 400
588 595
184 427
101 314
363 478
326 350
327 437
187 567
293 460
412 466
144 400
52 252
216 274
177 236
197 432
178 191
32 580
28 355
88 290
42 255
509 541
268 352
440 545
25 437
203 268
9 130
72 465
306 367
148 530
92 104
33 297
299 329
10 34
351 444
309 589
186 486
81 183
169 332
165 418
249 361
158 321
310 425
57 538
322 531
27 106
361 375
360 455
74 388
153 289
136 260
179 458
585 587
145 432
73 509
138 271
219 466
272 585
146 431
371 404
80 87
280 315
168 506
311 372
41 481
22 471
476 581
189 357
13 272
21 396
33 101
53 393
5 501
303 517
176 412
115 488
160 599
303 442
441 500
5 265
79 110
22 585
7 131
219 464
291 558
379 553
228 358
338 410
259 290
218 571
143 255
196 592
263 555
90 459
173 290
336 445
243 515
82 331
267 599
72 411
313 443
1 298
76 425
198 535
12 509
135 141
34 502
393 540
30 523
131 157
168 362
56 304
179 236
23 244
2 162
210 574
97 315
147 292
349 518
126 371
271 316
334 513
212 232
445 512
16 224
129 187
525 576
347 389
10 76
118 122
464 563
385 402
195 523
112 198
144 293
107 408
298 559
161 261
365 523
367 593
20 306
39 587
27 225
152 539
81 226
177 211
293 510
251 597
114 544
349 536
150 446
307 538
518 546
243 516
79 164
21 319
204 426
236 458
6 217
96 256
398 530
107 467
529 560
232 473
512 516
154 499
185 413
70 260
65 234
31 245
115 192
92 129
171 399
146 407
248 577
331 549
409 572
392 394
81 483
140 472
20 153
70 285
141 309
482 512
224 507
7 394
500 573
129 567
5 206
260 571
175 505
101 581
154 155
222 277
180 521
403 560
103 198
335 375
191 538
188 591
211 236
521 592
384 558
61 267
40 126
103 189
456 573
359 465
209 374
253 325
229 337
270 570
137 353
478 564
240 280
156 454
481 526
437 586
248 257
109 312
83 410
269 495
513 541
325 390
166 586
113 375
381 512
405 589
217 549
69 285
454 522
223 428
352 417
142 322
72 222
42 327
254 408
40 231
15 241
123 353
452 495
364 447
141 155
160 387
83 93
198 278
197 520
338 436
77 432
291 369
61 206
96 345
116 391
100 501
170 438
195 401
310 496
158 191
36 46
134 565
559 576
122 470
43 259
148 306
181 488
18 35
188 270
260 420
282 447
233 293
165 305
5 100
173 404
297 473
86 236
496 550
392 513
259 579
284 332
169 372
29 224
270 556
47 130
137 244
83 354
401 414
356 407
435 494
319 586
186 537
343 423
154 273
284 372
280 438
163 383
25 184
214 442
45 110
329 474
402 448
108 401
121 457
189 301
221 307
99 203
61 160
414 577
145 315
41 417
286 391
17 168
220 515
20 170
33 355
114 406
56 453
269 285
349 561
97 423
365 383
380 477
445 482
319 598
61 342
212 417
327 382
1 50
107 175
309 429
25 457
580 581
51 508
60 575
165 558
392 541
118 495
113 262
288 373
68 510
19 474
200 302
351 385
174 176
296 542
171 563
263 529
275 519
188 300
313 364
164 309
26 272
16 479
65 267
110 533
83 366
16 532
204 271
388 583
83 338
85 255
361 398
242 484
361 530
25 491
82 387
61 387
279 464
214 287
358 486
70 420
50 568
372 503
20 132
358 554
246 266
175 596
57 221
222 397
94 565
299 592
317 580
97 170
197 524
163 195
271 328
161 283
355 506
239 351
60 325
214 217
56 484
58 527
99 268
179 492
258 374
348 554
160 225
431 582
366 436
141 273
175 379
120 333
59 572
205 221
286 8 123 434 515 218 366 319 200 367 500 290 308 442 549 302 153 355 118 561 564 24 295 317 23 259 119 413 355 282 301 244 230 64 97 526 413 584 216 240 485 16 186 454 529 467 109 570 27 186 548 242 73 36 355 148 568 174 310 77 316 563 213 432 169 493 90 418 371 384 73 383 244 513 254 455 133 47 82 535 34 290 292 58 59 396 354 168 242 195 521 535 536 226 543 333 479 382 52 477 152 214 513 235 69 489 383 394 599 27 160 321 25 437 547 108 251 237 465 517 469 0 479 133 365 173 71 572 418 594 188 522 52 267 503 586 192 447 549 98 357 223 185 538 144 196 455 403 58 390 0 81 270 396 311 33 131 450 508 22 310 477 171 546 41 533 346 469 563 529 149 416 152 273 260 61 447 419 269 118 197 18 126 591 295 290 148 434 550 16 161 311 112 500 242 280 410 397 566 41 15 235 331 508 592 246 468 546 419 574 187 22 334 35 95 362 279 460 356 532 213 255 148 309 490 317 413 461 598 445 427 529 443 220 568 362 552 188 534 381 122 330 115 266 310 432 292 526 377 560 443 68 566 148 536 440 528 241 141 428 203 158 188 82 110 344 68 455 289 400 329 92 421 508 314 116 584 50 115 570 527 278 320 190 482 316 276 450 288 30 23 591 185 41 44 547 403 46 132 314 297 24 468 338 405 551 89 378 398 476 515 291 168 536 412 99 229 1 90 171 508 484 81 337 394 333 88 508 155 108 270 499 390 126 180 275 466 340 431 364 73 380 102 71 428 356 118 108 160 323 473 276 445 40 519 550 478 138 351 284 86 156 348 112 274 139 16 237 508 273 330 357 147 296 99 508 551 275 123 112 229 254 244 280 35 249 72 121 47 408 186 429 545 329 233 432 560 25 374 158 155 234 48 474 454 266 462 568 598 477 325 579 313 577 573 414 360 465 588 504 73 145 118 243 264 305 345 494 519 444 591 251 231 464 434 285 457 256 551 569 54 378 587 239 2 542 503 527 273 468 265 235 597 121 346 547 283 356 493 550 176 236 312 299 256 418 259 273 579 30 159 195 485 211 219 162 478 303 580 549 391 232 320 501 181 40 441 339 389 523 517 529 322 136 173 586 444 265 74 419 350 417 222 134 158 221 355 220 168 362 394 225 516 546 550 172 249 112 40 510 78 220 382 279 190 125 331 526 121 134 51 467 317 318 596 424 537 218 49 366 307 592 456 314 288 223 282 490 598 306 408 231 166 85 547 522 233 383 481 477 592 305 239 335 302 51 523 344 83 369 12 86 561 355 132 43 188 289 501 162 71 153 72 315 504 121 203 171 164 162 576 417 108 387 143 141 364 143 334 287
369 279
677 803
685 181
491 365
698 680
656 476
448 515
674 96
913 456
118 521
216 679
853 409
582 141
556 773
70 750
439 285
550 679
56 917
251 157
323 434
385 215
842 173
487 924
806 856
474 91
874 72
583 807
501 648
1 973
606 638
241 908
722 782
166 814
0 811
213 633
307 187
781 832
842 447
969 533
448 884
829 691
26 535
744 129
732 589
409 111
324 754
832 860
125 556
156 28
69 841
720 821
620 871
875 172
389 703
888 444
592 23
446 626
22 468
758 710
437 367
854 507
576 516
598 964
132 699
339 971
648 563
468 989
942 558
299 908
305 54
347 5
131 667
115 431
532 124
505 727
814 726
191 720
674 238
741 243
274 748
941 220
178 327
518 551
15 207
154 855
705 124
649 371
944 284
624 698
38 185
920 301
748 50
932 417
18 318
826 772
789 806
816 264
464 155
714 297
63 623
638 453
55 808
238 416
617 406
942 441
746 858
562 654
996 914
258 941
963 380
300 740
281 841
535 347
281 284
907 938
759 626
760 551
120 607
323 105
463 189
260 493
932 41
336 165
810 926
902 903
973 34
804 679
173 299
921 89
989 446
128 494
699 57
438 174
160 735
762 789
305 637
393 63
855 892
233 110
436 676
861 149
267 587
212 0
777 151
365 953
605 230
969 167
934 344
321 227
419 610
123 266
792 12
874 338
419 259
228 562
254 559
782 570
712 31
102 355
929 997
565 574
205 742
709 204
157 936
243 725
751 960
802 101
890 114
55 871
958 697
458 218
757 459
646 402
710 648
754 296
950 875
795 319
591 352
93 322
649 273
397 561
829 600
152 94
144 360
896 14
926 735
386 791
991 373
99 45
620 369
943 757
34 343
815 626
950 501
429 497
203 945
369 610
628 156
560 399
687 297
804 222
991 210
168 565
37 629
103 187
14 497
533 466
296 985
29 911
156 276
449 721
577 328
1 632
593 106
452 465
112 987
306 792
498 498
493 57
790 356
549 867
53 468
91 416
383 986
595 689
540 607
135 331
880 679
418 901
255 21
114 739
857 693
55 702
315 943
635 622
733 623
624 317
798 490
849 642
279 384
544 295
492 260
493 694
579 860
793 906
753 762
473 410
875 597
41 973
190 206
618 27
294 573
887 237
881 522
939 963
715 167
871 295
13 939
122 214
688 596
416 8
256 777
315 286
354 695
743 884
706 471
533 395
617 518
48 593
278 44
64 87
120 142
525 812
209 597
261 878
348 335
890 150
49 375
582 450
720 339
568 244
996 770
665 320
203 780
970 648
289 15
703 498
491 452
538 971
393 292
657 663
819 982
910 381
364 924
329 595
685 704
192 146
0 710
631 778
344 542
136 62
583 386
767 268
391 429
394 626
754 1000
374 185
24 432
96 71
254 668
159 652
904 616
977 325
708 444
4 784
535 196
136 186
138 787
92 594
829 125
97 963
122 376
198 70
480 299
870 776
874 488
705 253
775 74
115 103
382 513
160 764
478 572
996 720
235 483
528 62
246 304
697 993
244 68
78 269
756 914
970 561
134 581
530 519
436 85
971 425
811 291
314 399
838 207
479 871
907 772
732 275
258 367
74 567
862 941
1 97
9 870
919 246
672 385
394 846
203 468
11 127
210 250
125 869
483 805
710 399
170 889
36 284
403 159
475 19
862 991
668 922
780 662
948 665
513 979
157 234
284 245
370 871
278 707
436 313
981 852
241 443
700 914
800 61
128 921
827 949
261 403
947 607
546 547
498 756
857 230
910 551
740 508
617 59
401 739
654 72
872 855
807 161
132 400
220 204
769 486
422 955
175 991
235 385
324 845
730 669
327 654
884 964
947 192
998 984
418 407
54 253
63 440
843 310
957 734
83 994
208 354
551 7
15 580
723 927
688 953
374 36
832 834
338 131
446 109
36 74
185 671
54 135
997 12
417 989
235 610
661 765
948 148
658 179
467 351
897 839
152 965
67 297
830 63
510 217
638 746
638 4
974 62
432 436
732 470
237 338
651 972
130 240
685 350
206 424
698 531
175 166
478 718
284 140
511 587
724 560
31 159
942 106
904 48
589 282
975 298
395 931
594 740
255 994
165 507
754 381
145 452
824 360
980 819
802 455
188 18
362 158
446 936
858 121
27 726
356 460
890 649
111 771
291 484
474 776
524 688
601 769
54 534
629 995
192 280
474 649
162 591
345 814
899 351
788 617
911 327
6 0
833 32
641 243
318 333
98 918
286 79
96 649
855 3
997 267
189 540
990 106
677 428
155 619
925 695
202 808
967 927
22 834
566 704
607 839
553 100
352 891
894 710
606 936
576 46
800 411
560 838
598 907
361 431
880 738
373 386
591 175
384 585
761 591
201 908
631 121
684 831
94 493
790 701
362 650
354 729
261 210
173 51
547 722
328 723
211 867
564 367
950 789
409 772
3 396
839 385
445 754
570 79
225 141
313 253
935 908
666 14
843 725
90 461
522 309
410 536
75 679
382 248
170 404
986 886
432 851
385 663
10 29
531 247
780 990
609 808
338 788
947 830
70 943
785 434
433 818
789 754
766 406
998 495
717 852
280 338
81 109
454 47
388 334
946 68
463 695
845 562
656 853
10 998
968 471
657 591
109 838
87 791
922 143
506 781
274 967
504 894
829 94
477 900
309 820
330 682
873 552
169 0
355 587
376 117
725 718
330 875
906 873
303 530
797 127
612 566
