600 1161 600 620 19
235 507
173 359
121 373
469 522
43 220
54 306
227 239
22 492
104 388
99 369
154 231
179 492
328 371
133 195
191 416
58 444
188 194
81 545
123 504
143 478
92 230
195 402
31 531
194 433
250 330
199 596
19 333
289 521
158 360
370 554
254 337
197 291
137 266
249 507
29 520
26 363
56 479
118 398
180 427
51 52
238 375
95 431
352 393
465 547
145 409
61 124
130 489
224 309
196 463
233 538
194 255
157 506
21 112
23 48
90 467
391 484
263 505
164 537
6 104
500 561
102 451
245 465
109 292
138 391
433 586
288 348
65 122
317 339
69 204
205 482
75 356
181 391
183 531
73 481
82 184
49 461
267 495
228 362
241 258
178 495
135 313
499 573
345 357
11 425
50 52
212 486
21 23
285 570
216 230
61 597
190 275
335 401
173 383
222 523
236 393
301 378
14 305
106 251
279 582
42 325
212 517
238 533
304 327
11 237
208 587
43 47
568 593
234 342
103 476
136 210
291 520
242 588
180 272
287 564
65 502
200 579
111 497
145 483
85 434
102 456
369 406
100 498
275 536
43 429
37 54
477 534
131 521
339 460
116 594
105 214
271 471
426 465
17 433
291 308
39 238
58 531
114 117
79 434
114 230
66 148
130 470
353 479
152 301
2 455
499 551
120 512
48 376
389 590
426 441
240 380
422 526
538 573
237 388
307 545
421 586
446 556
202 542
243 298
150 397
403 547
27 382
82 522
103 201
581 583
260 371
193 517
105 211
107 561
48 377
373 592
288 557
74 213
511 579
35 471
50 350
62 64
215 241
113 383
107 500
428 442
33 69
477 523
91 430
182 576
257 483
197 346
225 542
159 333
225 530
360 448
52 350
128 436
428 458
5 513
239 381
152 163
395 599
214 325
81 304
78 214
146 195
65 107
573 579
95 192
157 466
17 85
160 272
391 498
486 517
394 477
64 438
84 221
315 548
204 485
48 463
196 460
127 552
36 490
363 582
166 319
50 139
34 536
240 470
311 475
31 122
55 153
378 472
256 271
184 218
307 387
288 517
57 226
92 474
263 529
398 544
62 105
232 432
50 76
371 445
310 326
340 436
264 598
375 543
226 409
8 204
430 583
248 256
0 151
58 284
213 573
17 411
329 559
143 498
292 391
10 150
180 295
405 408
305 340
119 487
478 484
392 594
101 190
376 550
18 254
482 493
299 381
405 553
278 594
333 362
93 541
210 242
70 303
51 75
166 359
6 468
393 531
239 516
435 494
270 324
552 578
460 463
371 567
364 416
302 349
3 238
79 442
44 509
289 399
128 565
6 164
101 234
238 504
123 546
55 139
77 206
63 79
325 385
525 582
199 586
214 557
146 402
453 492
556 572
13 91
395 472
96 383
159 362
161 296
85 411
366 399
328 462
86 554
145 257
91 455
418 583
86 131
126 384
236 310
324 516
204 282
11 501
121 496
125 415
46 555
112 118
174 490
61 64
138 334
266 358
443 540
80 380
300 423
253 298
408 553
294 418
319 566
103 185
382 477
365 502
2 437
100 237
72 130
118 412
188 467
261 387
264 292
553 590
100 138
170 285
580 586
18 539
31 58
428 562
267 312
397 428
127 578
319 412
258 315
159 247
393 444
294 303
83 248
131 437
415 418
414 442
323 499
106 533
133 217
232 371
10 86
288 385
278 513
474 503
186 462
117 503
24 262
221 575
116 278
334 485
196 377
76 321
213 445
251 542
123 147
337 534
128 354
237 584
113 407
87 393
114 503
235 520
61 62
255 548
210 506
187 206
256 568
52 471
149 301
68 431
293 596
171 589
209 491
357 457
147 158
287 292
92 114
17 63
149 599
282 585
516 594
5 599
68 449
65 561
224 517
82 370
249 452
303 553
122 592
36 416
485 563
456 532
506 560
260 514
518 552
273 497
74 463
26 529
505 582
266 273
202 400
191 330
54 89
67 481
361 446
30 225
24 188
227 392
258 524
439 577
184 252
200 511
555 598
288 559
344 493
194 386
97 416
58 162
429 502
71 495
250 413
356 593
62 318
161 554
288 486
163 565
73 279
119 424
132 573
56 500
75 261
514 567
460 574
28 423
367 402
73 148
336 482
222 337
138 192
349 388
184 469
381 469
33 273
289 370
263 541
39 447
389 443
299 403
35 139
221 230
172 493
156 190
156 494
75 320
175 224
311 427
183 393
32 253
47 107
314 599
371 538
209 599
140 535
79 414
151 587
348 557
124 597
240 382
300 519
42 320
66 464
292 598
218 352
513 520
270 526
122 500
66 457
48 196
149 472
265 284
320 518
44 414
266 570
260 567
343 452
271 568
40 431
167 397
99 406
46 68
164 269
45 136
451 452
407 408
459 510
512 583
240 571
52 271
111 536
226 257
125 418
163 384
36 191
7 317
501 563
273 536
318 401
143 349
232 546
458 475
115 167
207 257
291 528
439 559
128 230
247 312
90 411
303 591
19 159
164 390
209 314
205 223
332 558
489 587
179 360
24 519
242 560
15 231
139 173
480 566
484 498
2 399
1 179
4 580
438 559
41 206
71 177
118 515
421 580
166 566
82 469
47 98
527 547
164 361
135 556
56 191
255 433
323 549
445 573
468 537
9 397
267 542
187 571
187 488
28 258
0 461
453 464
81 118
51 568
142 480
104 584
156 234
14 491
231 262
76 387
284 373
171 439
431 555
294 475
480 535
336 553
284 592
259 303
319 535
152 369
194 300
425 563
254 419
44 293
29 155
75 568
97 537
78 385
55 246
344 553
296 310
349 454
64 165
26 369
208 523
17 44
186 213
175 193
23 377
114 474
160 475
81 508
432 504
23 515
144 559
25 304
7 243
248 271
108 491
308 392
345 457
25 178
111 156
239 403
206 241
64 211
363 369
13 115
235 513
218 227
182 523
37 404
311 509
110 219
327 495
326 424
226 583
362 404
347 560
515 544
236 352
87 162
324 403
228 400
218 393
338 450
470 489
23 440
42 593
123 158
207 226
529 541
335 597
312 495
85 365
400 417
219 341
419 443
45 210
114 328
330 353
339 399
49 151
27 41
427 443
122 353
43 502
169 513
398 409
336 389
413 468
86 326
113 588
318 325
92 128
201 374
386 473
239 324
244 245
90 220
26 406
247 400
113 166
52 75
57 319
441 465
38 291
270 422
74 511
342 373
221 357
143 302
133 519
8 435
205 389
89 404
11 468
17 194
518 578
91 226
492 546
229 368
253 462
243 277
112 304
32 60
152 378
199 293
265 342
300 548
512 562
94 556
379 450
33 449
249 331
201 507
337 477
54 362
435 585
375 533
41 394
195 519
48 440
4 281
274 541
255 281
10 437
107 502
88 384
146 154
0 576
50 387
178 440
101 346
38 227
185 476
40 95
157 493
38 528
288 577
342 494
32 243
89 129
57 535
47 56
262 467
29 374
90 473
21 440
138 598
292 564
466 482
12 103
5 452
466 493
419 427
3 233
106 375
46 134
240 489
56 353
95 485
13 150
101 476
430 581
321 359
401 508
155 197
225 251
15 262
330 479
388 584
455 574
252 381
301 472
193 248
280 518
26 525
50 173
251 417
254 596
326 365
204 497
121 204
120 418
551 573
312 542
415 535
524 548
16 488
277 299
45 410
237 425
9 428
53 288
364 572
39 504
59 170
83 193
60 253
215 258
38 308
20 527
463 550
133 367
105 286
149 395
184 370
28 548
171 577
20 547
184 239
178 376
14 209
22 114
162 203
224 577
60 441
161 236
276 376
50 75
253 426
496 501
299 469
178 327
332 530
155 520
511 550
54 404
18 337
174 467
132 551
166 173
118 544
328 426
59 420
280 325
250 496
72 489
17 569
165 595
242 506
366 574
139 153
114 575
237 468
12 34
176 469
330 413
74 579
58 592
418 475
322 543
50 261
458 512
505 529
9 424
493 560
457 464
257 409
19 124
132 322
149 491
0 587
139 383
315 524
128 422
35 52
355 545
146 231
42 385
272 295
179 448
0 379
189 307
28 217
261 320
147 238
21 304
66 345
180 294
139 350
53 577
110 228
108 301
447 504
510 529
86 296
41 187
93 263
72 151
87 218
338 368
167 562
132 538
444 531
74 460
313 556
116 270
141 240
295 427
222 419
202 312
373 435
169 452
409 544
150 167
451 456
223 450
320 356
182 540
67 88
71 597
521 554
459 525
126 152
147 504
4 586
161 370
228 417
70 407
44 297
323 351
214 286
68 555
278 520
43 90
84 216
81 268
363 525
162 346
432 447
236 531
121 501
19 312
170 570
116 599
296 326
23 112
154 402
96 113
12 201
122 310
239 252
434 442
325 518
29 476
7 283
63 434
413 537
319 398
18 586
233 322
159 400
188 300
119 326
202 417
122 531
323 551
127 280
77 421
158 341
12 331
65 365
119 365
233 514
385 486
180 389
47 490
530 542
223 290
365 487
195 367
357 575
545 578
192 598
178 267
232 492
164 468
276 351
189 319
577 589
414 509
166 189
144 329
180 590
127 545
227 528
8 282
244 328
113 480
373 496
146 519
405 588
191 479
539 596
347 506
136 506
348 559
258 580
341 360
514 538
104 349
234 494
390 454
212 256
12 59
465 474
167 428
84 384
116 513
115 583
97 191
376 511
160 294
44 63
448 546
32 298
428 434
1 66
204 501
322 538
364 490
22 457
354 565
336 493
27 80
228 404
175 517
213 462
395 452
109 181
7 522
213 316
68 372
40 68
77 580
432 514
189 412
178 351
458 509
124 306
33 497
84 565
342 346
115 562
16 241
0 208
51 271
246 410
26 510
94 390
72 587
53 517
0 290
269 454
465 526
171 559
40 69
337 419
168 375
336 590
74 316
200 323
28 315
540 576
36 56
17 199
27 380
351 549
200 573
84 163
225 558
16 187
355 412
212 385
268 327
24 146
277 403
137 536
170 532
105 348
143 388
87 444
232 514
428 509
441 547
106 219
120 583
432 546
192 334
62 335
309 577
34 103
134 555
65 310
62 211
324 594
100 334
142 303
123 432
126 369
190 476
137 273
277 283
67 279
324 527
46 372
321 387
188 519
99 152
163 305
169 507
268 597
13 167
198 229
254 293
71 312
242 405
289 554
13 437
177 597
394 586
115 430
144 438
162 444
226 396
316 579
208 576
422 474
117 245
305 565
66 481
64 129
111 282
60 403
181 478
226 455
125 583
123 448
59 456
0 49
104 164
229 338
497 536
223 379
205 336
558 464 429 182 132 6 593 82 403 86 503 319 583 88 476 596 278 548 549 188 292 200 312 567 13 144 209 33 355 554 29 9 277 461 96 411 170 577 209 288 598 195 381 49 52 473 504 141 158 251 520 439 167 111 423 121 1 39 553 338 543 579 568 595 354 484 180 512 270 351 168 520 144 543 339 525 446 437 558 479 240 91 364 246 474 104 123 148 113 195 478 150 463 576 59 316 438 288 450 548 57 117 166 10 205 67 48 582 437 354 149 177 240 178 535 148 533 409 252 233 349 78 382 139 86 102 82 127 360 475 44 107 43 247 453 395 237 582 342 364 386 528 293 572 112 201 42 357 215 504 7 40 288 468 165 263 133 450 60 159 493 350 436 566 577 181 569 193 462 169 295 259 337 56 371 368 191 89 151 560 10 92 410 462 411 167 290 82 72 360 16 536 564 554 201 261 536 292 549 447 543 124 341 187 183 135 586 295 481 290 548 266 400 254 539 128 146 467 425 560 65 45 472 489 381 458 121 595 442 358 589 157 91 397 245 558 281 411 246 558 366 297 204 560 291 121 416 462 150 182 28 130 593 376 129 171 352 415 192 199 482 497 266 39 432 455 556 191 61 79 552 380 466 248 214 241 19 305 484 587 533 269 201 116 139 146 128 103 104 469 593 502 449 283 593 64 246 346 37 3 36 140 111 564 465 397 496 287 57 81 540 180 192 587 316 294 102 44 33 46 318 534 260 145 451 20 317 346 256 199 452 11 493 108 487 126 85 99 192 579 381 180 88 275 57 370 407 76 373 175 557 295 109 230 225 422 173 261 554 237 93 292 25 271 323 594 19 101 597 282 394 453 207 543 136 171 18 471 236 89 498 315 339 533 563 282 539 52 292 246 222 148 216 275 457 418 137 146 100 158 495 278 56 176 143 215 36 201 81 217 477 162 141 511 132 369 23 459 115 39 191 327 154 199 269 194 247 574 448 145 560 594 92 552 59 385 192 330 518 281 299 274 413 110 518 23 192 36 403 414 391 351 517 41 206 24 317 476 114 119 150 468 321 287 494 24 224 91 373 384 566 49 265 185 227 550 374 570 235 248 4 8 254 397 197 338 276 15 589 71 301 47 46 247 79 517 373 380 364 260 35 365 551 580 595 139 527 459 569 375 62 79 156 427 447 226 468 40 11 295 44 157 460 200 261 380 199 13 348 229 283 471 203 34 263 54 386 583 231 547 204 392 206 312 284 439 241 355 454 407 29 510 443 92 315 404 313 161 162 329 475 380 376 31 60 516 581 486 373 319 28 509 149 196 221 175 90 381 304 401 573 79 304 194 190 279 9 255 89 329 141 393 13 469 98 356 325 512 562 49
60 150
781 985
466 486
561 873
293 138
895 578
725 111
570 614
770 254
467 342
452 412
742 174
932 411
397 428
905 674
517 112
243 23
378 212
243 189
309 892
738 634
339 708
760 846
369 661
459 72
349 788
980 861
149 68
344 52
847 503
526 840
660 325
576 660
949 226
911 369
8 606
585 171
280 990
744 511
613 876
917 201
191 84
136 773
496 183
327 264
8 547
990 98
550 178
391 689
23 218
89 624
61 676
27 628
61 876
300 957
63 565
616 234
296 545
697 351
969 422
653 660
245 874
198 874
417 269
192 944
575 298
791 939
869 892
999 163
890 217
209 468
326 861
10 94
868 980
517 685
92 683
122 633
245 101
141 842
395 306
132 25
287 724
580 524
7 767
890 775
458 250
511 413
698 447
859 856
232 995
449 190
404 510
788 768
969 984
623 56
891 173
133 523
647 136
567 226
967 781
826 120
793 391
974 465
894 411
737 83
182 897
530 923
564 264
940 724
856 9
443 980
882 297
299 693
168 511
714 807
352 430
855 592
701 771
304 639
500 326
304 387
796 226
615 310
654 938
278 900
299 441
916 828
251 710
815 733
197 998
0 25
481 444
552 792
420 29
996 64
573 34
14 485
926 335
873 113
86 594
294 480
61 27
247 434
794 42
59 993
335 589
503 68
610 947
832 965
947 625
430 389
23 138
935 762
19 573
538 42
810 489
842 347
35 372
646 989
348 915
239 337
582 430
730 425
913 795
698 100
232 955
190 539
396 388
491 927
902 538
999 365
47 944
108 407
134 594
524 159
10 813
626 538
298 838
383 777
740 971
166 301
875 36
122 159
650 392
635 489
879 377
582 722
176 9
421 129
199 600
826 383
643 181
906 133
38 816
377 127
458 19
425 633
822 432
25 277
308 187
468 738
877 443
414 914
770 452
849 233
101 320
208 56
397 590
104 130
913 624
51 500
151 951
60 792
550 705
172 842
284 3
856 753
357 15
695 482
533 976
478 205
850 802
153 156
106 271
14 866
470 880
364 527
723 544
368 975
12 246
794 801
559 79
695 840
586 842
809 349
877 522
621 414
774 139
583 909
694 555
64 67
271 43
76 473
614 634
695 739
725 735
92 543
379 907
39 768
948 479
699 223
441 937
663 536
599 692
227 213
349 142
38 716
363 577
302 40
168 338
632 810
141 691
487 111
942 965
952 69
739 346
983 275
397 832
265 781
698 42
819 628
28 687
222 299
940 288
999 988
879 335
425 745
635 613
834 568
913 939
224 736
322 127
857 275
599 597
712 317
955 334
142 900
992 12
92 885
518 511
99 211
775 499
944 26
312 229
205 356
239 259
559 412
378 274
543 624
675 605
379 86
971 688
789 14
243 389
330 767
911 722
262 940
196 652
791 531
0 895
592 355
294 268
358 856
589 1
894 646
318 69
512 715
499 567
183 804
269 554
130 744
163 620
557 836
481 772
749 599
175 777
542 333
322 807
677 789
6 994
668 223
933 445
469 839
290 927
849 155
224 829
118 360
179 191
60 257
487 609
865 657
615 984
788 319
981 592
132 431
843 909
762 391
60 418
113 941
764 38
60 614
413 805
609 476
672 264
857 703
248 647
82 738
823 872
990 229
171 578
681 999
666 79
332 959
914 860
578 119
514 289
446 531
487 3
15 306
951 831
564 470
626 781
988 136
726 272
872 476
554 901
407 723
398 647
993 719
52 222
113 51
646 567
103 98
108 571
883 815
118 801
398 149
161 655
789 72
138 287
679 18
886 80
791 567
640 441
192 115
938 575
319 512
474 390
267 591
474 545
378 935
212 792
513 25
690 641
314 995
131 462
990 814
186 486
183 435
295 581
80 514
421 221
227 616
698 188
358 295
262 486
612 139
402 963
281 404
145 195
970 379
241 133
789 696
397 49
505 356
802 136
631 729
213 241
390 356
512 228
375 495
931 149
677 880
336 172
436 336
792 272
834 681
445 450
117 984
67 923
364 741
638 691
362 333
165 269
707 389
598 778
629 87
648 891
713 940
959 185
82 289
1000 513
953 537
763 916
729 35
428 567
998 449
794 852
331 370
949 905
499 641
25 180
598 747
458 670
790 906
690 708
21 334
495 140
715 164
601 555
31 33
8 654
990 636
399 183
760 730
270 330
860 414
162 120
825 35
636 209
232 500
868 950
79 344
371 615
844 65
863 200
93 823
477 281
204 18
30 65
555 150
946 665
746 883
95 382
824 312
335 834
765 204
903 262
816 63
511 763
633 286
802 190
529 259
729 772
622 908
941 935
61 448
910 506
236 769
327 308
984 889
448 714
331 398
864 551
616 833
326 616
751 567
40 852
191 751
419 73
824 528
510 463
532 576
134 132
307 95
941 878
753 686
767 646
715 507
1000 916
438 846
659 359
999 419
581 950
206 165
281 509
910 295
691 144
591 806
276 186
120 236
998 950
404 862
513 868
287 615
233 679
709 877
724 667
354 109
442 795
429 692
514 794
195 715
166 387
545 442
951 115
594 69
120 879
494 825
76 963
88 437
601 282
367 381
825 173
913 8
882 718
229 531
655 834
66 710
342 226
989 322
95 21
604 108
536 748
436 605
761 817
90 158
33 919
194 683
479 712
272 114
358 468
921 902
327 468
766 106
821 283
258 157
39 93
103 487
7 939
146 356
202 402
685 303
96 771
782 597
229 917
278 216
273 871
916 60
883 615
