600 1195 600 1099 4
408 509
427 440
359 479
108 374
315 351
55 483
11 452
86 312
25 256
383 400
11 523
90 214
108 499
479 540
157 395
130 272
23 146
215 359
483 591
31 469
426 487
22 475
290 331
29 62
504 523
308 515
459 481
34 194
350 503
304 348
76 422
52 497
277 405
336 368
100 599
92 407
317 525
149 565
135 302
410 465
59 157
119 510
241 393
17 26
151 289
130 379
33 234
136 545
142 191
179 414
10 353
283 392
336 479
65 466
409 543
369 555
40 263
153 375
218 272
435 468
133 431
181 397
307 522
33 241
208 388
59 395
83 264
387 456
41 209
478 519
228 265
309 424
68 429
119 200
89 248
494 511
23 561
520 592
452 523
12 507
129 314
415 500
339 438
69 287
289 499
328 386
316 513
209 311
159 345
327 386
13 114
226 472
232 444
49 258
224 559
363 513
452 583
118 521
22 464
223 331
263 556
247 524
221 371
32 39
410 589
218 510
95 440
90 129
58 185
85 493
200 476
354 487
227 472
501 578
291 412
140 369
328 477
500 522
31 190
271 443
157 526
48 402
91 491
111 524
253 455
123 463
207 433
170 203
290 416
72 437
179 397
326 400
152 380
284 482
448 564
402 410
35 313
282 571
255 536
325 500
62 124
61 224
95 481
147 561
48 410
274 335
205 384
353 588
48 260
248 445
272 379
136 206
411 542
75 452
155 177
122 135
16 118
259 264
1 563
126 308
144 330
172 181
28 428
93 117
291 597
234 590
161 229
48 270
56 418
136 411
188 301
319 485
192 369
38 443
309 573
160 279
213 423
102 475
207 443
82 402
66 375
281 332
257 372
224 359
19 516
107 538
43 49
405 422
129 597
457 464
29 96
18 408
533 570
1 219
178 231
28 237
95 447
321 476
203 305
112 430
173 488
199 543
35 353
11 583
126 585
166 319
163 382
23 39
326 528
303 443
36 515
175 291
91 578
113 191
72 143
460 465
88 94
181 292
92 477
288 552
120 397
91 501
79 113
55 81
64 345
570 577
151 485
312 430
77 244
374 499
22 457
43 338
402 581
47 438
150 488
314 342
28 517
121 177
31 189
316 558
466 489
115 332
352 532
259 475
219 581
236 322
327 352
52 301
147 160
49 423
186 513
3 142
22 102
70 192
449 551
330 529
19 359
404 598
65 489
53 149
36 202
75 197
491 558
412 597
6 512
260 521
117 193
260 270
141 206
188 250
141 222
105 467
324 537
51 144
36 105
391 460
175 211
14 396
41 417
415 522
279 333
36 454
397 565
225 512
31 294
429 535
169 448
252 285
159 171
181 579
16 82
399 467
29 196
115 254
303 433
216 491
270 521
0 275
34 80
114 333
250 561
21 107
5 324
498 555
512 528
186 346
362 471
227 310
101 548
284 563
204 393
176 270
568 570
2 319
121 484
130 496
387 430
2 385
214 539
36 117
61 359
261 413
73 93
439 470
144 529
174 582
400 419
506 566
18 509
134 509
132 537
159 448
334 360
492 580
477 509
455 551
50 347
49 478
267 313
231 283
11 404
61 431
79 268
352 520
58 257
348 484
402 589
148 472
28 138
437 519
113 266
278 431
155 550
29 222
332 438
312 463
45 337
192 341
148 503
387 596
280 518
123 223
89 122
154 327
91 168
389 574
181 414
46 586
68 123
525 584
271 433
34 370
484 522
198 330
156 541
104 595
203 492
77 511
147 554
401 417
285 518
48 170
352 378
53 221
119 218
3 268
225 400
70 108
305 492
63 202
486 572
502 557
146 147
304 357
377 599
340 420
20 502
177 206
511 566
20 183
214 314
32 180
8 351
464 506
97 312
6 528
5 427
107 325
115 448
164 389
137 173
130 240
338 501
217 322
171 444
227 503
79 205
284 524
124 206
208 297
89 135
141 562
235 492
317 584
67 131
367 409
81 287
119 321
2 456
1 402
271 314
46 285
289 591
275 452
254 547
13 333
290 591
89 343
165 186
137 534
440 481
246 551
93 467
190 516
92 139
280 285
175 472
135 477
226 435
111 236
183 364
141 357
259 446
91 399
154 352
145 490
533 577
361 453
101 586
139 183
218 540
90 538
265 405
152 575
515 568
330 482
252 518
197 232
32 261
184 389
14 488
112 596
68 233
19 479
278 577
256 590
528 596
258 423
132 462
18 381
223 290
179 239
116 444
569 572
320 375
4 60
296 306
96 196
110 297
195 338
85 538
42 492
98 594
419 510
104 106
17 79
298 525
320 409
206 542
85 539
43 258
24 320
217 458
213 478
239 414
343 477
78 328
308 454
57 138
90 503
43 143
356 545
5 178
319 456
42 235
100 407
44 161
21 271
282 370
200 218
490 495
99 372
300 377
162 446
544 599
219 458
380 527
167 250
306 588
3 340
267 380
417 526
32 394
53 65
86 223
55 69
184 574
545 567
23 394
382 575
195 586
418 542
45 64
336 540
210 504
47 315
205 393
39 561
228 295
179 181
93 105
139 230
294 496
362 530
331 461
100 544
229 427
215 224
20 557
41 401
139 520
354 504
217 286
326 512
16 521
152 553
233 429
242 545
192 432
84 383
86 463
460 589
200 355
154 243
264 475
25 420
100 230
185 475
160 190
476 499
12 282
21 303
309 465
478 582
372 569
98 324
175 412
143 501
184 473
133 278
138 428
259 450
40 356
112 312
59 531
29 124
45 191
337 351
44 269
199 423
177 505
178 447
133 298
207 271
481 575
102 566
457 506
16 176
202 585
306 334
240 253
14 554
199 409
142 337
52 103
48 390
11 275
153 585
354 422
252 318
219 563
174 519
10 296
269 556
35 434
310 597
257 494
298 317
454 515
22 259
173 396
46 195
180 317
48 203
422 487
162 464
75 243
70 594
391 433
64 376
300 595
147 279
4 211
333 394
192 555
202 514
79 249
433 436
25 234
221 292
450 569
14 173
124 418
441 499
595 599
140 278
221 466
172 371
252 585
197 276
67 470
206 411
42 424
197 588
133 577
58 99
184 212
350 435
342 539
94 507
437 478
116 198
27 348
371 466
206 357
159 598
337 340
132 556
3 17
12 571
229 459
425 529
189 272
445 544
249 268
526 531
215 374
505 576
299 441
332 547
455 534
84 379
324 560
396 449
254 448
50 571
138 451
74 309
141 470
469 540
308 498
126 498
145 528
52 167
169 323
251 383
114 359
179 565
567 573
238 360
303 415
140 224
219 286
186 363
23 333
143 478
13 525
382 593
377 595
68 451
148 435
231 392
86 123
24 375
189 294
26 340
401 526
137 449
194 370
40 235
193 570
51 564
168 182
283 382
377 506
159 444
342 493
550 576
339 435
222 470
13 584
7 231
127 201
194 347
200 321
126 473
160 373
64 337
212 474
273 389
241 384
47 339
180 413
63 585
147 488
164 471
169 254
37 95
263 483
311 535
75 334
81 428
82 118
283 447
61 133
52 349
288 339
220 473
174 257
303 576
78 487
344 387
467 548
20 24
248 544
125 536
188 561
304 439
9 572
354 523
55 453
198 201
132 289
103 349
178 440
174 372
163 353
0 11
349 507
81 542
501 536
129 412
358 411
28 62
171 598
38 271
327 378
287 542
225 596
35 198
87 502
175 438
314 322
328 487
399 586
128 489
76 295
92 378
167 349
267 382
483 587
399 548
299 355
34 558
404 504
134 302
279 516
2 274
72 519
300 557
76 265
15 506
242 358
187 330
103 497
381 426
290 453
5 546
403 511
366 554
224 431
158 486
274 321
253 496
211 412
206 418
238 352
178 546
403 494
70 341
20 110
193 515
133 180
197 444
365 541
144 425
181 221
95 178
210 354
256 350
83 293
346 578
11 171
339 472
388 574
166 485
304 470
8 288
270 402
519 582
224 341
143 437
191 337
492 556
362 520
216 399
356 573
65 366
309 567
257 480
223 453
5 432
356 483
182 491
130 294
95 406
242 411
151 476
30 168
54 94
289 462
76 405
336 469
31 373
92 592
190 336
155 576
97 112
109 338
581 589
146 279
413 508
109 143
244 423
174 480
301 549
57 451
240 251
103 507
273 329
180 533
210 422
47 351
281 438
394 584
185 293
80 93
33 384
297 375
90 597
18 78
73 558
201 330
83 569
445 446
31 150
131 348
309 410
185 494
148 227
74 155
168 346
129 214
421 483
126 212
304 484
267 434
385 490
210 376
231 447
388 473
175 281
290 361
330 564
385 495
331 541
315 337
97 463
174 486
37 575
145 400
118 284
545 573
202 548
216 558
198 313
300 566
70 98
410 424
282 316
176 521
57 453
21 342
169 345
145 335
87 557
232 276
347 497
9 158
55 242
140 431
179 246
345 376
347 549
208 375
486 519
54 363
198 380
136 155
164 208
324 427
5 594
98 108
122 445
89 407
299 479
121 357
164 388
217 271
45 295
393 590
79 191
430 541
115 425
132 587
354 452
538 539
245 513
180 584
163 283
187 529
77 199
391 589
493 538
247 284
357 439
1 581
271 322
229 324
237 517
149 397
166 289
36 193
289 587
218 419
102 494
265 295
164 296
137 150
17 384
10 273
182 558
135 509
197 334
287 358
47 552
236 286
28 56
35 588
137 294
195 199
50 497
52 188
473 585
300 511
7 126
344 456
216 467
204 205
26 33
203 410
121 304
18 426
534 551
102 457
32 584
379 383
272 469
430 596
39 188
36 514
15 464
196 526
191 228
164 360
221 579
74 545
396 565
6 326
1 118
125 143
150 373
73 216
147 250
63 252
263 421
235 573
253 551
374 559
94 349
3 26
355 540
93 261
88 489
84 419
120 181
327 477
355 479
247 482
345 598
408 477
69 358
55 287
435 503
281 529
423 480
473 574
360 471
420 468
152 521
424 573
234 420
210 404
200 441
260 459
24 502
7 498
117 261
381 487
480 582
359 516
84 272
314 539
117 508
212 220
275 276
37 382
37 481
11 504
193 533
1 82
42 573
71 143
256 435
195 280
291 310
109 501
319 344
141 439
307 325
2 485
198 527
10 164
110 520
277 426
537 560
9 569
370 558
164 273
3 249
84 218
21 415
190 469
368 479
82 176
354 386
54 507
233 463
201 482
497 549
114 516
147 366
87 409
400 528
308 568
245 316
267 575
27 67
21 493
280 543
163 267
12 54
442 571
421 587
260 390
128 466
222 395
386 487
411 545
35 116
64 169
257 403
45 228
29 237
21 38
494 566
86 365
32 80
186 316
449 534
341 559
296 334
157 417
210 598
25 468
163 434
111 211
332 529
320 367
168 578
69 242
1 284
119 274
116 197
398 479
440 459
49 143
441 476
118 127
72 125
110 362
55 262
161 459
450 572
505 522
59 222
512 596
157 531
273 392
140 568
54 282
119 335
471 530
310 503
146 333
90 139 446 278 252 245 278 445 43 533 556 171 135 527 436 358 2 385 376 23 88 170 102 357 116 485 172 58 314 406 482 491 312 372 574 412 409 540 149 144 292 298 152 531 310 196 373 116 531 142 536 15 296 17 425 211 310 494 127 397 599 460 511 31 598 488 461 570 510 515 174 150 161 202 544 135 209 421 69 413 510 163 497 591 532 162 429 86 84 146 424 516 431 34 39 196 137 22 549 384 377 189 3 279 537 443 374 187 68 424 235 290 112 433 323 364 590 246 80 209 48 594 577 369 61 63 97 83 154 187 450 381 270 210 281 393 282 323 579 34 500 58 518 146 475 224 594 244 55 417 507 568 22 562 382 586 556 438 469 28 235 359 365 538 405 94 118 451 212 291 297 366 29 171 451 559 448 291 517 59 473 92 209 285 75 65 28 154 466 351 597 140 593 421 283 404 416 122 350 35 93 139 434 173 590 597 257 494 594 195 65 587 271 518 401 492 562 54 357 473 0 151 78 484 110 234 15 119 26 398 86 207 478 343 78 32 450 280 419 218 439 521 405 544 220 99 74 121 333 254 363 212 279 63 443 85 580 268 222 154 557 580 396 22 430 302 228 196 41 504 398 200 157 39 443 196 568 498 491 487 457 312 535 475 76 574 491 148 493 193 445 214 446 253 486 547 34 272 575 133 207 480 220 34 572 571 429 274 91 99 239 576 86 317 86 497 73 172 555 115 484 225 577 472 113 423 202 213 56 596 134 253 500 496 527 333 320 19 128 124 410 513 238 28 215 478 97 117 438 84 590 140 213 598 411 113 416 387 228 562 282 322 137 104 429 411 554 70 309 518 553 258 320 35 453 449 234 273 290 23 376 138 108 372 157 326 561 563 570 373 6 341 291 318 560 448 315 334 263 58 226 534 576 527 421 418 574 499 500 239 416 199 362 488 35 433 233 48 445 62 534 101 353 129 580 316 419 399 309 306 13 445 301 171 498 1 244 144 483 119 93 553 447 514 358 351 389 333 141 184 479 445 35 209 287 8 464 339 55 190 102 267 553 491 128 470 95 293 224 591 438 165 206 427 541 240 431 335 251 533 176 211 553 273 458 536 543 125 447 313 564 486 260 268 490 556 252 119 194 272 161 516 328 522 225 568 68 595 524 95 383 198 473 357 451 463 94 227 142 130 489 325 408 147 204 308 123 324 332 98 148 454 344 306 486 490 339 170 45 276 391 111 548 361 96 590 124 311 287 543 236 319 353 115 383 110 431 379 175 211 127 372 369 16 395 480 409 204 220 368 88 525 532 51 284 159 391 451 417 108 434 408 501 149 157 421 13 396 346 559 262 99 579 357 276 511 589 103 367 47
364 810
221 534
468 177
128 899
132 644
494 423
547 47
550 498
135 807
966 949
469 666
374 841
946 372
752 315
822 161
729 929
297 528
124 939
495 965
686 259
651 784
52 406
784 954
778 292
670 730
20 847
94 900
30 245
195 82
86 104
983 583
730 132
809 403
35 907
873 439
392 680
713 500
411 541
86 416
811 319
314 268
134 16
302 341
856 709
415 373
233 902
805 631
129 782
326 403
882 760
916 367
268 709
875 296
875 137
995 389
265 179
174 113
284 103
865 886
22 116
178 651
672 353
149 120
770 571
221 850
938 209
683 661
1 243
308 42
253 207
561 364
927 690
975 735
869 497
171 310
438 779
305 901
765 805
471 944
152 957
848 438
206 172
283 507
900 966
633 91
28 492
351 76
709 759
939 248
626 926
22 607
911 636
570 867
820 484
980 317
445 510
112 57
338 1
513 344
891 896
657 914
821 586
827 929
903 312
680 833
796 509
707 826
10 399
548 325
879 678
607 782
143 575
430 26
250 964
730 275
216 734
360 715
790 474
290 568
554 179
897 118
93 281
657 977
320 95
112 154
960 712
648 534
311 592
980 171
69 577
725 61
22 346
393 287
701 361
546 985
622 973
200 263
778 98
244 83
604 836
611 405
80 181
166 891
919 725
250 689
561 117
801 258
814 210
43 737
858 118
784 129
502 249
346 568
590 656
480 832
147 325
423 87
24 57
965 906
287 781
785 191
394 413
749 980
427 624
501 675
956 534
465 229
887 239
942 600
229 801
347 376
325 816
980 40
809 129
950 880
101 674
325 496
119 267
500 498
905 45
746 404
934 86
946 567
619 803
556 601
840 899
991 526
216 648
845 292
701 111
730 193
207 933
557 400
733 477
877 408
819 668
74 77
404 731
345 656
795 776
575 210
287 609
750 542
310 369
19 993
114 984
144 243
136 463
617 707
188 7
319 878
110 616
598 559
885 794
30 535
622 306
873 527
148 513
635 141
194 499
598 587
971 105
47 156
343 134
631 343
501 4
45 769
44 697
236 939
436 425
632 859
506 534
351 778
305 10
10 887
305 316
105 578
169 27
476 782
907 11
712 20
40 932
237 266
470 807
791 820
981 499
875 30
205 613
676 938
187 917
874 262
731 0
761 612
754 12
214 767
983 688
1 827
895 864
849 768
819 991
361 417
826 452
251 142
344 292
852 979
286 950
169 987
400 613
155 917
411 327
326 463
117 487
674 107
483 631
512 193
392 811
403 770
312 1000
662 419
784 217
794 705
160 682
953 425
469 587
211 579
774 653
165 545
219 216
97 845
478 266
352 190
54 663
973 81
858 934
733 97
261 907
448 707
637 744
708 306
609 234
770 842
846 342
579 997
113 402
64 232
368 360
434 687
46 339
642 485
221 339
25 656
214 13
371 32
357 630
75 500
179 817
954 478
745 344
667 643
444 173
708 683
530 211
114 518
204 830
469 387
8 369
574 36
489 863
496 900
498 605
248 665
390 159
187 729
761 273
461 735
540 143
694 187
198 861
855 670
91 785
116 861
597 354
39 462
597 932
426 122
257 815
990 637
876 379
29 295
939 275
0 794
153 825
510 814
432 655
367 904
618 197
268 268
113 226
227 242
675 297
542 737
320 195
558 760
978 430
655 835
360 111
889 200
709 723
690 225
589 441
928 451
996 94
911 912
755 160
558 288
642 702
269 881
746 861
514 851
668 51
350 595
440 941
418 582
641 9
66 946
475 106
460 870
447 103
544 659
511 627
341 432
203 448
511 580
44 974
786 319
18 179
831 116
887 65
600 261
857 561
592 15
86 23
268 466
839 843
335 858
321 959
425 481
609 898
493 925
745 764
279 406
186 240
68 632
793 426
952 8
71 374
347 163
39 0
180 162
612 112
60 860
368 266
358 970
834 798
261 361
237 721
419 975
468 426
241 112
277 40
403 72
642 399
520 414
165 459
402 641
45 796
168 414
968 778
126 722
92 211
460 477
579 238
900 386
108 436
335 750
685 966
780 996
459 538
253 772
825 92
930 983
282 77
434 839
301 167
675 505
779 38
453 139
772 933
153 486
385 442
200 424
377 137
495 300
343 50
734 961
195 375
985 147
837 516
68 827
698 156
42 194
586 728
86 730
588 632
572 550
842 957
525 236
539 899
950 804
655 233
905 841
399 483
239 615
305 244
55 307
491 206
997 869
387 931
809 185
979 223
512 85
896 580
330 350
17 447
839 872
474 76
757 60
877 327
601 471
527 266
34 368
907 669
676 769
8 685
348 881
109 309
749 912
935 328
767 454
521 929
582 137
810 840
521 23
966 451
704 554
674 461
711 260
192 49
758 683
996 837
584 815
332 530
76 327
394 860
179 594
726 323
45 43
314 619
560 71
217 694
604 751
45 86
529 773
724 429
807 65
243 24
963 672
448 344
0 492
49 511
645 180
402 131
172 198
781 731
703 916
214 283
468 453
189 765
804 547
843 369
163 350
831 55
108 820
318 567
842 183
546 441
382 320
717 803
903 489
572 338
484 360
830 269
89 140
191 534
283 682
855 61
796 897
199 306
639 442
944 935
696 438
923 400
972 980
247 302
533 615
387 562
112 333
712 401
956 648
922 112
339 324
234 467
935 830
400 835
765 364
662 592
830 616
408 256
416 706
256 426
1 929
403 191
549 847
451 562
531 387
722 858
445 54
51 608
298 832
706 892
