600 1448 600 1104 13
103 306
394 463
74 537
131 281
10 86
191 357
68 327
138 529
123 275
124 136
452 521
184 554
148 408
356 460
171 435
15 291
188 370
55 105
446 567
378 517
157 490
155 242
276 435
186 424
95 340
489 511
108 516
52 557
176 418
93 217
215 574
301 517
231 299
166 458
97 484
213 318
404 532
56 412
252 389
34 589
208 293
277 399
126 147
443 448
494 505
320 365
278 513
383 408
104 463
69 111
24 34
0 165
23 394
358 580
294 582
79 560
133 549
153 325
175 209
170 452
366 496
9 229
64 587
105 145
124 323
234 481
99 292
297 484
322 350
118 457
196 360
72 547
107 578
16 449
105 454
43 205
471 577
51 206
128 157
292 572
284 583
11 462
88 229
492 573
31 429
293 559
77 285
200 238
47 75
63 366
315 593
81 333
206 367
338 572
173 497
201 327
17 321
387 490
299 443
18 294
101 406
255 260
214 308
176 330
136 491
139 579
26 383
432 482
126 594
78 590
205 360
213 388
91 370
237 458
284 481
151 410
48 82
168 517
176 233
102 532
359 422
127 315
70 188
67 559
249 356
268 356
388 392
152 506
217 402
206 554
335 599
228 316
110 116
94 276
96 252
174 299
97 202
158 513
243 472
77 412
129 591
256 360
192 492
155 535
35 291
220 320
8 165
91 159
292 359
173 199
53 189
439 481
48 121
38 203
58 327
488 509
116 325
225 550
121 303
450 556
20 534
295 596
431 536
304 568
241 345
230 244
373 409
98 118
138 380
83 303
111 216
348 363
159 210
381 417
226 368
101 281
400 510
10 428
251 581
215 561
122 235
363 455
519 526
260 348
234 471
353 481
463 491
167 576
82 208
183 310
91 146
393 540
48 303
215 250
218 267
10 157
164 180
255 536
198 524
20 376
229 479
322 590
321 483
351 447
216 432
136 488
196 205
29 350
221 367
28 452
246 474
23 136
176 248
180 240
12 54
238 287
163 497
127 493
190 324
310 384
258 340
25 276
287 585
60 303
82 293
410 577
493 584
42 331
197 527
107 154
437 571
253 460
266 352
494 565
21 386
142 336
72 193
61 370
367 554
447 500
109 165
370 403
138 514
225 578
389 564
391 530
112 598
103 214
301 375
23 264
286 317
73 474
95 245
104 244
223 306
77 560
113 522
394 491
294 496
311 438
180 588
420 512
147 594
24 255
76 514
338 355
50 583
166 203
48 101
439 583
29 223
285 320
58 201
235 467
57 558
91 188
367 591
87 291
182 479
133 321
46 362
3 372
7 109
121 477
129 525
468 513
83 279
176 464
151 518
265 596
351 454
227 469
151 577
381 578
50 71
259 461
441 553
2 189
38 352
448 449
505 567
187 424
32 277
156 288
64 414
19 334
115 425
25 171
385 433
262 397
196 416
304 434
405 512
153 224
92 344
405 589
507 579
52 467
174 376
6 386
251 516
244 465
63 280
392 542
361 463
79 543
144 456
304 566
41 58
32 545
232 543
299 320
341 395
140 475
329 464
66 341
132 250
280 461
337 381
119 307
152 396
211 536
283 446
212 435
209 223
4 356
106 519
178 466
55 396
94 433
320 443
195 436
156 346
90 119
249 274
192 538
434 569
73 533
235 520
494 530
132 382
483 526
221 591
328 555
96 224
58 93
157 576
124 491
353 518
118 313
334 365
423 576
60 524
250 382
11 194
330 563
281 295
444 513
420 589
207 467
191 480
371 586
226 546
14 85
14 561
45 166
133 548
445 457
98 313
231 236
243 379
195 567
316 453
351 426
415 492
223 417
182 455
124 463
330 418
193 430
292 521
153 586
143 300
213 392
172 486
2 418
209 214
106 483
177 537
198 503
125 406
43 564
254 504
42 442
105 426
38 53
561 574
5 303
60 545
404 490
385 407
240 252
98 257
484 599
478 571
286 410
241 501
115 559
38 575
231 443
240 570
224 252
306 417
327 332
13 348
522 581
123 188
139 444
84 319
71 526
18 485
244 471
109 305
220 443
141 295
11 547
187 310
27 287
1 580
96 356
39 139
163 531
187 553
448 573
64 340
289 573
411 598
150 364
411 597
555 579
153 564
386 486
388 456
86 421
297 544
121 524
45 453
11 79
422 574
381 550
163 178
265 430
146 159
444 507
336 474
281 540
22 285
235 338
357 480
44 122
54 212
407 433
148 155
139 302
221 504
265 493
129 221
504 593
364 543
34 271
93 482
123 500
389 519
143 568
316 440
136 528
273 407
122 520
82 540
177 182
204 398
125 131
210 506
273 385
53 459
375 517
278 468
213 451
451 542
38 459
37 83
137 183
195 505
61 495
162 186
76 592
35 314
44 338
55 197
15 390
202 590
75 409
51 565
191 539
30 236
35 515
58 217
182 363
158 542
76 398
216 349
148 236
110 117
346 405
298 351
178 436
224 253
130 493
21 272
202 269
278 302
263 373
36 281
260 363
398 592
80 386
171 273
80 523
288 405
39 414
113 189
169 510
150 232
300 358
102 404
99 134
120 443
442 478
46 226
210 544
520 595
203 237
177 229
354 469
116 371
90 320
154 350
210 297
94 239
475 569
81 535
145 447
281 393
239 378
100 414
1 135
237 431
261 547
115 293
549 570
258 555
30 231
250 359
262 329
502 555
395 450
236 289
42 199
392 476
35 544
59 407
341 450
323 465
213 542
315 547
80 486
499 587
183 361
403 495
9 346
168 378
266 344
29 417
214 512
221 525
24 523
185 498
161 542
74 177
193 543
414 499
87 200
121 208
7 165
282 596
12 411
1 568
5 101
13 498
162 310
221 593
475 503
161 468
270 458
2 581
413 541
301 496
12 597
181 568
51 530
470 560
23 165
318 456
135 524
130 584
145 396
69 191
53 457
137 264
57 203
108 529
172 308
102 582
81 462
230 234
281 596
269 484
482 557
209 548
352 498
382 501
52 235
442 456
3 584
347 459
86 326
137 162
339 447
69 357
56 334
188 500
335 342
31 511
245 446
103 223
95 466
57 311
25 433
111 374
345 595
66 169
409 438
314 335
319 402
10 128
314 599
45 316
220 307
111 170
78 247
435 539
264 394
39 541
41 597
20 560
291 390
266 498
101 125
331 571
519 570
380 529
35 599
292 422
130 593
334 362
174 534
123 487
475 511
192 415
16 153
157 383
347 563
69 374
487 527
307 449
245 340
130 254
56 226
146 210
65 322
408 428
126 371
388 476
218 332
370 495
301 378
15 200
46 360
290 415
190 470
509 528
321 570
303 473
142 401
20 285
130 504
52 207
32 60
186 187
173 326
132 290
228 440
55 426
338 557
146 297
264 566
148 242
4 501
222 257
246 469
169 552
133 175
33 453
29 225
37 303
40 226
135 293
37 219
47 419
33 45
207 319
337 400
497 531
107 269
348 498
129 309
156 405
299 376
122 382
21 549
16 564
249 272
429 489
169 288
116 449
232 560
51 591
19 365
99 521
225 417
177 479
90 220
296 322
60 121
118 251
170 374
318 451
302 541
270 536
0 566
95 442
135 208
465 533
92 498
185 363
220 449
245 466
98 592
2 233
59 542
248 329
246 323
333 535
54 68
270 431
285 376
200 287
30 148
174 242
256 526
358 425
197 487
237 348
24 271
72 493
228 536
117 573
6 21
131 141
75 472
101 473
216 482
89 421
102 149
247 518
415 538
436 494
152 447
298 500
113 457
80 271
41 112
57 409
46 196
31 503
318 478
93 207
379 595
143 424
372 493
254 584
134 582
78 322
169 341
203 458
597 598
112 482
11 261
14 134
43 119
206 562
28 349
249 453
41 201
219 279
237 352
118 522
456 478
36 540
336 354
10 326
140 569
160 206
69 432
4 460
66 556
83 277
20 77
294 375
14 582
238 585
294 366
35 484
401 474
315 554
70 210
112 597
206 530
293 540
5 37
64 100
151 247
44 359
68 201
436 446
285 299
89 155
244 533
68 332
170 485
84 464
78 296
233 329
310 368
17 551
230 361
302 444
179 389
62 275
23 528
99 422
248 464
57 563
304 305
11 554
28 216
13 237
107 146
344 575
7 8
259 423
256 284
383 387
31 475
290 371
278 541
274 316
49 406
66 495
334 416
76 380
87 515
10 167
109 434
72 127
296 583
191 374
50 483
82 393
135 580
67 282
107 350
181 304
388 413
139 541
146 400
97 335
330 459
117 415
84 377
278 444
353 471
342 410
54 411
437 576
288 512
199 571
106 570
78 342
26 192
432 598
518 577
291 515
240 519
162 187
112 432
255 537
23 491
12 68
60 277
296 551
26 85
236 573
22 320
114 286
108 267
506 544
249 345
349 557
81 534
292 355
462 534
154 269
427 529
5 406
79 194
368 369
214 223
143 324
63 259
166 228
434 568
81 242
403 510
90 307
377 563
195 494
274 386
94 378
233 262
168 170
194 560
380 514
27 544
197 426
425 559
33 379
71 284
149 582
309 591
168 276
290 538
365 416
109 569
271 420
370 400
127 593
26 387
203 352
373 377
72 265
144 442
187 369
273 542
306 381
98 204
179 526
63 461
56 441
71 256
232 364
119 416
258 502
312 527
93 319
202 342
241 268
430 543
476 541
230 384
420 486
149 404
308 486
330 347
98 457
109 511
350 590
184 206
67 300
45 228
503 545
158 273
276 433
61 62
268 501
214 288
101 131
537 589
74 455
331 478
8 489
40 546
134 422
275 487
309 565
117 448
78 151
131 295
53 575
93 112
374 539
211 440
212 480
89 160
349 572
28 572
166 270
73 401
505 525
57 438
95 144
469 474
144 340
168 374
108 251
259 366
119 196
86 428
6 175
276 378
70 339
153 253
260 536
163 436
417 550
402 464
343 450
18 375
423 532
413 476
305 566
298 447
99 582
347 558
100 456
87 287
269 297
356 588
264 361
104 361
267 529
146 578
438 472
47 373
436 530
11 184
164 252
225 350
100 144
24 211
16 43
265 372
29 322
150 470
34 537
267 581
222 445
89 497
204 222
222 344
143 553
92 185
203 558
17 133
461 478
257 457
332 397
62 495
461 571
33 243
7 511
204 257
70 500
27 152
313 516
100 413
147 382
280 451
349 482
257 445
140 503
255 455
278 476
286 390
114 390
72 261
205 564
317 410
319 377
117 492
139 507
171 433
252 519
353 577
3 295
305 434
97 599
160 333
47 520
180 252
21 588
325 586
344 457
8 511
543 560
80 316
284 546
63 496
336 401
215 538
337 578
295 372
36 596
110 371
9 177
143 358
18 582
206 391
565 591
96 164
267 397
260 431
107 297
190 300
100 388
16 307
357 598
41 68
158 171
29 65
298 426
128 383
62 188
77 470
185 222
126 501
174 231
345 356
316 523
103 552
259 532
6 486
275 527
247 439
110 290
44 235
294 301
85 192
287 515
190 412
141 584
198 545
42 173
67 425
230 471
32 399
59 451
126 460
179 564
73 317
39 579
262 581
17 296
296 483
8 429
339 506
208 477
124 246
124 227
101 393
204 592
165 528
107 225
555 567
15 354
197 312
154 202
149 490
268 345
243 311
21 570
59 94
195 446
251 522
154 590
62 123
136 227
178 283
547 554
364 430
360 526
142 354
6 172
70 159
50 526
345 379
9 589
92 222
447 454
45 311
75 438
9 405
48 393
58 329
44 355
147 290
66 403
224 564
203 311
355 359
33 345
106 321
317 533
236 448
163 391
36 282
284 439
156 395
56 369
175 548
242 535
120 448
122 241
485 517
548 551
488 528
14 149
119 205
157 423
29 209
54 357
247 583
189 522
138 516
271 523
84 563
412 441
503 524
258 499
85 387
26 289
338 349
165 305
151 342
501 594
326 437
272 274
6 549
32 429
172 209
244 317
253 371
279 508
328 502
245 328
114 317
160 531
221 554
167 437
134 574
132 147
85 490
146 337
33 311
321 549
308 420
332 427
48 473
83 508
277 508
200 585
103 169
135 434
71 583
150 300
53 113
58 402
429 545
158 161
114 142
52 338
189 459
160 562
167 326
276 539
239 280
67 430
289 383
382 594
376 534
377 467
69 598
89 535
300 364
327 397
243 438
18 99
343 395
463 465
116 586
191 212
218 397
21 180
274 453
425 580
337 510
179 205
236 408
56 362
74 255
224 389
287 396
88 343
158 468
418 459
399 508
206 591
352 575
313 514
46 256
140 524
384 546
91 400
331 442
381 510
327 329
179 360
42 178
46 284
37 49
55 312
77 190
216 452
38 347
234 384
80 274
142 390
53 344
263 467
67 265
117 449
31 489
1 358
8 509
148 428
184 333
79 261
150 190
262 267
33 249
54 480
258 587
24 440
309 505
357 411
115 135
474 533
186 568
110 415
70 447
123 298
181 186
168 539
84 176
414 587
324 553
15 87
73 114
104 465
275 495
120 220
135 140
40 384
396 585
366 532
322 551
413 414
10 576
164 588
8 488
183 384
481 546
266 575
504 525
102 294
298 487
392 468
300 324
40 368
88 346
44 250
323 533
280 496
239 301
160 535
234 353
116 117
211 255
552 162 133 493 405 576 503 372 347 402 505 465 386 169 87 533 74 344 247 84 209 145 565 306 195 458 487 502 586 305 91 152 394 489 562 332 22 370 406 292 76 174 426 43 344 121 431 229 196 69 259 222 142 537 307 397 466 67 420 493 307 304 209 86 547 22 338 40 301 78 310 489 326 172 146 366 337 7 307 149 347 581 529 557 495 293 421 60 595 267 174 571 368 32 324 539 310 44 88 284 414 95 550 130 71 96 131 407 395 409 363 175 434 255 108 82 155 116 236 538 408 551 581 332 404 532 192 422 218 140 77 464 519 329 537 491 102 500 4 445 572 19 287 381 377 155 208 228 373 533 569 275 174 522 40 331 73 335 249 277 498 215 148 502 533 337 285 507 510 164 429 448 40 51 351 15 80 39 427 432 425 380 482 235 320 121 553 188 56 72 334 96 577 352 596 292 131 582 596 289 317 374 22 5 210 125 323 26 292 509 443 549 559 44 419 435 223 490 182 45 353 206 265 515 60 178 436 135 428 394 547 281 491 598 81 573 220 570 25 491 117 387 444 132 388 322 419 253 62 18 274 436 382 128 57 5 50 593 313 181 40 536 284 431 573 47 60 371 313 413 315 504 506 326 521 593 52 40 164 79 13 184 493 1 95 272 436 324 281 1 105 72 23 188 133 274 582 462 274 581 65 500 76 114 90 270 404 134 575 291 69 315 193 389 368 26 364 368 10 486 589 385 483 38 253 365 383 529 473 398 182 226 350 71 29 443 504 552 109 525 345 393 299 379 503 348 247 76 50 167 243 389 300 229 192 216 98 525 449 237 220 528 131 44 162 550 119 385 46 342 419 336 553 498 475 412 489 344 157 204 144 162 551 371 543 36 264 74 195 560 327 493 581 42 243 176 281 462 246 474 356 14 48 10 457 111 450 257 447 122 580 171 397 256 93 147 308 131 12 53 251 594 328 34 594 306 61 236 428 202 493 194 187 504 529 74 496 475 400 51 117 470 443 567 167 75 582 468 36 544 86 96 264 350 69 147 51 387 244 127 376 537 272 175 432 490 247 594 417 335 346 156 574 241 518 454 530 341 40 286 147 29 427 128 511 479 67 340 593 0 46 474 472 193 423 450 271 232 363 40 181 414 331 256 134 204 139 88 147 594 197 290 468 168 180 25 517 441 163 204 286 35 581 133 572 13 363 276 127 561 235 346 521 350 532 544 17 282 394 111 495 388 369 254 228 576 274 590 284 57 322 131 21 342 528 222 480 317 423 446 54 591 262 496 334 467 135 557 177 256 424 186 280 524 520 86 414 494 54 485 532 440 423 508 460 491 199 344 354 406 169 382 309 475 438 208 513 456 545 259
352 99
270 208
832 865
49 349
606 585
49 151
730 434
302 53
313 6
924 454
280 664
155 455
562 987
921 672
426 723
688 39
479 488
669 359
415 804
365 388
261 435
686 483
328 414
401 78
857 516
337 985
369 636
769 100
499 832
744 311
308 564
225 37
134 1
724 607
900 493
723 111
108 264
26 90
846 740
39 899
438 269
603 949
138 728
482 452
557 749
784 615
487 324
660 726
100 176
16 132
599 329
84 565
616 812
887 791
517 998
935 8
404 325
782 724
667 923
252 897
112 92
972 213
985 182
272 811
74 836
708 317
957 302
193 292
610 1000
486 921
885 136
563 345
117 388
565 74
954 546
695 715
966 961
330 375
649 245
185 409
785 503
235 506
141 193
69 71
739 814
410 690
267 635
724 43
987 408
197 588
395 448
896 183
982 745
614 898
312 911
101 756
579 523
703 175
966 872
456 785
121 852
49 211
356 782
845 336
501 153
883 15
616 409
777 222
850 940
285 83
482 578
479 890
549 926
888 832
605 90
195 226
457 551
417 576
911 879
452 434
387 512
143 126
596 699
956 134
477 49
9 229
552 582
71 419
320 673
37 514
40 431
15 260
536 655
704 395
477 713
228 171
423 44
367 159
896 965
20 949
215 99
26 316
624 41
307 252
104 812
842 22
831 203
533 620
288 588
380 752
262 330
623 212
826 58
509 485
735 225
232 587
917 401
326 704
191 985
854 157
166 553
149 983
397 212
154 653
614 511
333 52
811 643
252 700
393 925
901 308
430 880
280 998
783 431
155 702
266 501
739 381
767 845
960 513
115 702
549 426
646 473
339 186
992 536
434 193
153 492
983 697
332 217
378 240
933 172
840 823
304 331
453 955
438 652
160 380
208 448
13 658
466 385
965 58
163 63
184 733
705 2
658 968
685 224
824 686
997 881
504 426
119 542
647 827
180 162
770 361
823 142
870 548
416 989
176 924
827 365
493 674
519 855
644 893
759 988
8 26
393 480
62 494
991 775
797 336
540 501
774 262
448 306
458 24
824 595
961 455
483 190
312 525
229 368
790 885
504 220
602 752
340 570
877 653
748 23
299 880
620 451
636 658
263 541
733 656
546 153
37 747
507 24
612 263
754 883
700 558
541 699
879 892
591 490
512 520
10 417
902 553
523 343
979 833
29 833
281 769
932 605
138 410
793 917
638 753
399 132
125 353
913 735
805 946
631 603
732 195
861 611
836 481
683 526
225 976
741 534
993 130
351 951
95 32
90 965
25 53
265 849
76 248
136 298
56 693
545 302
293 424
621 120
774 55
873 381
360 604
504 629
695 76
489 774
170 206
355 813
49 293
641 304
782 175
926 102
315 480
255 276
346 846
56 957
89 130
311 149
310 107
813 307
422 470
805 388
10 562
426 238
777 665
975 6
954 923
665 115
97 458
793 550
569 126
189 863
689 843
362 442
660 401
685 295
494 80
304 282
457 514
223 672
699 970
6 749
736 914
775 806
199 759
725 997
206 524
405 366
650 147
576 12
849 233
583 788
858 112
70 800
930 332
659 201
987 368
942 763
668 593
940 428
808 769
929 640
561 836
734 258
922 70
877 702
540 232
653 13
545 784
636 544
492 962
243 245
527 751
519 376
454 154
440 338
983 638
210 336
406 405
310 801
85 523
413 294
379 275
937 222
513 576
84 333
712 758
429 914
382 835
292 456
717 792
350 887
692 628
911 997
835 280
574 642
345 654
485 246
256 980
754 490
369 684
146 884
559 476
655 67
124 616
148 935
103 211
430 126
934 365
811 23
751 947
995 938
78 0
900 234
593 62
684 892
933 267
341 749
883 415
12 177
256 937
319 602
747 744
597 158
535 972
354 349
90 899
71 872
446 615
432 385
777 300
797 842
671 695
855 438
208 618
495 740
309 735
344 253
212 255
939 42
791 994
303 631
206 5
181 345
896 619
525 902
290 947
273 130
384 993
57 660
219 730
744 696
564 264
838 563
353 316
145 785
345 517
41 994
957 791
24 691
879 88
400 544
425 519
977 338
231 855
463 852
741 574
898 43
984 579
152 845
939 818
841 654
825 797
553 542
237 805
194 480
468 103
716 859
515 120
65 728
676 798
117 988
544 8
281 361
546 200
714 685
62 180
542 44
241 75
113 926
145 158
181 799
983 479
459 991
524 268
572 884
614 362
738 154
423 836
803 454
983 90
403 9
255 11
362 714
455 71
399 609
67 376
58 609
996 242
307 837
184 637
936 712
12 874
917 134
603 615
36 780
198 62
15 448
8 615
823 108
12 979
44 5
360 19
886 278
263 53
843 405
78 993
926 960
739 77
896 918
382 870
575 228
590 429
633 695
455 815
870 859
819 523
179 92
4 512
570 383
1000 54
383 40
850 991
105 640
167 612
319 770
530 94
248 470
227 551
881 580
930 528
472 636
417 944
132 224
68 922
226 916
200 383
769 132
173 19
491 280
124 442
719 345
677 452
811 260
667 323
859 299
346 284
115 486
0 805
997 315
595 845
814 718
171 259
229 421
459 683
152 581
753 782
524 452
37 581
349 134
4 718
302 210
236 122
650 438
229 768
534 814
381 576
509 710
882 753
282 721
582 198
808 225
0 911
237 215
839 905
427 753
593 294
29 381
772 3
486 542
40 863
657 511
892 448
682 255
58 542
979 905
50 462
573 612
670 652
83 281
571 950
515 935
699 132
