600 1375 600 1187 8
266 380
84 218
257 483
151 467
460 521
54 239
116 306
23 559
15 328
174 210
187 430
429 444
89 237
368 473
446 526
258 398
417 556
69 195
242 575
480 485
90 444
236 483
162 551
326 425
150 447
140 201
352 532
168 533
358 387
140 553
153 457
159 303
202 586
43 88
133 379
339 342
244 380
156 299
126 341
62 580
310 587
253 389
267 591
469 493
207 521
497 536
125 461
528 585
407 592
172 551
69 138
7 177
102 163
108 491
42 152
10 389
8 49
65 98
181 313
88 226
159 304
393 432
300 514
93 371
99 172
4 474
31 488
206 412
237 341
145 555
336 555
106 521
3 34
346 589
159 219
4 589
285 383
398 403
126 524
19 337
14 548
210 457
382 467
282 442
392 470
181 503
331 553
100 556
384 467
229 431
53 537
105 577
441 454
219 456
25 395
372 563
265 553
119 459
229 260
228 462
339 358
335 583
408 410
467 484
36 441
334 501
336 438
41 230
400 412
381 562
191 397
496 535
38 127
193 247
107 571
172 444
218 276
244 588
453 506
506 544
112 573
327 353
30 76
441 471
71 493
519 550
168 248
53 122
259 363
131 570
237 542
232 455
202 357
159 582
14 159
85 507
238 254
87 275
5 84
6 192
496 509
426 536
433 462
371 535
506 535
390 463
151 321
122 493
86 581
104 279
523 571
64 234
9 514
345 447
153 545
270 323
108 456
48 163
201 226
18 451
309 570
403 567
193 594
223 588
168 298
164 282
178 196
147 476
46 446
200 580
182 335
135 524
217 381
382 384
142 470
191 568
152 420
5 401
238 504
183 314
96 365
465 543
295 361
279 348
270 573
391 570
335 577
215 338
231 325
253 486
75 128
127 468
505 556
59 409
79 431
216 491
186 422
485 486
26 421
59 70
134 468
252 458
32 34
232 540
17 47
98 507
207 233
455 459
82 313
90 231
394 564
162 483
35 222
68 87
259 351
376 489
434 471
268 517
531 562
79 229
499 522
101 197
52 53
0 393
405 508
257 349
27 250
12 76
38 143
116 565
588 597
298 543
144 560
385 410
313 548
188 251
194 407
347 356
172 429
44 253
263 323
278 428
139 150
248 298
241 324
215 390
165 421
340 524
60 120
73 430
97 380
211 513
393 492
105 136
209 443
158 183
189 398
235 538
213 306
127 143
28 269
423 451
353 440
116 312
227 545
327 530
465 533
52 537
235 342
100 396
43 325
427 490
244 532
370 452
179 368
49 113
187 265
88 400
132 533
355 576
336 422
89 333
110 270
198 259
10 530
499 576
334 363
74 316
63 320
137 398
337 366
368 548
164 339
342 406
253 327
245 549
89 184
427 463
132 332
171 505
297 427
28 437
322 486
302 594
90 180
29 81
225 569
5 318
43 97
118 195
48 461
337 475
75 594
106 141
198 520
451 579
13 205
83 453
193 208
198 434
51 566
244 597
396 490
287 357
335 549
77 544
94 282
306 312
497 531
291 588
153 312
538 561
62 220
140 266
141 569
105 549
25 269
24 542
225 291
167 232
326 378
290 459
297 527
3 331
51 432
325 412
100 490
391 464
39 277
295 334
240 526
46 526
78 162
111 209
121 186
159 548
560 589
479 492
66 411
192 408
264 493
26 216
205 535
446 507
158 298
88 325
122 513
90 325
36 404
110 185
292 492
254 590
296 501
126 176
15 551
19 366
349 584
438 512
408 446
380 569
204 562
153 210
47 552
20 321
364 400
539 542
50 234
46 388
536 583
27 277
47 414
399 437
271 302
147 162
124 509
42 572
224 411
56 252
40 378
176 373
104 348
524 539
104 316
30 316
310 351
121 422
419 446
313 534
91 561
6 212
3 261
342 370
321 467
344 564
331 478
102 170
218 345
323 477
163 283
255 572
429 448
9 179
561 573
138 289
318 447
231 391
162 257
68 504
191 210
136 249
40 492
498 552
55 143
489 566
307 491
30 33
260 319
341 424
450 519
94 237
295 376
35 572
260 576
164 358
90 508
510 515
113 570
510 559
156 568
194 592
137 417
136 245
40 317
140 380
175 284
110 111
123 307
431 576
210 272
332 476
233 268
264 365
196 453
386 527
202 563
138 197
72 418
325 508
16 200
8 298
186 336
249 469
173 227
10 440
525 594
69 118
258 556
116 223
529 586
192 362
186 592
275 485
287 381
221 470
422 511
50 293
41 595
77 83
270 273
53 156
198 587
106 207
199 319
262 413
233 421
370 375
330 595
206 231
95 578
8 183
311 562
200 596
172 328
470 564
69 574
213 223
78 147
357 381
422 512
580 596
265 478
113 298
31 333
141 380
522 536
111 286
265 598
53 191
53 397
70 136
254 275
149 177
116 517
183 465
303 359
333 377
278 589
37 436
411 501
87 254
399 546
81 319
475 567
288 388
3 201
221 596
109 435
182 583
361 376
521 557
217 372
202 287
99 328
7 418
181 473
173 303
304 359
449 473
53 210
23 510
71 272
386 416
370 538
80 364
59 136
290 584
89 93
117 497
17 251
381 445
37 589
28 337
37 474
342 377
466 468
206 402
409 578
245 398
256 482
145 438
263 477
279 406
165 405
262 331
231 271
76 93
205 496
315 320
253 279
265 559
86 479
410 419
162 476
60 438
474 589
136 189
112 538
188 411
281 460
66 390
287 372
46 507
445 562
39 164
216 236
192 385
251 541
317 492
80 400
231 464
70 249
78 448
102 496
143 176
164 379
426 531
235 479
143 494
264 435
79 319
312 545
444 547
310 411
199 260
87 504
41 354
34 80
321 484
275 401
386 427
413 510
409 513
133 358
335 497
167 491
471 520
464 564
346 372
58 171
41 489
425 554
16 60
466 470
108 421
272 493
130 580
160 349
48 55
459 584
480 561
528 575
233 557
284 330
429 547
50 419
215 463
338 414
83 341
21 86
297 481
153 174
197 369
311 368
440 500
296 351
478 559
437 546
135 340
271 364
279 322
520 537
416 481
209 323
321 531
496 506
39 152
92 330
126 539
203 518
363 501
59 513
302 525
107 418
11 537
499 593
344 470
302 464
82 173
73 532
63 128
50 64
218 477
289 399
426 562
425 523
330 434
156 404
502 578
26 508
418 571
408 436
456 550
394 464
341 539
541 552
263 443
150 267
301 387
184 237
41 92
219 304
101 369
318 590
76 205
29 114
17 414
22 375
472 575
18 177
430 553
156 397
248 448
280 529
329 385
128 274
138 399
428 529
112 185
171 490
212 519
208 468
112 479
141 225
415 422
481 527
61 473
219 268
48 169
3 262
217 311
86 241
124 125
341 542
438 511
151 181
17 528
164 515
292 571
194 360
268 304
326 554
20 531
135 143
158 543
267 447
227 308
165 508
95 411
3 413
311 514
133 387
67 197
196 373
415 512
11 52
156 518
27 588
71 210
80 350
89 544
34 226
75 364
160 476
44 485
46 98
282 339
357 586
371 506
378 571
123 192
316 389
146 252
213 299
79 536
260 593
271 402
215 498
237 424
305 499
548 582
295 501
112 235
0 572
70 469
103 453
464 525
37 346
35 203
117 531
323 443
25 546
114 536
116 173
110 323
409 502
111 418
113 309
134 470
68 275
133 164
370 561
21 581
277 352
309 444
224 310
329 419
81 403
448 547
405 460
35 152
265 430
116 227
32 542
0 432
91 480
426 497
116 291
460 557
85 436
155 242
173 534
356 536
194 344
29 245
355 499
352 598
430 532
229 576
259 354
498 541
211 224
8 113
437 556
216 421
96 117
211 409
207 517
244 569
31 516
187 532
63 208
102 509
116 588
146 154
94 515
198 537
435 545
56 146
104 488
82 303
269 546
1 54
423 425
41 566
247 599
261 553
111 439
549 577
0 255
148 525
24 350
249 264
472 585
32 413
261 331
78 168
290 349
282 377
95 211
155 256
39 352
440 530
48 125
59 367
53 520
103 126
299 518
212 362
198 310
411 463
15 99
511 512
81 398
367 417
108 216
257 540
342 375
109 384
90 131
234 349
7 72
16 580
68 485
279 316
314 465
5 590
165 233
49 570
514 519
510 542
221 392
155 482
209 462
62 166
84 276
103 373
77 453
338 552
153 299
22 406
173 517
175 330
58 297
17 242
134 466
88 412
259 587
285 462
109 321
227 312
11 224
56 294
202 346
64 584
42 420
221 466
154 388
85 446
178 453
53 272
33 205
142 415
383 462
29 182
117 335
205 558
475 556
65 428
101 546
78 429
161 325
49 564
44 68
122 469
182 549
36 471
239 305
301 339
33 76
71 264
327 389
93 506
1 239
88 97
342 538
284 441
55 283
293 455
151 313
503 562
277 597
264 577
191 457
342 348
14 179
365 435
206 364
366 395
212 300
559 598
60 200
90 172
95 224
495 508
211 502
274 524
119 584
351 501
413 542
254 374
115 598
167 236
346 586
218 447
138 546
161 405
427 578
129 379
128 350
154 458
66 463
437 505
73 244
322 485
255 284
353 500
205 371
106 225
242 251
73 266
23 413
111 462
382 435
14 582
193 468
311 372
7 523
192 410
391 394
239 499
375 561
119 293
181 321
7 423
490 578
62 461
12 89
39 157
453 544
48 509
232 491
214 316
418 523
29 398
374 504
35 42
404 441
207 268
362 436
256 575
375 406
5 447
534 545
348 406
449 503
97 521
21 235
532 597
97 226
78 172
487 496
45 580
436 474
134 564
434 520
368 514
199 593
170 494
37 300
203 404
293 419
120 392
58 481
40 566
115 352
47 338
175 432
161 508
99 495
228 418
177 423
41 334
98 278
161 460
174 435
108 233
12 30
167 483
313 382
6 519
75 247
54 305
215 541
58 399
20 562
102 178
300 519
275 276
156 203
181 548
219 233
136 549
396 409
147 332
347 536
56 65
67 101
154 288
17 243
198 595
348 488
431 499
148 464
156 457
416 574
463 578
2 458
158 465
351 363
215 386
18 361
473 548
96 435
357 445
200 392
109 117
276 485
237 510
153 246
83 184
454 572
190 249
59 417
185 479
248 444
373 494
286 323
100 171
171 556
65 278
69 289
223 306
356 562
78 332
67 369
85 408
399 416
54 204
160 257
327 504
66 541
97 141
308 312
27 223
236 491
169 220
140 261
0 42
227 534
110 286
271 464
17 575
280 294
82 534
338 498
3 32
15 216
37 311
95 463
250 277
269 337
349 476
300 311
1 536
106 517
388 526
40 425
594 599
178 496
317 432
100 417
185 292
73 140
125 509
188 242
203 277
137 189
389 530
182 536
136 190
67 395
238 590
194 314
319 567
5 254
129 241
146 388
390 541
292 479
197 546
47 243
201 380
187 352
185 573
11 513
293 385
92 595
157 559
22 322
347 562
109 484
174 545
255 432
291 569
195 395
269 437
347 426
242 501
0 420
569 588
170 196
525 564
153 306
136 417
328 551
39 115
61 449
339 387
303 313
17 472
189 417
28 475
142 512
162 172
135 320
171 427
284 572
120 512
57 579
15 26
392 512
6 450
157 598
244 266
279 389
85 278
128 320
60 130
34 350
134 525
234 419
386 574
178 506
204 445
336 343
346 560
437 475
25 337
97 281
377 516
1 522
289 574
16 45
128 247
449 562
514 550
7 425
22 561
180 495
206 400
131 444
333 516
216 483
18 149
49 391
144 586
438 555
210 264
171 297
55 220
34 400
25 366
144 529
60 145
343 555
487 558
52 122
8 194
199 567
375 452
352 597
190 577
576 593
61 311
282 515
278 560
14 368
159 456
409 417
246 306
405 557
248 547
119 455
106 116
379 420
26 165
66 251
487 509
29 536
204 356
296 310
49 394
399 481
330 441
397 568
386 481
442 515
278 507
2 419
38 135
34 201
274 315
283 494
0 241
155 361
13 500
37 212
307 550
187 598
42 222
73 553
63 247
355 593
128 315
251 552
360 415
26 495
324 492
468 525
410 446
378 492
94 333
123 550
131 391
175 255
425 566
258 567
213 250
204 357
13 74
242 295
111 228
142 360
353 530
152 222
29 549
273 323
23 331
9 550
13 440
160 162
220 468
83 126
96 335
359 517
386 414
392 596
223 250
89 488
83 103
316 488
96 109
129 420
137 556
122 272
1 204
477 480
123 491
25 67
152 203
249 493
22 485
184 424
242 482
299 306
43 460
61 368
74 389
117 321
22 279
241 420
295 489
39 379
130 145
233 405
523 361 450 508 280 366 74 141 539 355 530 365 21 53 528 96 498 416 25 452 242 198 414 388 7 520 182 511 33 472 178 358 226 188 169 73 64 423 326 463 140 497 19 539 211 275 423 458 36 233 344 521 449 406 340 128 219 41 126 533 105 87 233 376 433 474 231 217 149 488 184 477 560 488 404 195 559 517 523 435 177 122 288 198 347 282 309 46 312 194 274 36 357 286 374 47 301 210 511 567 237 576 395 543 408 467 258 436 434 5 176 97 430 251 272 107 101 196 511 43 106 152 574 284 16 218 539 562 200 275 298 304 100 589 65 102 438 347 419 224 72 273 399 436 110 332 219 91 539 370 241 9 316 551 402 68 393 292 509 513 598 305 445 91 338 522 322 454 450 187 204 407 410 454 556 523 450 259 536 552 455 6 319 134 430 119 406 133 113 522 335 465 94 389 321 295 265 240 468 136 569 557 589 11 172 503 508 432 583 13 169 125 484 285 55 51 460 13 325 403 384 50 571 459 327 212 58 80 134 583 335 341 449 265 166 546 545 124 219 395 226 270 150 239 84 453 304 504 412 577 150 512 221 218 394 265 109 313 185 383 535 134 576 588 138 18 199 366 425 433 405 40 580 101 358 113 395 137 63 90 579 46 564 190 160 82 524 307 358 576 262 562 495 215 189 440 78 410 319 170 411 119 115 7 498 587 403 205 285 435 569 214 96 535 206 350 137 475 142 317 438 319 572 79 599 175 346 106 300 107 338 399 220 237 540 494 330 38 349 95 517 196 274 246 127 223 592 428 43 418 294 547 68 459 2 559 397 538 144 88 16 289 316 590 252 293 54 347 131 493 344 212 346 582 394 296 254 179 553 265 212 460 266 393 138 302 542 495 106 176 186 144 484 298 133 341 233 583 403 107 98 561 81 45 312 500 447 401 352 550 207 18 109 464 371 180 248 302 304 451 276 152 73 434 326 279 18 279 282 262 14 38 422 556 59 169 473 567 312 199 237 589 185 181 25 451 402 587 472 529 115 10 489 297 1 216 244 577 275 187 220 486 273 262 462 542 570 496 335 516 29 133 547 584 502 309 209 564 415 534 433 221 341 234 371 290 271 539 260 364 359 443 136 57 546 551 436 21 191 558 550 32 256 429 599 490 576 588 348 247 269 323 471 105 522 576 319 363 357 497 461 115 257 108 215 192 497 12 412 329 348 336 188 424 66 336 530 248 140 545 488 262 529 451 446 265 238 366 178 222 259 545 577 271 298 334 45 153 534 23 176 458 536 302 573 268 337 571 68 53 177 168 206 154 395 363 568 327 552 437 486 316 526 408 470 575 266 245 69 526 81 417 342 150 549 51 543 10 588 523
431 272
912 518
787 986
334 577
863 785
70 134
758 789
345 82
293 930
729 719
48 352
683 271
137 456
42 411
715 683
551 864
44 866
671 38
469 87
983 130
816 572
304 287
171 284
325 517
283 600
954 141
529 824
515 468
928 188
835 417
125 417
185 424
286 559
42 439
328 638
489 346
544 331
862 763
156 670
417 414
433 147
522 180
437 335
440 676
68 264
18 834
872 910
732 30
39 617
276 878
709 969
483 174
673 300
634 323
972 573
101 676
979 931
390 42
859 120
778 319
92 879
812 654
79 757
194 661
686 977
941 845
692 113
952 75
44 241
892 28
779 340
690 394
329 15
425 541
70 385
247 690
111 449
159 509
455 937
901 407
291 660
903 363
643 596
177 536
99 140
866 837
376 243
44 208
429 694
165 460
441 805
198 193
510 223
123 472
295 470
742 181
756 461
459 644
917 884
520 853
831 236
932 105
68 542
164 556
147 373
777 427
531 605
290 114
617 782
749 489
239 126
237 74
258 184
324 897
861 407
406 444
569 567
790 503
936 28
681 921
98 859
178 947
699 341
722 822
7 611
9 662
187 576
152 715
247 635
387 304
13 860
358 797
420 981
369 374
201 796
190 640
812 342
851 307
890 73
20 121
423 574
495 592
153 859
129 631
964 747
30 916
938 967
492 948
243 801
423 6
1 34
746 552
437 398
610 449
912 985
567 76
567 343
360 458
330 960
655 647
560 969
474 727
540 926
63 593
333 406
532 747
114 749
623 837
395 971
75 692
82 582
807 163
492 874
605 583
655 441
512 244
170 589
398 23
107 541
732 670
479 810
738 597
832 450
307 967
187 486
254 156
127 966
411 496
642 110
841 326
747 414
618 392
763 837
183 727
262 967
952 55
114 561
908 88
581 254
997 339
78 837
406 602
959 667
529 368
933 581
29 471
351 710
570 678
190 708
159 54
647 384
742 256
772 774
537 464
80 409
749 91
569 830
860 623
105 91
626 682
72 713
125 810
464 361
528 490
680 233
522 577
417 625
611 548
268 6
944 390
509 197
379 756
635 880
597 712
666 984
297 251
597 832
255 467
23 153
950 524
839 912
409 257
598 97
672 63
467 546
830 356
605 469
211 697
394 889
763 352
510 446
651 76
938 997
44 301
60 178
464 279
529 5
585 901
896 269
578 207
970 369
376 572
334 543
137 105
722 427
387 509
445 551
45 53
586 656
947 173
216 147
298 758
665 362
184 154
246 595
68 202
107 163
486 423
897 836
119 362
997 829
489 668
249 417
108 643
509 282
123 74
206 92
940 657
855 961
867 43
618 959
530 540
317 170
735 930
976 872
557 101
639 171
801 129
348 927
551 428
786 746
295 324
260 787
678 614
609 655
980 538
548 491
641 783
627 525
381 855
645 192
835 686
621 490
703 568
293 990
228 622
105 396
441 191
41 111
966 341
225 644
764 520
136 313
173 109
400 239
452 736
416 135
4 317
536 881
760 914
538 253
362 546
481 980
225 417
553 143
799 471
73 959
968 163
759 57
294 355
177 612
212 531
241 302
52 970
223 879
88 117
916 718
860 509
204 368
586 973
287 626
603 190
451 456
4 371
560 166
980 436
893 566
965 634
346 380
593 626
183 925
511 43
797 794
585 165
308 718
708 450
999 107
798 281
776 636
929 83
221 248
89 470
859 692
136 583
34 185
210 308
501 76
237 379
343 140
414 390
447 598
942 633
682 535
147 4
706 504
744 880
783 86
319 343
892 930
68 349
717 112
321 831
107 826
441 233
266 851
985 78
808 226
591 349
875 340
856 79
344 690
83 181
341 739
950 306
521 341
548 726
186 337
259 1000
827 863
786 252
769 891
654 153
386 714
269 519
754 9
165 910
810 72
822 271
305 81
756 963
414 331
549 781
139 930
379 60
224 477
377 107
854 537
779 137
972 833
463 889
404 529
927 431
465 196
169 1
559 266
672 496
803 839
905 155
70 922
259 108
43 391
529 302
293 436
157 86
421 818
932 604
804 892
65 99
454 909
802 636
718 767
450 79
229 277
139 522
504 304
674 901
656 742
606 408
877 999
650 925
484 705
32 684
205 28
743 132
299 807
319 990
166 798
728 533
164 743
755 326
151 821
551 307
637 4
788 619
846 798
926 238
532 966
150 136
357 508
321 225
177 179
824 95
580 58
595 866
740 516
107 231
71 299
16 536
175 400
514 117
804 201
629 809
378 215
702 363
101 604
488 779
42 516
822 491
739 67
971 477
1 402
577 115
759 234
801 592
7 232
866 174
100 500
888 862
509 750
5 574
318 476
94 929
121 901
736 295
759 727
332 447
204 397
547 621
546 405
742 769
567 291
515 675
890 449
343 109
212 603
226 812
841 937
804 103
624 21
993 750
16 352
808 530
449 525
383 991
646 562
54 493
853 490
595 277
241 220
215 569
610 893
722 88
243 526
358 962
145 484
654 534
909 125
430 870
693 628
797 432
711 746
526 899
717 54
384 546
364 137
1 983
850 220
527 691
5 553
345 492
917 751
196 225
851 604
907 673
215 854
544 564
470 110
976 284
599 376
479 568
351 852
305 144
482 315
215 177
827 42
593 15
975 413
751 435
785 212
421 70
4 797
362 321
675 644
828 470
660 945
651 19
972 694
603 212
498 514
880 803
51 146
13 12
184 970
997 394
270 756
546 222
67 818
476 486
391 471
208 719
