600 1548 600 926 9
88 578
34 538
89 436
234 279
156 455
324 442
421 428
384 535
197 406
22 72
86 393
157 432
102 554
10 395
31 251
115 181
360 383
87 541
16 170
250 598
123 295
28 213
315 440
550 599
376 440
30 472
64 462
145 206
57 507
268 422
192 444
53 247
79 334
203 551
211 507
98 132
304 387
431 518
93 579
349 425
209 560
561 567
50 217
142 157
208 514
190 385
63 139
151 365
212 239
307 320
430 519
29 83
2 560
97 259
234 251
166 490
150 570
429 504
412 556
225 479
279 377
55 319
213 337
258 346
118 432
229 466
211 263
70 178
279 444
178 597
449 598
76 311
29 100
289 388
12 215
69 349
202 333
126 491
152 284
124 515
6 322
290 417
200 572
162 359
32 568
352 475
212 453
73 124
118 284
102 260
198 500
267 410
241 439
158 393
209 271
293 416
421 482
224 469
1 188
14 532
332 535
10 375
151 216
59 228
408 524
145 169
230 249
82 585
56 389
102 437
206 514
148 577
244 344
126 137
79 294
232 334
351 559
147 328
161 276
125 488
174 346
12 587
249 568
83 100
48 95
45 146
26 514
210 406
121 457
131 386
179 444
243 559
126 395
104 187
92 103
43 155
232 581
416 451
33 365
99 275
241 388
156 319
261 419
419 454
192 377
62 301
20 572
306 555
20 381
34 359
69 425
50 420
350 377
162 414
46 173
53 134
370 575
387 524
24 593
3 392
15 530
367 518
98 578
144 470
355 450
277 366
119 214
217 490
218 220
169 514
284 394
261 292
367 536
99 386
368 442
348 540
62 580
6 360
431 536
34 52
316 542
77 360
296 397
11 191
83 147
11 254
259 545
41 248
64 260
214 588
45 496
420 498
216 282
67 448
85 559
83 535
377 550
180 329
416 581
34 329
263 505
63 371
277 526
380 465
223 575
247 341
164 300
202 398
178 598
13 431
277 287
82 269
374 428
362 482
142 591
78 247
191 400
24 101
20 576
243 270
148 259
5 444
499 599
76 469
16 237
8 342
85 364
194 470
127 226
31 397
334 581
166 176
283 493
214 425
247 595
299 444
112 585
177 339
21 148
128 240
304 588
3 401
151 517
349 488
341 526
422 522
89 485
41 169
176 255
115 340
174 391
164 512
65 105
102 460
72 288
59 481
512 564
278 542
20 444
186 465
103 594
210 394
57 464
244 590
70 511
99 280
291 418
42 383
469 515
161 165
268 367
290 493
435 500
127 189
227 455
3 251
104 439
251 355
117 441
24 533
107 379
250 541
265 383
468 479
422 521
255 411
16 190
58 356
326 371
74 219
249 593
198 251
193 585
37 387
134 282
370 580
55 302
214 272
13 164
158 288
343 425
446 566
132 421
192 513
257 361
17 348
101 593
73 555
214 510
294 581
479 584
52 329
478 525
76 561
7 557
44 92
235 256
152 185
143 291
92 137
202 203
189 310
270 555
70 175
374 403
85 351
438 484
24 230
484 552
122 486
105 500
129 153
347 543
183 597
231 573
309 330
159 455
122 131
117 461
231 453
221 291
427 527
338 344
86 492
46 129
112 269
103 480
198 355
294 426
58 394
227 493
201 537
361 523
59 382
62 596
399 490
422 562
218 515
253 317
181 471
119 136
104 203
298 434
485 539
45 305
174 288
29 332
90 485
150 563
91 420
381 576
261 454
71 254
108 131
49 544
430 503
262 345
269 474
58 406
128 342
175 449
194 242
491 526
39 272
500 576
225 320
222 267
98 330
233 475
103 137
134 517
548 568
134 274
464 494
175 281
98 482
129 492
5 459
253 277
119 257
245 453
61 530
42 265
361 488
269 452
396 504
230 533
334 583
240 433
146 190
369 382
126 457
148 199
391 532
159 394
503 565
233 566
101 548
212 350
167 185
165 276
95 288
59 271
51 490
285 445
155 473
362 507
503 548
4 347
34 357
296 392
226 458
76 402
4 89
150 519
61 160
328 391
161 475
206 233
177 502
51 142
165 504
57 84
182 236
212 245
424 459
385 567
161 504
36 223
239 374
114 406
322 353
139 589
26 472
21 566
14 83
40 548
205 359
60 86
275 409
113 181
143 221
317 366
257 431
162 592
553 570
51 91
175 297
37 300
287 491
151 219
296 323
470 599
110 312
146 258
35 49
5 513
154 319
212 231
273 454
87 250
5 20
3 31
423 476
137 457
1 558
247 546
42 426
271 369
257 488
187 380
116 447
325 454
270 515
318 533
256 427
130 338
262 264
43 297
437 462
446 475
223 487
323 392
33 524
105 450
156 210
188 412
227 336
368 551
96 401
46 153
367 521
11 71
168 370
32 40
288 393
291 308
289 471
295 314
80 211
356 489
120 236
140 208
133 164
568 593
124 228
381 538
36 142
233 472
5 200
2 209
230 534
304 463
305 346
295 373
146 346
518 530
328 346
263 464
47 494
339 502
173 545
184 235
284 432
268 522
12 370
78 341
71 100
339 373
12 452
152 167
323 374
314 558
15 61
516 561
66 192
502 556
298 486
232 345
21 244
176 196
237 567
335 388
325 537
404 481
563 570
454 489
25 225
69 321
294 416
390 403
312 546
286 391
156 558
268 521
68 545
61 177
172 329
96 239
39 588
35 570
74 134
112 452
335 531
105 205
186 439
163 456
58 118
228 382
255 490
308 418
424 429
153 590
241 471
235 458
9 107
137 138
129 590
205 378
64 102
399 466
521 562
61 521
42 360
324 380
109 312
54 395
103 195
3 96
344 402
18 441
74 110
235 427
130 285
121 395
217 420
72 174
332 553
455 493
223 370
163 297
196 255
147 560
27 432
74 595
67 375
435 576
423 465
8 355
255 326
149 309
114 558
444 513
245 550
265 306
143 333
465 476
283 290
157 201
537 587
56 195
26 233
375 574
129 385
16 496
277 341
220 338
234 401
204 599
99 108
255 396
271 481
27 468
155 196
303 557
113 300
300 405
202 363
326 411
97 148
66 81
37 354
91 490
8 484
144 371
39 274
22 532
147 535
319 455
170 237
107 417
275 511
495 548
302 339
177 302
41 364
302 373
7 527
116 369
340 441
120 580
125 511
49 430
48 72
456 473
33 282
107 122
271 382
354 510
274 282
118 489
566 577
7 390
86 545
166 399
332 443
60 129
202 467
221 333
278 316
280 501
230 407
10 54
68 594
130 344
147 391
154 493
237 561
74 517
128 438
55 373
75 461
369 447
235 453
211 505
25 167
363 398
272 321
337 372
231 256
0 216
18 340
256 453
2 305
482 578
145 285
32 534
248 364
94 515
379 486
466 479
138 366
436 539
31 296
238 423
165 543
138 317
318 460
140 357
160 415
272 343
165 396
6 77
26 200
226 242
101 503
72 391
135 571
69 597
71 547
253 366
41 220
186 187
365 524
335 530
109 574
150 191
16 146
50 144
89 163
301 452
156 394
194 226
213 440
255 347
331 539
278 451
43 298
308 442
597 598
373 556
156 314
58 197
108 417
213 545
378 450
237 516
35 553
295 319
222 369
65 205
73 515
337 579
157 292
11 574
415 493
144 411
103 389
111 568
155 313
125 178
165 485
165 528
487 506
98 309
53 274
280 523
0 365
155 456
46 199
196 473
41 85
221 502
114 188
177 467
353 571
405 512
160 521
176 490
139 549
396 543
175 436
59 516
354 387
214 512
344 445
243 360
213 579
261 489
119 349
198 435
25 468
372 577
313 434
314 319
160 266
32 111
72 348
15 521
19 252
216 365
97 577
61 266
177 363
77 322
16 404
54 121
142 506
38 132
188 295
122 379
324 368
307 466
461 509
325 587
409 511
361 536
92 138
304 510
278 293
265 426
246 517
187 203
13 136
82 112
73 264
218 469
467 502
359 592
149 207
81 139
66 599
411 490
170 404
73 447
112 494
195 389
120 182
427 478
64 534
96 323
23 498
57 505
169 206
471 518
108 422
181 518
485 528
233 514
487 498
78 526
210 558
90 161
60 288
353 433
196 313
279 401
383 555
123 188
121 540
542 552
261 432
48 288
388 439
523 536
212 573
253 597
104 388
221 467
125 409
452 580
38 330
123 358
89 528
438 552
222 264
361 501
203 380
140 381
180 243
67 247
168 310
4 196
289 530
134 246
121 348
201 419
200 569
35 430
180 477
376 541
108 280
221 412
400 574
28 440
32 230
21 145
22 540
119 425
96 279
199 259
303 428
214 343
1 295
47 263
175 331
234 435
205 538
321 597
163 436
207 507
55 160
469 561
311 567
321 341
41 145
21 577
424 475
76 344
90 93
298 386
144 326
86 480
418 442
253 541
114 210
100 443
25 298
286 328
236 580
581 583
122 417
342 414
218 559
130 445
84 252
47 464
94 243
2 481
311 402
159 185
182 525
120 370
13 133
459 513
155 298
34 477
178 349
33 304
57 252
24 318
330 527
244 445
325 419
110 437
125 361
223 506
55 266
14 100
66 513
76 567
262 306
396 429
470 499
381 572
171 594
10 67
187 465
71 532
194 204
329 477
18 117
539 579
180 353
544 553
168 182
167 379
376 413
98 149
189 235
17 48
9 379
85 357
47 596
327 387
356 585
315 539
57 80
355 414
234 576
129 567
229 479
233 446
215 537
38 98
429 549
208 569
529 562
156 159
195 457
480 594
182 483
3 296
123 556
14 71
414 592
136 512
424 472
205 592
154 455
71 443
140 569
417 529
176 307
91 142
353 477
80 507
191 563
232 265
136 164
114 197
291 412
163 473
75 408
149 578
189 478
176 313
219 517
182 309
310 525
430 570
184 226
250 586
140 538
184 204
281 511
378 592
239 582
151 246
254 547
494 596
197 585
282 463
163 508
510 588
63 81
43 386
75 441
157 584
18 238
234 444
281 297
231 374
260 462
519 570
409 501
374 573
116 264
20 200
354 512
548 565
80 505
88 207
55 295
118 261
297 436
7 256
35 544
112 301
133 431
300 441
258 288
363 467
26 30
115 241
11 540
75 300
52 357
514 569
164 564
263 483
312 554
395 457
306 345
337 545
414 450
171 440
209 481
283 415
56 393
8 414
60 393
8 296
40 565
168 525
0 282
22 71
26 569
262 555
54 574
513 589
28 68
78 491
79 265
299 513
331 449
279 582
24 150
69 178
49 565
275 281
382 447
23 127
162 240
268 523
70 449
136 257
240 438
424 504
331 413
180 360
6 426
303 421
186 241
58 489
279 497
63 549
18 476
510 512
25 379
308 324
420 506
50 194
44 520
110 219
318 400
85 220
362 578
143 368
4 508
104 398
115 471
59 237
188 558
136 564
287 366
352 577
363 531
465 509
56 158
174 286
433 438
124 447
201 325
413 586
61 531
109 400
196 347
463 588
149 182
131 486
359 477
93 337
292 432
168 575
355 397
19 362
294 451
242 498
60 190
345 410
361 409
317 376
90 276
48 158
413 440
312 318
231 390
333 467
544 565
9 185
190 258
118 394
357 538
105 378
0 33
273 585
97 372
167 468
501 523
326 396
212 582
50 242
412 502
146 496
39 321
94 559
141 347
189 458
185 227
259 337
115 238
188 358
232 306
352 372
402 590
173 199
315 331
251 401
69 343
141 255
139 459
46 492
99 501
44 376
535 560
124 469
256 527
18 509
376 520
268 536
316 571
387 408
242 420
145 445
83 391
50 411
327 408
443 547
39 341
207 263
84 464
23 487
223 591
520 594
394 406
17 457
297 456
85 248
260 437
185 394
62 494
159 227
55 154
407 534
243 383
5 30
53 595
569 572
4 473
190 288
327 524
521 522
219 437
7 38
161 352
293 581
371 499
41 285
483 596
547 553
45 346
339 556
4 543
548 593
21 206
89 539
328 560
143 418
264 447
497 582
127 458
288 346
21 445
179 234
231 403
14 391
287 526
48 56
192 550
99 409
10 574
350 550
128 484
307 399
143 442
179 576
172 243
220 559
201 292
91 217
123 373
309 525
27 152
276 485
78 448
34 205
52 172
142 399
109 546
124 516
500 538
474 587
43 456
281 386
127 242
202 368
228 516
96 497
73 270
407 533
342 484
23 310
377 444
43 281
90 337
384 560
30 200
202 551
12 580
495 568
54 540
462 534
27 479
229 399
67 491
229 584
102 407
11 22
552 571
72 95
320 466
230 568
181 340
208 357
322 451
93 485
218 224
67 546
9 167
52 85
141 396
335 398
305 328
19 84
259 372
36 157
528 543
171 520
433 571
90 372
316 322
90 352
292 419
245 599
240 359
44 594
44 138
51 399
15 518
476 509
144 194
426 451
15 367
421 557
63 326
48 348
218 338
160 283
183 253
189 427
273 325
535 544
36 201
82 474
295 358
367 431
275 386
59 170
28 545
44 103
274 341
11 54
141 543
381 500
251 435
381 569
177 266
331 436
125 349
332 544
262 267
170 481
241 423
172 351
109 375
77 353
378 414
254 553
204 470
153 199
217 411
283 529
132 482
110 554
250 253
472 475
243 555
86 173
115 423
85 208
22 348
429 459
89 508
152 432
303 390
219 462
30 459
37 405
62 236
73 262
185 284
446 577
315 579
390 557
126 138
460 533
29 535
150 400
135 552
49 503
184 458
142 584
104 202
433 477
317 541
215 223
23 189
150 318
171 376
336 417
398 531
480 545
245 350
94 218
306 383
473 508
304 354
300 340
323 428
228 447
12 537
76 224
236 596
254 563
265 334
81 589
388 398
178 511
215 370
77 180
350 582
68 171
79 426
208 364
106 431
396 549
220 285
198 450
183 321
212 374
303 403
17 121
7 330
278 416
307 313
36 591
199 244
206 566
74 546
448 491
176 399
310 575
113 340
252 362
172 559
450 500
464 505
25 320
81 371
272 588
52 351
283 562
38 421
136 214
298 320
395 491
274 588
17 195
23 575
16 385
222 410
61 335
139 429
66 550
371 470
123 412
216 246
389 480
193 273
55 415
6 451
289 335
101 519
238 340
38 557
277 321
68 480
155 190 128 134 95 269 472 307 491 487 323 356 224 19 467 247 400 506 57 454 485 33 523 451 348 39 437 197 277 43 456 194 348 557 338 152 51 323 305 374 379 537 169 591 375 597 48 107 55 461 225 63 517 366 73 13 274 303 123 178 101 346 548 540 267 12 276 243 296 55 30 444 550 79 245 319 341 520 496 446 270 15 196 288 553 43 591 427 74 281 507 139 504 85 44 51 237 379 121 512 313 43 348 474 515 102 538 317 501 11 523 97 356 346 280 542 556 250 403 541 8 282 112 511 258 96 325 491 31 208 536 582 241 311 463 319 117 70 81 153 236 35 582 60 454 173 474 510 210 333 511 439 591 216 372 161 64 181 423 169 36 395 479 37 67 430 27 497 571 90 299 291 130 506 381 314 426 553 583 564 444 439 181 587 225 43 547 23 464 482 307 309 582 278 141 588 168 206 39 548 590 448 519 493 323 292 568 175 568 183 122 415 383 267 42 92 148 444 55 57 476 95 244 422 187 123 377 197 77 115 254 191 517 65 205 58 113 133 236 412 236 339 483 121 56 391 546 85 450 367 492 502 383 366 195 552 379 545 504 167 298 490 432 417 220 59 176 348 70 31 557 198 366 173 243 568 471 395 584 485 542 69 383 545 62 178 385 302 156 562 247 245 298 324 384 284 534 32 80 367 245 469 549 460 267 416 295 195 220 159 73 473 256 192 264 336 377 400 401 360 429 72 183 141 192 430 138 76 21 141 132 91 196 366 499 47 245 79 370 481 245 312 74 392 25 61 121 49 581 419 299 365 344 454 169 351 361 61 143 362 529 547 321 563 439 33 422 550 523 288 303 559 330 21 569 196 202 135 374 227 573 173 328 591 285 425 537 399 368 54 284 560 358 38 424 355 25 236 125 365 294 558 187 87 273 238 339 219 182 193 135 8 485 8 121 347 376 585 471 142 13 17 565 203 180 378 303 82 188 379 33 448 145 122 341 111 350 428 342 565 70 447 289 125 179 11 598 96 29 166 136 94 533 559 225 110 398 241 345 517 31 341 317 121 416 405 210 157 491 240 44 382 349 63 591 334 593 587 206 356 7 571 267 195 133 78 44 426 294 278 115 398 89 132 360 284 169 478 513 237 242 76 35 455 84 159 477 578 97 579 171 85 505 300 236 96 439 328 397 129 17 82 536 533 386 77 262 237 177 322 200 288 527 183 489 218 27 440 523 350 74 106 490 146 497 221 233 550 98 225 469 353 20 62 585 344 512 204 425 122 373 351 21 485 199 327 576 222 324 277 365 295 384 370 227 48 369 432 272 70 569 226 383 556 534 450 12 249 81 304 582 70 590 414 165 279 169 578 422 424
570 46
15 324
928 459
531 943
416 529
518 764
881 898
273 900
640 995
213 415
750 223
835 251
97 699
371 195
913 349
204 206
863 529
762 328
354 40
111 996
563 779
676 619
845 286
227 750
896 119
257 461
583 713
170 538
602 469
980 324
523 715
568 972
910 21
536 50
706 834
954 214
178 652
460 81
231 950
562 169
1000 19
735 694
885 860
361 424
626 363
894 471
730 505
14 829
810 352
984 199
327 700
288 626
731 798
621 159
779 255
95 269
754 365
27 947
39 486
907 581
792 468
166 207
62 782
418 688
821 15
663 855
445 777
733 183
632 453
485 268
426 361
883 295
843 350
914 695
686 97
433 57
816 628
834 903
669 208
955 877
51 928
445 733
22 661
963 366
12 985
733 757
714 456
538 379
128 927
474 502
549 556
283 658
653 344
558 526
831 733
827 379
469 964
640 558
184 935
312 358
939 315
954 121
802 44
661 373
175 81
638 881
295 182
193 388
256 336
786 161
734 64
971 31
5 734
349 128
1 423
305 94
981 653
391 32
92 508
430 244
128 785
754 277
245 391
23 236
883 652
386 293
691 275
275 791
711 964
786 524
737 637
293 391
192 976
345 159
639 97
813 968
413 194
671 309
635 317
447 699
640 771
408 602
225 639
45 81
359 712
699 670
860 495
971 406
674 588
139 892
876 172
668 22
166 482
729 547
113 323
359 479
64 370
171 581
788 404
122 411
154 258
536 609
731 931
420 469
391 133
483 582
313 592
188 432
162 780
678 692
912 543
590 430
794 803
680 505
857 396
444 414
343 585
117 179
469 313
552 820
810 862
302 143
138 836
538 287
340 828
149 427
244 40
212 32
3 296
253 834
810 495
823 203
451 812
14 568
334 746
700 344
378 533
3 479
602 895
692 554
557 736
142 601
120 78
152 22
362 788
690 871
649 675
111 868
681 756
993 528
46 409
73 888
393 896
577 496
457 178
144 697
606 42
312 671
813 699
714 39
783 720
43 140
997 687
186 705
816 660
220 523
306 790
131 379
895 615
247 585
887 67
342 913
996 816
598 666
561 854
315 845
91 811
864 579
307 59
423 923
742 959
262 84
302 745
845 787
718 584
385 845
642 51
676 159
731 727
919 61
506 336
560 902
54 964
568 304
878 242
376 624
300 877
390 235
823 447
651 530
780 12
81 551
936 742
48 861
956 683
940 836
132 216
969 722
267 247
16 695
876 741
959 564
536 198
41 618
594 140
349 369
518 575
601 240
904 979
493 876
299 315
391 396
592 83
173 289
121 490
751 665
899 403
640 251
820 409
236 154
203 329
3 107
118 565
971 995
955 931
58 287
542 997
407 441
302 458
512 797
400 95
33 750
97 236
306 969
536 95
899 435
934 796
296 536
2 1
191 887
207 797
808 585
769 111
328 531
43 339
535 472
860 968
599 337
853 122
72 328
277 511
556 250
841 940
425 986
70 2
84 630
396 652
502 13
931 429
770 821
220 920
494 422
977 266
88 103
993 878
199 154
163 366
588 525
781 664
80 202
344 95
608 192
679 978
503 218
763 620
967 767
868 424
410 566
806 316
429 281
425 864
757 780
588 605
800 906
496 110
600 944
13 524
684 787
34 267
729 898
859 844
333 258
102 952
135 136
697 718
571 15
603 300
249 223
78 45
973 601
131 729
393 716
607 572
66 243
389 952
764 190
589 393
479 833
664 900
238 435
181 9
618 800
942 612
892 807
994 485
816 538
333 413
506 58
213 109
714 396
307 932
925 379
509 992
759 417
72 446
724 256
441 626
600 980
164 116
281 591
839 175
529 896
777 590
344 947
924 509
429 103
35 446
836 56
457 18
359 314
999 741
348 659
0 178
527 427
674 941
142 287
958 961
223 353
10 62
111 595
277 697
255 986
260 289
275 37
524 641
469 237
926 892
272 864
352 999
482 662
959 171
311 208
136 526
768 913
319 498
593 860
467 453
759 36
773 978
227 78
553 447
382 61
36 31
940 269
509 828
716 615
619 641
945 644
695 183
473 385
629 910
901 947
53 724
343 875
78 583
97 365
386 463
710 314
290 825
490 719
797 93
422 26
749 1
563 137
6 867
242 7
262 538
90 135
205 494
850 654
365 752
250 125
559 686
398 503
56 687
563 654
327 15
757 866
223 844
206 551
680 426
944 536
154 988
84 843
718 998
495 535
273 424
219 709
376 262
49 543
327 629
690 234
761 489
139 339
11 795
956 63
889 514
461 918
257 724
418 747
621 845
327 299
59 167
976 142
493 625
32 901
245 678
83 921
443 499
372 5
497 145
391 349
446 138
489 777
635 706
869 688
861 622
696 65
263 188
913 166
622 399
207 251
234 265
300 267
531 2
190 835
634 216
243 898
456 535
230 312
226 185
159 164
884 336
855 88
869 22
995 359
282 220
114 656
656 823
500 473
800 282
553 349
875 999
449 584
981 236
641 492
736 121
902 264
974 88
437 662
422 827
109 28
827 998
925 228
763 80
901 758
15 207
261 950
21 362
784 754
971 458
838 602
203 295
854 216
413 164
996 117
647 629
832 567
941 33
621 743
904 206
801 940
588 761
374 920
792 216
188 738
589 823
639 599
153 955
536 503
80 753
991 944
450 888
983 909
217 581
3 604
506 380
85 667
530 140
472 749
760 543
204 680
697 908
928 94
647 420
673 126
45 811
507 292
476 344
396 802
