600 1125 600 728 8
481 530
71 343
221 572
68 207
128 589
29 114
25 100
51 414
358 538
34 71
104 424
266 534
232 571
373 543
15 557
138 531
339 434
244 598
551 553
151 444
523 548
368 469
19 383
32 494
374 409
3 239
490 584
19 211
56 320
91 264
315 338
285 464
238 392
385 395
28 147
379 552
568 582
19 262
213 441
179 486
162 245
142 429
324 457
266 440
88 313
236 433
452 555
183 516
132 426
58 524
127 194
433 444
170 505
12 179
314 515
135 507
23 210
479 556
17 443
48 507
428 473
413 466
148 529
99 560
84 279
299 377
38 553
79 91
210 478
338 532
16 592
318 528
112 397
141 313
349 443
295 300
304 582
275 559
82 507
64 66
67 567
147 275
299 507
137 510
201 428
11 139
131 433
140 425
275 587
464 483
282 464
254 397
157 209
189 430
53 499
14 371
244 501
5 221
146 351
452 576
205 458
365 379
248 502
338 498
288 473
129 462
487 584
265 588
487 515
90 451
396 398
51 259
471 583
376 449
184 447
143 548
440 561
12 197
144 216
113 161
381 472
404 475
290 426
401 565
326 415
508 594
18 576
329 405
411 543
459 550
95 399
348 394
401 587
93 344
83 505
428 489
142 468
264 454
167 484
62 494
18 202
111 188
82 455
230 325
181 331
351 428
305 356
31 163
394 565
38 248
6 415
66 102
150 376
28 394
338 345
353 437
167 580
43 111
349 567
369 588
186 343
24 334
362 490
304 505
35 381
458 594
55 224
332 499
58 564
53 173
8 184
255 268
40 157
260 497
271 281
12 563
403 484
246 366
42 49
380 400
135 557
34 231
106 214
74 241
378 394
341 411
337 342
324 388
287 446
93 581
281 396
143 436
38 262
37 241
55 111
241 490
21 391
209 443
176 391
178 586
36 355
352 418
253 470
225 240
439 500
398 586
389 540
295 357
89 495
213 466
290 423
198 229
570 590
45 230
2 408
264 445
267 558
108 522
88 452
132 423
250 286
31 189
130 305
382 571
390 573
109 396
449 595
260 579
103 527
267 309
144 362
244 480
474 562
4 254
168 431
153 318
346 413
276 310
126 253
9 304
199 230
337 403
7 219
352 568
207 329
240 574
281 478
106 239
1 76
8 515
341 479
90 98
34 186
170 538
22 86
152 369
156 347
210 458
45 97
531 574
23 435
238 374
315 403
115 246
112 273
125 229
351 575
180 471
568 579
21 111
81 227
463 510
256 526
204 460
225 255
49 590
116 126
13 354
105 560
370 372
239 266
310 551
207 562
41 466
236 444
63 503
63 551
84 509
251 500
67 432
85 350
297 459
367 442
332 455
240 480
189 412
53 319
23 396
66 153
375 441
384 576
242 417
308 503
28 348
133 463
65 135
13 585
38 566
357 448
390 445
110 455
7 415
232 382
14 428
19 258
125 186
194 250
340 449
39 545
163 296
381 409
23 236
297 411
18 64
63 286
25 224
66 197
58 258
138 598
364 407
214 544
174 482
66 103
251 446
155 313
171 504
34 575
160 342
15 118
36 272
174 337
41 213
13 475
254 285
49 506
63 380
112 388
50 562
110 368
442 481
80 587
45 260
39 418
86 379
237 516
306 357
264 486
305 343
170 358
539 592
335 538
432 567
290 470
365 597
33 496
215 429
104 278
280 317
533 541
248 503
175 481
231 575
96 330
0 569
119 406
336 506
47 583
237 356
357 507
339 489
449 450
284 449
101 440
7 46
159 288
552 597
252 298
318 390
164 342
345 363
129 189
165 439
208 391
140 223
8 314
119 320
257 318
77 234
125 231
32 459
22 203
134 290
48 65
281 450
181 498
155 452
315 484
136 204
70 275
433 455
171 374
185 407
204 541
121 346
446 518
43 560
115 296
329 562
44 183
374 472
318 545
36 408
175 294
346 395
164 358
4 183
77 306
123 342
243 507
109 450
138 379
346 542
310 516
205 322
411 459
23 588
172 506
152 594
58 311
445 573
291 491
67 126
52 468
204 293
271 478
182 588
158 461
116 134
467 483
225 530
88 155
31 419
482 493
53 177
152 182
117 129
210 279
134 191
76 350
0 66
99 479
257 545
238 571
378 565
56 273
250 503
86 203
87 309
464 520
2 36
200 591
295 422
313 410
113 283
121 395
216 362
141 519
192 229
44 399
459 546
372 498
284 340
68 442
279 322
148 281
362 441
352 579
116 270
242 273
307 529
71 186
487 490
329 580
230 527
159 473
25 55
239 277
2 301
402 551
154 582
145 344
424 588
342 482
199 467
471 581
439 446
167 272
39 318
111 560
202 576
3 260
419 462
29 371
196 517
187 498
13 468
177 422
186 198
81 98
233 436
59 508
212 353
312 494
387 480
122 203
66 569
207 405
272 484
131 332
52 375
371 442
453 505
237 310
14 473
186 229
123 335
146 383
69 162
355 360
154 568
267 364
331 518
77 494
213 475
213 395
82 469
9 453
6 46
7 326
92 323
517 529
219 599
368 433
40 506
323 456
321 585
452 457
24 38
249 349
58 539
178 485
335 544
262 343
50 346
51 78
4 549
176 485
285 520
73 599
166 391
212 428
189 462
294 395
201 317
104 458
360 442
33 403
541 571
12 141
233 406
28 378
72 81
202 569
109 586
379 598
277 544
12 492
355 408
314 441
176 398
185 403
363 532
280 591
533 571
122 218
253 331
219 344
142 547
165 521
409 427
471 599
44 193
105 188
24 190
123 277
192 599
112 242
503 539
299 422
133 137
22 122
50 292
409 554
271 396
289 530
180 599
353 434
181 261
126 331
214 538
307 478
542 562
31 412
98 500
39 528
54 88
398 435
146 274
315 345
249 466
563 573
292 345
317 591
86 598
522 589
214 226
198 343
110 433
101 526
65 578
359 452
280 371
306 578
407 556
118 444
341 512
80 457
170 214
118 368
267 373
85 122
235 237
555 576
179 454
392 420
80 324
193 399
38 258
56 112
33 228
138 431
66 257
175 385
406 416
494 546
97 266
346 474
451 472
256 263
209 270
287 518
354 475
24 262
213 215
18 483
559 587
90 169
291 509
96 255
400 534
0 488
181 372
319 499
46 219
114 387
206 583
118 236
300 448
388 523
240 531
123 544
492 563
88 555
193 326
410 488
201 212
224 578
33 222
196 264
154 579
94 307
18 325
111 453
255 574
449 586
70 587
211 473
183 356
308 592
48 306
345 532
293 462
164 335
251 439
152 456
222 403
459 512
96 487
496 498
353 489
53 596
483 576
135 578
169 451
14 361
67 261
99 341
200 437
99 358
48 578
54 313
182 424
25 578
156 324
177 295
229 305
180 231
384 569
440 534
131 588
59 594
238 420
14 159
130 334
314 362
241 536
248 566
270 443
90 381
114 371
105 234
133 510
386 438
341 550
4 282
50 329
157 443
68 481
2 564
63 400
206 461
303 511
31 462
14 360
418 579
109 281
43 83
251 423
430 572
286 400
211 383
69 78
388 397
208 398
538 544
242 326
263 310
55 208
179 492
217 378
266 400
32 312
274 383
78 140
341 543
277 400
423 426
256 463
36 564
163 366
321 537
166 485
138 168
328 416
396 435
216 468
307 393
434 583
32 90
270 432
134 253
79 517
11 421
129 162
262 334
123 194
160 337
199 510
76 280
188 224
281 307
195 272
358 560
268 447
84 393
75 221
294 542
69 389
4 133
94 393
430 570
28 156
108 115
108 460
382 427
327 397
9 21
354 443
70 347
335 342
84 291
268 481
43 170
44 95
225 289
10 249
155 252
506 590
187 532
254 282
124 127
270 349
499 596
345 484
79 393
146 473
284 376
374 381
101 561
327 388
107 344
84 491
503 566
364 373
199 325
139 421
231 351
305 334
319 332
149 199
359 457
391 485
35 533
18 149
545 579
205 509
370 558
282 285
303 571
119 436
13 547
158 591
57 267
0 12
218 379
243 299
90 220
27 421
536 597
82 499
118 435
124 403
188 306
101 276
204 511
119 143
16 403
61 241
505 582
61 96
247 333
103 545
269 462
23 118
58 577
126 432
165 500
314 490
485 535
153 563
204 303
64 569
273 326
123 400
61 584
320 326
221 223
176 586
180 339
272 577
340 595
2 355
425 593
48 357
321 443
264 573
50 474
145 320
22 387
7 193
47 206
395 542
258 311
138 241
488 569
8 438
249 261
133 516
376 535
77 546
0 197
32 521
118 208
113 589
91 454
206 581
35 554
482 556
51 426
141 410
68 405
3 106
404 443
91 179
17 404
81 421
291 458
138 365
44 326
276 526
94 279
72 98
106 544
369 456
114 480
69 245
17 349
527 545
195 580
156 388
268 530
44 356
132 500
308 539
394 559
10 292
92 456
134 425
222 315
52 216
104 594
294 481
107 145
131 323
376 586
114 442
316 329
69 117
124 503
49 172
292 316
95 305
184 487
330 431
407 543
148 307
40 172
30 405
130 356
163 419
78 477
32 165
171 420
26 591
403 592
192 399
236 588
76 461
89 388
272 405
61 487
395 441
115 293
23 265
153 573
9 20
116 253
75 172
150 352
127 250
167 316
249 476
242 549
280 525
253 518
27 389
14 201
463 516
62 448
53 377
163 246
75 191
205 210
514 590
29 442
23 271
228 309
221 430
21 55
72 139
87 558
501 531
37 138
80 252
235 310
184 255
242 513
123 160
127 403
285 397
475 547
4 417
62 357
184 438
150 390
244 387
361 371
235 402
38 190
246 296
469 557
64 102
97 260
196 595
117 389
82 110
256 310
4 242
144 375
342 493
92 332
241 431
180 434
156 495
137 199
109 449
41 475
121 413
316 484
27 477
102 325
100 578
178 535
43 358
98 132
223 425
106 582
28 436
6 320
423 446
355 405
414 426
133 282
120 209
255 447
86 244
188 560
343 383
83 170
189 570
341 556
60 471
218 350
302 546
234 306
168 531
52 144
263 463
9 166
137 282
514 570
333 385
175 268
323 332
161 238
238 427
185 556
249 567
181 518
404 466
54 555
173 300
226 582
75 223
465 581
98 227
74 96
486 492
131 236
217 565
253 290
302 512
324 397
260 527
136 540
408 303 291 75 432 256 150 337 216 301 425 380 363 452 151 395 143 531 26 396 9 564 478 475 404 474 124 179 314 566 504 258 358 501 164 495 453 247 165 77 586 512 475 175 124 275 85 276 126 415 203 311 519 597 101 572 0 450 101 24 86 570 575 167 574 184 216 42 591 298 311 181 448 439 261 376 336 138 336 34 101 252 580 260 8 205 264 578 268 212 137 471 226 27 475 135 436 92 132 310 340 214 417 93 508 447 92 82 6 336 110 75 437 407 34 521 90 102 8 260 127 503 354 295 459 155 461 300 380 387 448 562 323 31 534 215 406 586 471 582 59 259 268 205 520 73 307 225 209 158 6 598 58 91 142 340 220 516 482 520 586 199 215 593 326 567 106 568 587 304 475 332 31 504 372 259 542 489 283 335 521 532 353 243 531 97 512 129 423 40 595 131 81 224 398 507 415 447 262 595 1 418 485 75 531 308 577 227 66 240 300 180 501 21 455 542 479 46 202 580 350 484 518 236 485 437 110 519 347 301 462 41 236 516 526 206 368 244 150 187 432 92 528 588 91 58 171 291 411 572 299 225 443 145 350 407 11 293 79 345 303 411 443 104 270 172 525 455 525 537 389 475 116 354 180 403 296 464 126 382 490 177 430 369 406 393 172 278 485 120 523 28 88 136 501 232 438 376 10 407 379 405 541 20 479 50 20 240 444 475 100 385 190 456 107 420 215 89 35 162 520 187 151 153 471 409 403 476 32 464 127 580 23 230 15 540 330 317 199 513 20 560 214 303 201 155 581 61 457 116 239 535 264 133 8 362 536 60 141 490 484 510 281 157 573 565 89 150 381 520 445 159 486 201 1 138 583 230 460 177 65 234 235 521 385 362 383 158 454 472 166 285 582 437 360 181 489 74 282 242 160 544 0 352 478 235 424 416 401 247 143 548 47 472 333 361 22 369 184 306 244 573 312 7 219 406 319 466 16 27 56 388 467 214 239 43 210 354 0 375 338 349 48 334 523 305 362 443 468 547 31 506 140 52 168 270 352 275 252 349 138 299 556 88 465 529 19 385 459 104 410 274 94 208 82 186 333 131 3 146 110 82 0 332 232 195 575 301 252 503 280 403 425 27 129 161 2 310 139 582 536 492 381 118 159 15 262 424 472 524 93 569 493 204 264 336 1 249 491 309 380 46 240 536 395 76 89 515 346 477 539 428 480 270 364 21 55 472 213 584 105 538 98 539 24 282 86 31 186 281 84 121 271 328 444 210 569 385 59 484 10 80 547 255 248 300 182 43 78 171 131 368 260 535 506 315 557 469 352 147 26 199 301 117 282 503 255 506 68 294 109 0 297 509 281 386 54 515 111 99
939 479
268 41
415 291
695 522
728 239
136 755
736 69
652 61
106 283
735 644
208 466
243 787
964 548
42 477
318 179
684 819
408 427
142 533
872 401
477 248
780 644
725 691
182 70
871 825
538 310
632 768
400 29
204 828
922 95
251 145
341 266
31 874
430 726
421 509
531 194
329 830
386 318
32 79
538 354
831 568
43 642
114 472
39 731
625 644
678 206
751 404
668 39
477 43
562 804
37 703
273 388
209 781
22 376
627 962
957 367
674 731
828 123
414 663
449 398
977 961
583 33
22 191
508 830
579 430
866 459
584 804
889 497
202 576
299 280
148 802
979 157
515 222
302 767
598 92
33 159
86 714
336 0
507 775
171 767
955 709
975 226
285 781
650 881
650 651
986 834
250 21
161 52
361 558
977 348
897 150
380 794
978 657
699 999
616 20
977 771
637 222
54 200
682 493
325 757
563 657
655 777
683 403
822 430
791 458
876 886
563 695
673 550
801 44
167 987
839 741
703 874
675 701
837 146
365 999
236 122
62 992
194 643
145 825
763 827
839 75
106 649
151 399
234 48
585 521
491 451
608 125
237 601
507 493
297 966
98 835
585 282
742 952
292 746
749 257
182 665
626 819
175 890
790 295
70 95
263 777
175 739
997 448
33 401
859 90
17 347
747 38
448 193
957 135
905 710
834 372
793 617
749 894
820 985
903 544
733 548
991 321
937 149
64 596
375 6
362 202
553 519
327 956
109 815
2 935
576 607
398 714
766 677
361 400
97 143
423 782
648 626
464 877
45 682
553 978
498 570
175 287
766 758
576 961
773 730
990 606
559 95
269 546
819 955
708 249
91 240
467 564
555 189
280 511
591 697
34 821
580 312
153 651
636 118
673 165
547 495
324 339
898 658
929 516
569 210
806 366
367 58
353 145
888 422
213 32
188 947
949 855
475 19
277 305
719 776
96 626
925 812
443 236
398 122
106 440
664 600
76 402
5 302
954 8
191 13
651 25
402 812
99 746
400 501
135 708
641 717
143 192
677 573
317 784
423 564
592 205
783 420
560 149
295 862
864 37
569 753
619 315
783 886
651 295
396 930
649 510
167 180
2 161
746 188
579 864
171 105
99 786
16 965
100 333
520 401
168 491
535 454
303 696
989 285
231 645
809 236
88 184
745 345
880 529
494 349
219 801
733 509
212 551
507 296
709 313
920 662
853 896
660 483
371 635
163 265
151 927
146 614
890 804
369 366
765 134
490 190
979 131
697 370
612 508
882 862
973 809
307 67
889 761
816 294
463 998
849 660
851 253
575 477
333 642
384 224
215 212
213 723
971 883
232 453
118 952
213 311
524 908
6 988
440 649
961 271
597 886
478 947
447 287
526 740
243 922
728 619
608 230
574 778
969 742
479 424
387 561
661 349
447 314
456 729
967 409
68 286
360 470
315 396
340 96
854 556
671 987
775 77
30 548
943 827
731 976
931 208
825 408
712 154
839 176
889 1
296 339
55 169
247 577
693 976
102 307
559 289
580 569
13 598
513 520
310 492
464 104
874 674
504 658
556 547
537 233
703 24
306 442
176 420
974 180
957 74
132 573
226 0
450 156
807 575
419 85
71 521
374 272
616 263
531 801
600 632
903 287
340 223
321 134
42 307
297 463
414 603
72 39
50 953
320 203
728 866
787 950
312 608
280 115
305 548
407 639
414 859
58 372
807 689
609 927
906 39
100 34
597 447
375 841
311 897
491 222
917 363
146 312
135 285
196 87
863 183
179 848
838 638
747 723
420 905
996 743
956 52
151 360
845 795
839 198
798 757
624 180
601 478
993 69
640 340
427 465
105 518
320 308
820 7
438 582
392 295
359 877
962 457
472 658
10 867
134 418
226 756
693 93
855 3
719 202
821 544
57 906
453 923
250 824
551 912
280 702
849 930
173 704
247 747
351 898
405 156
74 433
67 784
65 142
176 618
734 913
492 79
806 825
875 73
384 75
110 258
331 673
708 429
80 345
251 199
92 564
751 866
879 643
293 660
134 255
492 905
856 700
894 733
428 810
957 296
709 667
960 641
704 936
760 992
930 267
915 852
457 680
210 986
407 5
69 858
739 321
863 272
514 18
151 452
839 327
2 411
696 845
268 664
524 68
397 835
416 191
237 370
73 466
253 515
183 799
936 781
550 638
152 122
194 261
534 610
869 310
379 417
760 703
966 614
56 223
942 442
436 124
29 260
1000 925
953 571
524 557
454 751
914 135
387 528
752 523
317 527
666 933
329 728
145 97
529 377
506 423
460 846
694 619
15 676
629 845
948 983
975 855
775 354
237 954
498 712
802 215
7 813
83 267
689 296
924 685
285 632
983 470
890 251
404 686
236 995
859 128
416 400
303 94
723 391
755 469
837 592
929 710
194 232
105 121
259 472
248 856
625 451
782 703
1 62
39 589
617 590
484 395
129 874
219 900
188 350
456 632
619 549
845 519
461 707
47 440
899 108
772 202
499 688
634 391
11 14
601 371
325 873
951 334
474 599
668 801
354 588
967 98
586 652
659 416
255 332
930 564
428 344
990 25
549 395
167 585
760 580
920 446
43 799
286 921
65 730
901 583
110 173
504 153
902 343
412 375
613 797
776 542
336 376
559 11
701 586
502 47
21 217
33 512
801 722
999 143
806 906
302 1000
6 774
356 38
448 425
148 689
877 939
900 688
661 959
47 57
122 87
617 68
