600 1561 600 1134 14
96 248
99 255
223 578
279 413
6 345
240 267
381 449
199 492
185 401
171 229
39 581
101 324
222 268
171 515
145 532
137 205
38 578
142 246
5 278
458 559
37 573
255 449
111 584
175 377
28 337
271 346
21 114
54 530
283 428
336 468
367 417
403 426
49 177
507 513
104 427
201 473
232 284
30 78
273 524
81 421
288 426
148 182
388 497
268 302
196 365
271 584
17 590
190 316
394 472
180 234
33 168
243 565
139 305
71 538
213 574
27 563
97 222
131 140
8 574
24 96
132 189
104 283
11 299
285 524
213 325
145 277
44 511
115 563
64 569
125 473
229 452
159 432
76 453
98 215
255 356
250 423
504 548
200 264
152 539
68 452
312 590
39 173
129 596
313 351
268 579
340 528
402 552
10 16
443 456
177 263
45 232
129 358
526 599
183 550
320 575
78 563
63 546
370 461
358 596
54 402
182 187
352 354
182 318
300 385
301 378
321 578
526 550
200 466
364 523
85 346
3 313
148 187
367 581
96 177
418 453
36 334
76 280
234 540
256 575
296 584
70 519
205 417
87 588
40 519
21 153
9 378
134 193
382 491
183 553
317 555
109 291
82 496
136 144
512 593
164 330
328 410
59 430
180 329
429 516
302 566
75 82
96 133
34 358
155 208
397 569
11 246
225 284
132 344
4 70
216 256
279 289
430 498
307 456
16 157
489 548
151 171
231 235
226 262
28 564
125 445
92 363
42 489
63 249
166 242
34 500
215 538
97 574
259 450
180 535
88 527
38 117
22 418
75 246
327 506
435 436
2 296
314 501
108 155
268 281
318 486
8 589
427 550
74 433
194 395
122 184
370 537
7 106
191 516
310 566
67 222
51 379
2 525
312 536
398 503
118 373
176 411
39 417
130 225
369 440
302 531
40 53
117 217
476 568
185 366
51 534
68 292
48 378
14 566
242 580
161 435
209 321
179 186
37 289
5 296
186 483
330 347
572 594
275 346
127 448
103 544
23 209
96 426
251 388
203 346
31 178
322 490
118 414
74 593
47 188
183 526
545 576
160 349
48 349
39 465
315 460
285 547
164 197
362 522
48 588
61 552
13 93
54 61
300 489
71 516
102 131
59 485
90 256
92 412
428 555
259 320
41 521
137 147
38 162
514 573
213 390
42 528
106 444
158 293
162 186
126 431
237 428
135 375
141 504
249 523
302 428
331 479
286 590
218 382
73 567
358 380
250 303
205 591
302 560
123 459
352 585
102 513
166 504
75 142
55 56
111 525
134 167
441 576
32 251
353 382
500 536
5 568
118 119
98 439
405 428
105 121
65 438
23 194
177 445
112 151
407 536
292 447
421 446
211 240
325 504
99 356
221 541
560 567
124 138
30 452
11 142
471 494
228 477
418 480
247 363
169 370
61 472
26 366
270 433
129 506
70 538
86 576
179 208
320 415
16 448
219 236
231 354
271 275
255 459
272 313
126 228
428 560
329 379
53 360
152 187
150 459
320 591
15 359
392 477
240 336
30 470
172 182
282 317
128 165
238 382
122 513
330 425
60 78
419 453
212 553
12 101
86 431
465 482
112 348
60 470
20 570
57 532
255 584
463 495
266 515
15 364
58 96
341 588
290 348
244 294
11 75
31 360
45 258
87 510
83 183
343 454
510 588
80 282
274 313
493 528
381 570
30 399
233 306
123 339
248 426
103 342
151 452
56 421
40 204
272 594
244 545
374 462
247 347
45 69
125 431
35 383
157 424
283 350
118 339
364 595
341 349
488 564
25 343
97 264
333 423
360 369
59 541
17 301
487 537
241 392
13 226
151 348
381 394
83 292
94 343
242 502
404 502
201 464
297 536
119 462
74 143
73 237
350 483
82 243
24 261
51 315
194 332
112 599
55 371
477 501
208 387
105 129
323 545
98 519
389 439
244 501
252 342
332 395
190 225
185 213
51 460
126 210
396 512
43 66
117 230
564 567
87 527
245 384
250 333
203 435
348 599
26 87
0 165
20 255
46 215
0 351
224 262
2 111
42 141
400 415
391 474
30 220
7 311
24 58
488 500
109 214
56 242
365 399
469 535
82 436
156 262
84 523
127 319
116 543
379 534
185 325
122 404
106 494
29 388
8 557
294 431
260 269
176 546
150 552
260 456
109 113
36 258
123 463
70 204
424 430
278 554
37 153
489 527
57 452
188 546
227 325
429 558
71 586
220 394
126 393
100 240
105 567
159 592
319 583
1 157
370 529
74 270
231 352
51 535
306 419
92 530
46 538
195 244
158 501
195 549
269 443
15 514
43 107
405 531
251 310
336 342
21 84
8 372
225 598
492 499
236 420
323 376
177 464
417 591
115 473
163 440
4 516
287 517
184 513
154 529
244 393
222 457
0 128
40 66
270 408
437 508
224 226
45 225
219 420
119 374
34 533
448 503
126 553
6 260
409 590
238 491
246 462
88 588
547 583
88 385
277 472
238 353
359 514
164 559
207 418
300 527
190 598
317 451
251 566
407 542
350 520
273 304
78 298
36 307
53 66
261 525
464 473
47 249
294 545
100 267
281 556
196 399
28 112
404 513
365 563
38 217
315 362
99 326
283 520
80 526
4 538
6 336
363 425
17 409
41 413
195 239
405 566
266 484
182 486
300 354
160 287
143 593
171 536
106 311
183 599
133 568
322 426
35 369
245 332
550 553
20 365
376 479
303 386
361 521
220 472
317 599
259 575
134 482
328 507
391 487
249 595
331 581
154 440
195 501
6 100
145 220
49 96
80 317
139 593
138 336
36 497
352 577
243 262
242 284
81 284
133 426
319 357
392 501
228 392
64 355
188 221
211 267
545 549
218 312
305 384
311 419
468 544
532 551
165 230
287 358
73 451
216 575
401 574
452 532
33 131
130 421
239 543
37 279
149 321
589 597
116 323
122 141
4 71
173 465
553 561
14 558
136 216
41 231
309 409
253 295
223 321
250 386
453 480
124 508
342 558
387 416
376 481
220 551
222 509
399 563
239 549
408 492
370 439
188 541
140 168
5 476
165 313
141 493
538 544
370 455
113 117
284 574
79 333
207 233
320 400
449 570
439 529
65 139
14 211
472 552
141 569
209 223
235 442
179 483
59 406
496 524
433 512
106 347
118 495
229 238
243 434
93 254
541 546
211 508
24 133
25 442
25 595
52 571
26 185
38 223
231 442
137 367
477 553
247 432
241 501
477 561
192 275
171 266
145 491
102 507
64 507
444 494
324 426
231 521
189 309
216 482
53 519
302 405
147 581
207 306
76 592
267 388
280 592
19 420
312 407
434 496
181 504
181 325
544 586
83 599
514 523
83 348
235 354
207 480
284 390
446 598
387 427
68 290
147 331
133 248
110 552
206 578
287 341
80 550
414 436
175 476
352 521
69 372
101 322
134 236
293 395
132 409
484 515
225 232
33 140
170 328
192 584
213 401
19 62
104 520
287 349
46 439
330 458
258 334
460 535
228 393
410 469
54 412
362 460
92 375
85 304
388 557
500 517
484 587
73 560
161 192
192 495
184 507
345 474
358 533
272 274
70 215
97 509
302 457
43 53
432 592
41 573
403 505
147 308
405 558
149 209
16 398
300 454
91 147
204 291
123 402
350 351
113 230
11 462
197 595
507 569
210 553
151 266
105 488
146 300
147 367
117 178
41 279
215 439
75 226
355 460
159 402
220 399
26 401
53 77
175 278
268 556
68 470
31 109
133 261
200 253
52 318
311 471
278 377
306 471
171 312
356 584
158 174
485 541
90 320
45 316
95 319
258 307
486 539
94 423
358 517
65 305
60 126
416 518
217 578
193 482
50 537
252 437
313 516
167 236
131 152
280 374
35 360
192 459
32 67
35 178
210 477
40 291
79 94
122 569
2 568
497 557
361 422
316 456
325 580
10 424
284 421
368 383
32 198
431 473
308 445
160 378
114 153
331 445
43 291
203 275
219 335
422 585
184 569
286 382
362 397
434 547
161 436
149 270
415 450
469 540
314 384
286 312
574 589
328 355
525 563
298 470
441 445
129 253
189 409
325 366
13 418
19 335
52 234
393 431
459 495
258 372
301 409
307 316
294 393
303 333
198 597
450 465
257 539
170 355
309 386
154 511
105 564
282 599
368 369
60 68
254 424
227 548
306 480
331 441
32 222
440 511
445 464
122 166
136 256
1 93
471 546
274 594
330 344
208 550
89 294
80 427
123 150
424 562
577 585
281 579
208 223
200 295
253 327
339 463
297 500
253 579
50 487
131 404
12 476
131 187
146 352
176 406
125 464
31 35
17 312
257 571
191 291
344 425
62 501
146 528
52 486
312 378
110 394
88 250
439 511
103 586
156 583
346 377
465 591
156 157
312 353
143 396
211 388
55 140
305 593
419 471
441 479
112 337
366 489
376 576
8 69
301 312
263 505
422 522
511 519
114 582
131 502
126 292
267 443
3 214
130 598
86 125
285 434
406 430
91 308
372 557
27 525
322 476
79 344
32 388
83 290
118 402
267 269
243 547
162 223
206 492
33 120
198 388
372 497
352 528
214 516
145 238
296 568
50 72
556 567
71 342
30 532
52 539
247 330
528 585
358 506
453 592
29 310
138 342
337 451
233 430
328 535
212 447
54 552
8 284
159 530
155 293
264 574
14 437
135 590
87 200
242 421
109 360
515 587
22 424
115 201
371 421
535 540
98 511
253 509
264 466
1 224
315 522
135 382
147 177
25 559
13 475
315 413
141 548
366 527
340 422
104 317
359 595
249 444
265 498
355 507
86 441
1 262
58 525
109 165
313 429
347 432
312 382
488 533
227 504
212 292
10 398
81 225
81 130
120 152
161 414
149 492
82 373
9 407
84 221
375 409
287 407
26 466
149 408
379 413
359 478
408 593
304 435
259 415
134 465
152 257
8 597
92 247
413 582
153 289
124 342
67 251
207 265
255 365
90 137
432 453
58 464
120 257
196 220
194 593
216 465
89 545
489 528
50 345
68 83
439 537
422 577
128 350
273 346
531 566
21 202
177 403
28 567
16 503
537 538
231 478
150 255
77 163
283 555
105 358
48 250
258 497
60 115
111 356
264 401
121 281
93 226
22 207
111 296
99 365
250 309
28 484
126 447
278 476
337 599
206 499
506 596
179 223
107 291
272 572
95 503
426 490
82 304
123 552
201 525
345 391
254 475
108 477
199 408
161 495
193 335
6 240
411 546
136 482
157 448
0 350
114 289
84 202
14 508
62 543
121 129
43 109
249 494
559 595
151 338
90 575
116 420
187 410
135 277
3 109
225 316
200 380
264 509
14 405
23 395
154 169
343 442
23 433
340 493
56 371
304 436
195 545
180 540
237 555
392 393
48 309
405 594
146 489
323 543
377 554
4 191
326 365
116 167
80 599
239 323
348 452
329 535
375 472
279 573
44 77
67 566
105 556
133 490
288 324
91 445
69 232
267 497
79 132
158 332
167 465
101 476
239 545
131 168
72 345
306 411
86 445
556 560
289 582
33 371
385 454
132 363
397 493
213 580
179 416
22 265
365 525
84 541
265 562
278 296
412 530
39 367
85 273
406 411
534 535
288 403
193 236
235 454
343 559
252 558
164 458
117 128
62 438
64 460
63 471
65 593
99 111
263 276
119 246
114 180
46 537
205 320
357 398
118 280
429 572
564 587
149 433
258 316
41 359
57 145
181 580
172 486
300 352
156 319
273 377
245 314
14 310
18 237
229 353
215 389
338 484
274 350
411 430
420 543
260 345
163 360
311 453
297 515
326 525
391 468
129 327
167 173
61 412
317 427
285 583
284 580
159 280
147 276
302 556
113 178
234 318
236 335
110 472
94 559
75 119
285 467
261 568
297 587
380 588
287 380
75 299
11 13
177 308
7 347
124 211
20 394
205 367
53 511
49 464
233 498
52 257
341 380
119 280
274 428
266 338
315 379
46 389
30 551
318 540
288 505
114 329
295 327
147 263
117 162
332 384
78 470
233 411
355 535
297 488
287 542
342 586
202 514
6 474
158 314
459 584
428 594
20 381
483 518
283 317
321 492
380 506
109 230
52 180
50 169
1 156
307 443
21 573
43 360
127 156
11 226
173 323
366 548
517 536
358 488
90 205
95 448
132 425
468 474
110 449
130 446
119 373
148 318
201 563
116 236
60 292
413 521
91 331
517 542
150 449
191 204
385 423
346 554
108 293
296 554
154 439
36 443
285 319
340 397
304 496
439 455
442 595
276 288
196 394
14 252
206 217
9 287
169 529
373 436
237 560
342 429
1 254
329 534
233 265
271 554
26 527
28 73
170 535
32 597
18 73
197 444
459 463
449 552
359 442
58 201
88 423
340 522
500 533
71 544
63 494
174 293
47 523
173 481
187 507
84 485
208 209
336 474
83 212
138 211
442 478
50 391
60 431
518 520
410 507
274 351
289 413
13 22
55 502
101 276
509 579
161 203
252 508
157 254
173 479
115 431
407 517
194 512
385 527
101 175
235 343
1 226
104 387
15 595
187 469
197 330
450 591
57 229
301 309
344 458
244 392
387 550
85 203
169 461
166 181
487 538
94 454
457 566
335 482
10 157
277 491
40 43
285 496
18 555
311 432
79 303
179 518
122 504
30 298
315 422
140 371
57 238
36 267
424 475
305 314
104 416
39 479
74 408
19 65
467 524
314 438
79 559
47 221
75 373
54 159
241 477
76 462
413 422
50 461
85 435
155 561
164 595
249 364
262 547
27 201
59 546
65 335
96 403
179 387
396 593
145 472
44 53
369 499
79 458
77 360
247 425
335 420
112 338
382 590
227 366
171 297
194 384
501 543
131 513
414 495
492 578
39 591
371 446
379 582
350 518
295 506
328 469
132 303
99 525
61 92
128 230
10 357
68 348
143 433
329 582
357 503
64 397
476 490
95 357
162 483
138 240
350 428
93 475
140 502
181 242
75 565
45 372
318 469
60 563
118 463
375 590
322 324
7 432
108 158
9 160
467 496
56 502
145 551
200 509
453 462
3 516
94 333
87 380
242 404
100 269
455 529
47 84
468 538
206 383
106 324 106 530 172 198 214 285 299 514 191 415 394 200 113 145 529 329 213 326 272 276 175 518 426 76 115 31 531 44 56 200 261 179 268 86 248 47 38 467 207 74 152 445 375 11 309 213 419 451 331 454 331 336 150 478 282 432 309 228 338 382 503 53 250 337 324 535 447 336 277 140 80 403 543 395 34 482 132 60 6 351 531 392 343 594 316 226 336 432 265 162 367 550 597 523 225 418 149 390 498 120 383 268 471 521 163 25 312 324 0 386 93 532 495 370 212 314 250 132 198 421 157 226 414 78 378 391 17 124 310 259 6 470 119 261 251 581 225 468 10 133 92 522 567 553 402 445 128 572 432 295 35 567 4 482 248 417 54 300 579 320 343 159 150 483 74 263 532 157 536 432 441 504 584 398 133 30 567 485 503 151 373 228 261 419 330 530 51 109 309 589 517 105 249 128 298 60 172 454 474 264 130 548 598 84 546 444 151 562 248 219 118 404 433 518 102 157 104 249 596 7 437 111 151 177 223 578 272 268 244 372 149 400 319 338 127 301 488 490 365 523 67 433 569 74 293 269 49 47 488 206 591 96 367 248 408 258 353 379 145 54 115 459 139 119 384 10 20 411 307 60 397 545 436 338 70 485 557 474 43 459 387 212 139 402 63 540 483 277 361 107 59 412 228 179 366 248 134 267 289 391 384 595 91 394 562 2 221 85 514 69 12 352 136 230 353 534 449 400 168 517 364 182 281 565 456 72 286 123 258 70 260 111 215 437 318 334 538 366 445 487 577 239 407 560 512 552 376 561 234 521 280 389 460 321 368 5 373 281 526 71 132 440 107 328 265 155 92 53 107 512 531 351 135 194 67 384 243 48 424 415 296 382 362 409 204 406 29 481 242 368 42 139 278 239 274 535 521 236 386 480 137 283 363 332 147 496 98 541 31 312 85 490 266 578 103 224 353 531 255 464 336 378 466 377 406 92 444 232 106 308 331 531 159 445 541 276 356 440 595 517 56 461 455 548 556 288 150 325 236 441 411 216 432 446 596 317 391 222 558 147 106 94 564 450 391 44 598 506 8 346 47 7 447 449 73 512 580 401 536 265 442 361 348 433 285 412 14 335 225 189 312 324 152 290 184 130 507 571 434 524 41 362 537 135 549 202 5 584 320 578 23 261 75 147 485 535 441 53 407 386 501 553 121 434 198 383 196 117 406 436 450 579 492 350 360 309 69 476 387 132 202 292 299 397 561 215 424 89 419 541 95 465 78 114 289 334 599 369 539 555 521 529 307 404 152 248 279 594 296 50 370 267 508 557 270 347 552 96 88 587 407 290 93 4 409 413 90 327 398 470 79 481 253 472 408 285 315 109
665 769
119 95
127 507
721 806
813 804
73 474
950 695
358 156
874 452
541 374
76 4
199 180
19 537
180 143
797 644
466 95
73 43
433 380
532 641
295 948
251 466
556 10
204 81
441 902
123 580
510 166
746 365
223 600
530 573
855 616
321 542
707 904
804 552
974 228
568 459
692 933
923 569
610 36
621 860
86 790
791 887
587 91
710 260
762 921
814 973
937 471
907 862
440 43
512 327
146 660
988 835
721 50
901 6
799 954
282 312
948 277
916 311
392 526
176 612
338 0
288 647
320 349
309 885
369 63
772 160
312 984
786 914
768 565
354 612
904 454
812 856
826 766
985 798
556 631
480 981
142 206
243 188
762 944
271 577
463 245
481 694
933 390
92 270
365 672
457 9
39 324
176 733
652 339
547 276
215 754
13 915
80 722
364 312
155 117
496 207
28 75
127 617
800 477
864 910
195 498
956 639
10 583
883 171
876 754
549 742
610 534
380 141
767 888
420 819
711 871
290 415
153 454
468 558
673 887
665 4
255 677
212 893
639 881
203 287
172 251
987 151
626 517
809 230
230 323
853 690
181 692
337 728
48 87
652 819
641 488
960 403
905 217
432 296
99 557
147 954
362 413
49 1000
9 822
879 684
331 975
960 255
748 255
162 201
449 954
33 979
378 505
631 223
57 710
865 67
522 916
206 374
443 509
956 162
602 11
910 959
462 822
84 104
115 62
373 851
288 249
530 339
109 333
611 826
771 978
433 192
692 786
839 246
157 917
953 236
980 968
785 113
465 466
912 65
166 864
415 847
6 520
324 39
104 670
663 918
538 806
781 9
809 278
904 99
406 725
819 190
759 344
589 819
872 123
394 50
439 331
984 424
763 837
138 384
161 974
400 919
303 850
296 497
420 156
830 516
573 1000
721 435
217 628
511 52
67 355
764 868
24 863
637 978
245 85
509 813
470 878
352 750
859 639
373 702
823 360
742 856
862 858
71 985
616 917
414 427
250 962
330 498
419 46
712 531
563 833
125 130
937 422
144 156
749 281
318 792
417 506
654 845
563 152
901 420
263 40
873 19
551 169
201 927
586 653
423 473
281 883
904 648
336 823
874 303
97 211
285 821
368 917
179 218
367 248
101 603
421 101
507 302
823 570
822 695
678 464
142 54
207 460
11 973
981 109
934 513
80 927
976 647
141 552
95 145
64 672
732 410
213 43
472 499
898 585
660 549
976 592
476 956
93 399
702 727
15 346
683 719
94 349
0 685
370 443
49 453
624 57
234 240
641 562
456 676
605 713
878 410
17 214
428 404
564 397
35 632
634 36
375 635
742 879
338 694
438 850
239 765
659 434
114 458
504 498
313 585
173 176
613 248
441 360
681 647
456 276
41 287
348 951
286 97
976 536
93 700
460 345
836 605
335 149
448 401
697 750
354 896
692 117
971 461
503 652
882 51
39 124
44 882
547 876
64 550
212 860
38 567
771 294
223 510
639 446
815 98
699 6
394 214
104 748
387 894
480 264
925 544
263 986
915 744
496 571
464 524
214 305
689 198
599 346
852 727
537 202
444 259
989 713
51 383
369 188
399 625
568 361
636 747
672 749
625 199
433 454
566 201
786 137
179 473
1 4
589 446
529 112
742 928
658 138
740 155
375 270
444 113
252 507
715 307
42 836
659 981
722 986
944 904
981 326
909 501
140 288
207 234
354 387
199 820
17 414
501 389
677 53
625 398
256 419
396 443
674 965
369 956
558 251
478 293
506 760
867 576
882 871
831 390
980 773
317 813
303 763
296 461
443 879
421 960
732 176
46 12
293 534
86 881
768 377
264 297
82 617
867 248
745 651
307 51
513 405
505 1000
419 340
848 137
287 67
340 318
648 101
168 301
73 902
532 759
70 823
236 110
279 132
240 941
925 351
681 147
526 253
165 32
396 261
66 591
517 713
620 658
756 725
282 23
232 703
323 212
463 926
79 236
82 294
107 291
809 663
321 944
897 912
811 999
147 752
536 146
945 556
420 135
142 714
950 376
372 730
80 80
241 403
95 906
514 629
399 559
251 166
554 228
928 928
996 571
718 562
441 211
183 358
747 108
979 859
203 209
198 343
168 664
113 885
716 375
12 246
907 772
834 84
313 606
315 85
334 431
231 680
946 732
179 78
43 527
363 817
552 122
148 794
250 142
178 841
155 996
601 797
507 552
398 3
901 37
885 792
546 532
674 272
73 527
395 463
551 991
715 200
379 100
151 319
58 253
891 565
241 38
610 985
536 479
320 861
926 248
35 55
779 268
62 642
619 428
837 154
836 670
709 471
641 359
870 940
407 938
866 214
524 80
492 527
766 806
546 428
588 774
842 895
583 726
605 133
691 173
462 64
0 263
198 571
448 708
666 293
657 207
938 954
361 289
716 624
369 527
550 502
710 24
779 88
511 440
949 876
853 810
944 79
838 43
393 27
539 401
267 901
875 774
258 828
349 69
82 186
729 270
275 839
456 731
342 515
259 348
389 741
51 432
579 679
621 584
888 499
770 699
478 196
599 605
417 795
192 40
244 601
572 561
129 190
707 604
577 581
102 503
779 183
252 444
973 9
729 712
572 41
815 421
42 936
165 776
634 175
594 866
654 513
825 318
68 769
661 35
61 154
179 437
671 168
841 751
533 549
619 334
843 473
390 383
86 842
275 217
402 969
742 696
473 141
616 466
826 491
991 383
430 676
