600 1398 600 642 5
4 593
6 122
159 557
252 333
217 330
115 156
196 445
284 523
62 409
120 462
32 515
64 225
120 549
354 533
61 566
308 346
230 451
196 277
72 299
252 326
92 187
309 381
319 577
6 134
435 565
6 467
82 168
323 527
252 449
406 485
458 538
447 478
424 448
373 480
254 436
74 207
411 426
254 361
61 180
355 390
15 121
30 148
526 530
56 223
10 277
251 451
29 88
127 269
147 527
346 374
339 344
43 510
327 545
15 253
283 479
425 590
286 542
160 314
503 517
92 291
419 474
289 592
355 538
89 589
172 580
184 565
254 469
414 511
199 386
71 433
64 104
112 158
437 486
500 591
274 542
194 590
264 401
114 182
309 416
293 459
82 201
40 474
383 538
306 469
5 521
200 385
36 563
295 566
88 233
74 237
493 564
254 303
51 360
479 561
387 388
154 592
339 587
131 393
236 382
237 463
175 372
198 557
138 425
75 276
389 492
212 253
107 335
276 449
60 409
318 531
7 22
135 233
503 507
399 495
360 427
148 253
276 299
13 393
427 480
0 362
121 259
51 529
251 343
146 169
67 478
97 473
45 227
103 568
3 174
337 553
259 378
155 182
191 549
466 560
45 338
260 500
477 545
325 495
115 583
140 281
340 377
124 418
134 527
156 160
314 358
80 487
139 563
16 217
30 307
273 276
208 549
43 277
324 426
191 250
238 403
37 251
49 110
4 461
258 543
128 488
117 472
166 255
211 267
356 468
7 562
391 594
26 86
98 466
2 453
406 474
310 550
228 585
228 575
33 240
430 584
165 314
141 333
211 547
43 305
33 428
50 270
162 561
152 334
1 229
133 479
113 567
139 318
246 467
523 554
256 584
150 316
47 506
96 290
61 172
218 521
265 460
55 567
315 535
23 253
92 258
113 481
12 147
9 199
135 249
87 304
438 505
143 185
27 213
50 205
455 503
17 383
272 525
80 437
295 302
100 308
185 353
357 482
167 345
83 196
10 57
39 589
222 374
175 327
149 175
515 543
457 572
4 478
151 526
169 411
157 375
95 465
263 434
221 548
83 470
407 523
186 420
44 150
103 372
354 436
109 352
269 385
88 483
326 424
89 242
110 454
117 279
345 536
382 572
338 582
21 244
16 330
134 369
101 379
77 453
269 320
46 90
365 544
261 431
5 173
55 114
85 569
84 413
94 404
466 554
424 450
79 397
71 579
203 240
59 286
119 530
258 280
155 523
362 363
405 529
186 447
241 267
298 471
296 351
207 394
245 462
59 565
16 126
328 547
307 328
50 114
197 542
97 171
107 371
239 546
15 313
451 598
294 458
297 485
44 565
351 363
43 61
53 475
97 465
85 112
168 201
39 219
140 376
212 216
136 352
204 453
145 182
168 299
125 404
286 594
327 413
66 504
108 303
321 380
143 377
238 591
101 352
87 194
19 535
2 478
294 552
289 494
26 190
184 274
31 262
305 331
245 499
121 253
0 396
8 477
1 47
315 393
499 503
404 428
137 473
34 131
123 437
208 302
173 247
44 316
15 301
448 458
112 349
108 440
316 506
109 585
83 580
324 412
107 143
472 531
20 399
69 391
95 417
473 584
111 421
142 446
93 130
314 419
33 94
10 110
412 578
405 441
268 456
261 498
70 361
126 179
201 350
164 258
198 362
183 436
414 422
146 505
257 284
37 223
34 336
95 129
238 494
250 507
388 597
189 265
436 541
363 396
185 219
210 539
434 496
178 397
94 591
163 346
204 388
202 289
241 513
46 325
147 492
341 423
82 128
326 449
18 251
258 291
256 498
192 595
420 516
269 446
156 398
93 572
160 419
231 380
30 506
189 415
237 525
176 432
143 489
228 281
455 536
135 174
111 223
23 438
446 524
354 541
352 400
461 578
221 444
35 529
98 560
114 564
343 508
559 567
193 594
8 571
189 223
40 275
18 519
30 438
88 174
448 552
256 387
539 548
91 313
278 564
90 233
60 62
95 285
488 557
342 568
225 281
186 387
119 328
181 233
304 359
50 493
27 204
18 429
22 68
44 442
305 566
335 440
197 539
288 359
280 555
23 505
74 346
451 508
461 535
238 370
349 511
143 371
98 188
217 323
126 290
380 491
160 474
188 554
53 340
171 490
192 497
205 249
543 555
208 295
77 447
231 412
185 371
63 454
210 542
277 300
368 595
350 552
195 502
236 425
263 530
143 340
438 547
88 135
307 438
332 346
109 400
33 444
86 551
384 386
158 389
397 560
322 579
17 348
386 571
133 468
494 592
106 287
170 424
200 230
285 486
106 416
70 354
115 160
17 148
121 212
278 360
185 415
172 196
249 441
312 573
84 226
234 586
492 534
111 189
99 586
196 580
73 244
253 313
196 464
209 451
242 561
2 484
106 381
297 406
404 452
334 533
267 513
2 559
525 588
209 475
147 158
260 548
347 570
170 203
178 344
348 538
444 539
194 374
201 217
375 386
63 254
399 529
183 354
38 251
46 441
262 344
163 298
358 452
282 590
103 327
13 315
361 436
42 95
155 270
108 489
214 535
496 502
25 34
81 332
249 257
12 492
218 247
10 338
496 547
376 410
204 486
52 521
117 531
197 286
15 54
38 457
144 190
177 322
108 501
213 247
308 463
351 573
73 358
196 528
264 309
88 397
349 389
226 327
50 408
430 431
274 390
72 532
372 463
243 328
188 366
331 510
64 368
219 518
333 537
123 129
128 159
443 521
354 368
63 501
367 424
441 493
259 301
33 355
132 232
70 436
95 509
287 337
224 423
52 484
200 400
14 234
410 598
310 331
120 215
32 567
163 374
126 217
296 583
369 527
307 506
284 554
168 532
239 406
66 321
246 362
317 586
530 533
71 544
278 493
225 514
376 598
267 411
113 482
16 232
124 322
463 512
126 132
190 235
422 481
507 536
518 589
67 102
8 11
34 261
219 353
280 558
275 583
171 346
68 163
27 173
252 450
201 330
340 489
149 372
131 315
411 438
272 433
73 452
213 293
417 509
141 273
41 431
408 441
387 447
378 505
94 500
107 153
471 577
334 469
283 561
14 317
477 571
60 353
37 56
69 445
412 426
366 531
400 476
342 365
60 518
287 427
48 109
402 593
54 313
337 427
125 450
204 213
194 222
318 366
125 424
212 505
141 573
27 437
324 504
198 488
39 518
31 587
205 257
358 485
94 221
46 574
189 409
136 431
122 557
214 578
243 334
137 285
12 179
388 486
164 534
189 220
129 161
21 312
298 520
278 405
263 547
310 566
293 453
30 47
79 563
239 474
111 220
330 350
420 535
11 477
105 127
45 442
13 514
387 516
34 498
116 232
116 301
295 310
42 285
410 497
28 78
265 409
167 589
60 589
96 570
169 438
104 526
35 51
291 347
76 86
133 503
188 407
260 292
10 49
47 148
182 482
18 209
309 401
177 579
80 329
51 480
112 134
380 593
41 430
187 259
118 520
306 334
3 466
177 588
357 481
14 157
425 524
337 487
234 599
77 204
176 279
11 175
65 256
187 291
34 516
242 283
247 293
140 439
53 595
377 519
185 377
392 594
279 569
375 401
541 595
191 310
360 521
152 530
29 397
55 182
237 394
171 308
468 479
68 171
99 571
500 548
408 493
91 458
435 542
20 495
184 435
376 476
343 382
288 590
87 288
76 567
224 341
198 246
407 554
173 213
366 407
28 549
148 229
26 341
307 547
333 449
190 423
203 538
240 424
491 558
208 566
287 329
110 576
325 399
367 552
4 231
271 335
194 471
52 206
100 372
148 184
113 341
255 454
65 597
319 562
203 355
27 553
74 463
380 504
345 455
272 579
124 177
290 570
67 593
452 591
51 427
127 320
5 427
128 217
187 232
280 378
43 550
281 585
88 587
236 572
87 590
274 435
327 372
58 415
66 558
512 525
138 524
32 67
124 359
127 382
352 379
478 593
385 577
11 149
179 527
248 456
332 374
29 483
13 19
361 533
41 473
364 511
173 337
39 167
336 516
465 473
198 532
206 559
303 436
117 569
256 336
24 531
122 246
105 269
134 556
13 522
233 441
139 569
373 456
354 526
310 501
197 594
312 583
133 455
266 379
81 418
345 596
130 457
72 362
94 548
66 146
247 484
104 354
241 496
77 388
132 290
50 564
225 228
406 546
279 531
76 515
317 571
453 459
126 323
40 160
63 108
95 161
157 599
16 132
75 326
310 510
10 576
297 358
158 349
356 479
344 483
258 555
244 450
174 284
101 136
72 273
82 488
44 229
497 595
119 152
84 327
159 527
536 596
156 275
319 379
75 168
96 534
274 444
396 573
62 589
311 556
266 385
212 378
349 364
59 300
65 584
86 543
121 378
300 464
1 316
318 472
216 505
41 584
110 254
106 599
290 347
99 317
44 59
108 335
114 443
131 516
12 534
31 181
68 118
113 224
84 568
401 456
381 416
271 596
119 263
393 522
150 334
335 501
194 298
106 157
377 429
455 507
197 392
144 423
200 269
180 277
65 388
52 218
21 165
82 532
146 504
402 491
43 331
219 596
292 548
208 215
440 501
88 181
458 552
123 599
5 337
150 306
357 366
81 359
21 333
107 271
193 464
40 156
82 217
174 397
248 529
341 567
308 372
152 533
176 531
193 300
68 490
177 207
78 549
272 588
350 367
155 357
193 391
48 281
28 250
103 226
85 311
256 388
300 338
321 491
296 363
214 426
275 296
306 576
555 558
25 575
36 188
36 98
100 149
18 223
150 582
425 572
534 581
360 405
74 308
206 443
579 588
524 590
446 577
133 517
248 399
205 408
139 472
2 293
416 480
112 147
88 339
230 476
365 433
475 497
220 421
9 375
253 348
53 377
25 393
202 392
142 590
235 551
129 586
122 369
186 478
201 367
75 367
146 378
272 365
487 553
13 502
195 496
24 357
164 551
26 423
474 546
155 407
339 483
38 56
273 396
7 41
255 501
168 276
199 375
85 364
251 508
192 410
411 504
26 76
43 180
105 382
144 581
243 506
385 446
207 346
78 120
300 528
20 529
267 496
103 512
176 414
207 588
86 515
405 495
395 439
226 568
17 184
114 521
99 417
450 537
13 64
55 443
354 595
389 422
141 449
66 280
166 550
429 519
165 244
244 333
102 478
115 165
48 140
23 216
54 294
107 108
298 374
292 539
113 182
4 420
170 240
35 480
107 489
491 555
207 418
320 446
50 145
83 445
59 442
56 421
235 581
7 97
104 368
383 390
173 553
119 334
12 290
200 476
220 265
232 347
42 465
277 528
127 138
248 373
289 292
86 235
252 537
72 198
64 514
21 573
109 281
367 448
85 279
403 485
4 578
91 294
172 277
3 284
222 304
197 292
191 295
181 587
64 192
51 405
184 383
205 270
81 222
65 137
34 256
46 495
116 259
421 460
331 566
138 446
92 259
39 596
262 339
16 116
167 242
114 145
79 178
22 490
161 417
106 329
19 241
575 585
427 521
97 490
475 595
136 585
72 276
321 558
163 171
470 592
105 508
155 366
76 341
196 391
96 164
452 485
69 470
67 402
3 554
395 410
303 541
110 469
135 441
101 562
164 291
117 139
356 499
73 404
6 556
218 484
174 249
219 371
431 498
277 338
112 311
390 444
78 503
312 351
220 460
299 532
35 373
264 480
315 516
313 348
225 439
36 318
158 492
56 251
146 438
278 521
269 508
321 504
431 575
123 234
227 442
162 540
264 373
302 549
286 435
266 352
54 91
313 538
214 461
319 471
62 265
340 541
144 534
249 284
141 396
202 391
353 409
41 101
560 563
28 191
66 378
2 32
510 550
433 544
120 503
49 255
223 421
160 165
43 57
32 559
288 322
270 523
453 478
148 565
294 301
4 186
104 434
13 195
303 489
100 465
420 461
73 165
385 400
45 59
64 395
98 554
137 584
47 229
153 371
238 500
486 597
112 556
468 517
55 559
297 419
127 425
437 553
21 115
422 423
100 171
48 476
13 241
122 467
48 376
250 271
176 422
22 118
404 450
159 323
390 538
2 102
526 533
174 466
53 519
94 428
84 384
437 599
315 420
61 305
48 400
123 285
243 316
177 418
136 575
334 361
211 496
316 334
9 571
273 449
166 310
245 503
85 349
2 67
128 557
47 316
155 482
14 599
150 576
211 411
244 537
391 392
116 187
116 330
80 106
405 493
325 574
157 381
62 540
142 524
115 312
430 498
185 429
254 454
151 263
147 179
293 484
237 512
124 288
59 193
355 444
118 319
58 189
61 580
404 591
219 271
271 507
33 203
379 562
282 425
162 242
181 574
176 511
344 428 590 496 105 488 393 556 175 25 529 73 171 283 280 211 16 472 230 177 111 16 492 77 137 101 548 306 442 449 202 577 171 546 264 131 240 541 162 250 539 586 55 264 438 490 458 253 2 238 316 196 564 209 548 188 441 342 409 364 163 387 16 473 159 551 138 550 548 154 341 582 19 242 90 263 100 353 307 599 178 559 58 202 592 359 12 51 533 474 354 519 551 534 512 59 151 537 12 27 321 350 327 146 39 579 477 512 196 195 529 149 164 6 333 102 309 8 275 309 54 31 410 135 76 311 340 217 191 593 287 125 518 131 390 503 313 181 537 545 467 376 72 413 88 437 401 584 578 481 489 504 491 123 237 434 584 569 327 430 594 278 180 70 528 274 525 377 248 21 429 204 249 348 263 188 56 439 127 191 160 301 93 462 5 8 61 369 452 395 335 351 441 170 298 458 375 403 544 411 78 476 369 593 146 498 195 342 310 198 160 284 440 143 565 573 231 421 596 276 154 462 91 169 401 155 480 383 543 169 80 536 247 259 167 324 436 189 288 220 74 159 522 416 122 110 599 590 489 365 456 185 417 373 292 280 306 464 260 467 2 551 339 313 401 152 561 522 137 387 583 575 593 25 33 22 504 383 539 451 502 531 479 370 105 405 125 310 389 552 572 439 108 299 592 439 571 291 461 536 207 421 190 272 93 357 405 192 235 584 86 260 133 284 315 452 49 279 433 313 303 570 559 360 364 27 464 224 459 121 326 166 418 585 226 132 455 417 53 31 117 433 447 545 227 553 441 116 298 363 436 462 258 236 468 545 453 0 64 223 23 508 478 574 195 527 524 221 287 329 82 353 144 513 208 387 449 394 96 224 40 572 80 96 438 575 430 494 278 383 347 210 599 592 566 38 471 528 269 104 233 302 231 439 467 464 285 334 436 487 579 166 482 217 535 496 247 152 278 37 130 142 482 301 317 250 514 418 143 306 329 274 127 476 377 275 140 226 524 448 12 457 140 75 187 500 512 576 521 81 141 100 383 586 209 450 226 597 418 269 289 39 367 166 132 173 414 264 15 514 325 332 134 148 75 420 280 126 547 269 30 4 140 364 281 267 235 291 204 273 224 431 554 321 72 11 66 291 597 85 299 191 469 199 40 261 432 194 28 288 550 597 291 55 153 151 301 412 105 162 84 196 249 416 496 138 389 548 478 574 324 339 469 12 134 85 266 544 515 417 178 478 255 40 379 434 61 23 85 86 190 343 18 543 432 122 225 196 215 327 118 264 333 182 259 102 552 448 196 61 429 145 418 336 399 253 533 15 124 224 277 143 303 132 19 301 481 558 425 349 407 264 256 245 466 69 49 203 596 452
737 944
729 515
293 603
152 909
397 521
181 588
514 982
247 279
56 378
32 443
824 391
103 317
496 861
470 383
102 461
625 659
628 806
733 600
593 137
459 429
79 710
850 906
259 247
613 562
302 893
399 345
351 732
231 491
899 180
93 951
654 532
1 912
319 649
842 713
346 373
73 647
250 971
566 77
512 53
811 91
965 978
316 271
200 361
908 366
793 528
838 484
26 794
695 507
459 198
823 347
155 759
123 645
249 624
640 211
664 673
242 728
545 54
861 376
667 122
857 531
748 90
998 366
745 47
779 287
520 302
276 374
499 619
363 612
218 223
957 521
695 332
53 16
724 904
930 800
112 147
731 828
343 691
303 459
928 136
143 991
154 491
147 94
639 878
992 447
9 284
419 956
392 711
254 20
72 928
762 22
42 838
700 674
560 722
531 3
899 707
156 328
496 804
199 285
209 949
92 399
150 230
346 240
332 578
41 211
558 327
427 74
76 508
740 190
752 236
427 243
777 366
641 60
455 952
286 779
214 704
890 910
640 740
337 978
294 172
635 424
956 125
581 656
605 968
177 413
168 33
845 781
548 849
387 49
605 888
139 394
502 12
397 391
560 818
904 69
498 945
105 874
363 273
248 360
337 47
281 980
482 222
783 898
290 77
705 200
417 788
209 786
538 581
503 892
693 555
127 270
759 462
606 345
672 405
768 172
987 624
238 826
927 979
56 468
452 906
561 928
924 918
142 359
792 1
196 183
484 752
903 852
846 290
827 60
679 835
554 527
788 754
167 193
940 411
203 535
122 902
95 267
342 893
102 48
112 993
527 872
952 380
48 888
240 774
660 278
774 601
698 147
367 495
587 745
241 921
665 82
380 763
908 242
556 271
887 510
258 91
547 360
939 452
887 599
682 949
4 430
444 131
702 809
964 565
778 717
270 466
128 803
253 655
105 93
987 202
559 176
841 637
570 469
573 624
247 524
470 463
1000 148
603 593
610 850
212 607
792 139
627 20
882 681
216 108
615 77
320 793
478 296
16 230
810 452
430 304
751 547
495 143
415 577
596 789
81 845
141 426
410 749
403 9
57 154
961 729
996 925
822 753
504 439
821 29
674 460
869 847
993 59
656 993
229 559
38 674
134 855
857 205
546 114
803 840
634 592
740 294
809 308
309 394
166 833
505 712
599 713
946 680
361 331
1 991
614 374
41 579
695 41
392 193
532 456
5 684
412 101
185 806
828 179
45 84
754 909
810 624
862 1000
732 871
901 416
163 699
371 964
520 668
434 274
317 17
853 36
167 871
213 404
860 562
97 565
192 2
941 599
524 825
535 749
931 648
280 559
696 721
955 250
799 1000
992 844
252 154
697 874
871 471
645 707
955 206
726 261
228 45
982 324
747 429
628 508
131 203
22 546
890 281
433 997
826 939
661 624
954 850
417 416
706 477
76 437
270 939
325 185
372 86
465 614
136 0
557 898
490 536
19 759
756 808
64 239
627 461
115 538
660 779
941 303
173 134
817 885
712 427
809 212
335 413
158 547
851 436
12 951
676 215
303 734
6 124
494 78
49 987
847 83
158 160
547 789
687 606
402 895
691 780
801 965
383 225
700 112
644 307
811 697
954 18
284 850
965 817
187 79
161 646
722 356
726 983
770 983
400 929
11 79
266 886
730 779
600 289
550 962
994 707
742 148
117 241
40 629
199 150
8 494
496 183
672 180
541 631
354 211
428 614
35 510
419 45
751 633
5 348
401 144
0 395
363 446
276 427
408 840
786 662
930 537
919 577
428 368
86 125
511 258
777 935
129 961
882 958
42 725
429 177
0 571
382 645
998 750
898 785
119 709
998 881
231 871
114 763
723 68
531 235
531 501
452 543
33 314
386 866
620 116
57 551
96 357
147 63
945 894
396 454
570 20
351 837
367 801
798 796
349 16
477 501
143 600
865 750
618 159
294 317
325 306
315 860
34 45
583 376
822 580
694 300
186 461
585 523
482 266
814 242
72 795
795 484
224 665
822 665
973 495
339 95
330 476
757 749
773 865
838 816
537 147
966 777
308 502
767 323
886 102
4 617
467 25
737 712
277 528
660 1
425 482
985 105
103 186
913 488
194 316
186 929
596 1000
923 43
745 399
993 544
330 143
306 958
224 315
968 936
601 224
460 162
36 348
346 528
900 0
91 603
302 817
268 808
82 981
256 580
994 789
235 440
139 518
645 919
702 240
220 262
451 666
451 862
143 730
985 664
49 766
552 417
570 242
325 344
989 24
930 716
856 259
511 391
921 103
495 581
572 594
656 491
885 153
461 82
135 304
922 327
371 903
24 153
507 483
500 332
350 657
372 416
939 70
783 105
595 192
267 190
192 673
448 339
210 840
307 46
48 122
640 339
523 919
904 459
111 676
647 372
322 930
687 904
677 363
450 812
436 454
859 131
833 850
750 672
891 632
735 0
653 246
846 604
436 699
8 11
66 292
995 985
601 424
914 673
957 174
872 330
453 734
725 745
180 510
201 899
482 686
473 989
607 937
481 652
289 675
180 962
868 7
318 217
204 980
176 735
785 557
979 280
275 720
2 193
386 997
514 780
38 409
437 0
808 915
5 824
400 311
784 397
361 141
428 518
83 24
997 412
456 768
820 422
834 980
266 334
403 269
106 431
36 923
79 77
773 73
285 9
930 755
992 586
385 565
896 555
601 258
823 145
251 392
529 190
146 460
