600 1035 600 985 18
61 376
238 287
409 502
227 462
26 247
328 414
111 237
520 540
18 167
80 155
49 106
8 245
108 443
47 70
107 124
89 201
368 474
188 377
247 570
257 367
23 124
114 561
0 315
40 110
296 550
285 394
28 309
234 435
187 516
392 526
240 500
170 513
134 474
321 504
191 435
120 265
95 352
108 407
301 399
300 327
9 349
75 79
167 185
354 389
421 468
193 548
199 234
36 402
19 274
214 342
120 192
135 387
49 561
454 512
81 443
45 420
161 556
299 433
156 234
59 307
439 520
37 423
39 245
39 221
81 108
148 583
171 413
70 272
103 438
121 338
309 442
201 273
492 528
270 283
91 592
109 585
227 507
250 519
90 448
193 480
130 239
298 515
89 348
336 580
425 571
22 173
242 380
274 433
35 573
98 564
455 471
287 534
263 563
141 582
87 219
419 565
50 475
77 533
32 174
529 557
211 470
163 508
210 599
285 532
23 374
101 202
372 471
537 553
47 193
243 260
149 249
345 559
174 284
73 594
88 222
289 495
18 108
471 497
471 562
53 93
337 379
290 385
92 254
200 584
158 233
7 204
68 359
29 278
335 371
494 526
254 305
269 315
284 288
7 479
8 180
27 249
266 531
388 428
156 172
459 498
99 566
148 586
296 300
119 593
178 594
173 348
29 83
278 374
413 539
199 391
9 307
192 563
153 591
199 448
40 180
450 459
151 504
333 366
180 245
370 531
130 392
346 433
64 152
313 511
391 448
85 243
144 319
89 431
128 524
14 197
116 268
368 444
50 509
14 37
286 412
166 503
75 122
69 366
230 554
248 482
58 86
46 157
385 597
321 484
11 205
86 362
308 537
48 220
155 470
19 504
297 589
107 339
127 474
62 505
99 343
490 564
9 59
514 545
186 228
105 524
435 521
83 413
142 538
327 529
185 220
212 568
158 203
117 220
66 308
196 298
374 422
132 304
445 500
336 483
453 527
84 145
311 439
265 446
286 437
81 567
189 434
150 549
28 461
16 578
9 581
279 321
323 548
305 527
264 537
44 434
15 486
172 370
166 217
123 210
22 351
182 263
417 489
247 256
385 386
449 469
69 486
583 586
341 386
294 409
396 454
519 561
569 572
105 335
248 567
249 434
143 218
101 568
215 295
395 426
118 471
280 328
3 265
100 468
55 333
250 515
453 546
240 357
324 379
1 576
183 469
147 310
10 192
298 334
421 478
177 556
34 519
101 382
522 587
191 576
78 137
56 397
54 309
482 567
80 248
295 585
121 596
43 551
33 316
26 75
154 326
256 289
252 572
160 594
255 525
260 282
28 196
92 527
83 209
175 360
167 407
330 412
7 208
42 273
262 284
6 500
219 582
407 482
71 269
10 544
291 555
78 527
34 598
156 181
40 459
171 464
511 585
106 221
365 454
418 469
415 495
91 485
279 504
27 499
83 539
291 376
188 379
182 222
89 481
189 202
475 581
255 330
216 573
29 422
59 565
159 333
414 556
17 430
407 567
163 355
27 554
129 589
163 579
22 509
157 211
194 247
35 253
306 437
472 475
162 404
233 275
195 224
27 149
185 516
69 333
221 245
17 380
197 506
389 484
553 577
101 127
251 463
508 579
365 432
439 446
358 560
226 270
286 588
99 558
64 494
208 534
280 340
201 538
182 402
286 323
33 479
117 490
122 312
50 472
93 99
5 474
64 253
169 219
38 431
108 167
465 577
122 139
46 155
159 447
161 536
102 333
61 555
277 298
63 583
313 507
301 509
405 430
209 531
59 518
366 468
217 525
292 552
36 544
31 479
420 501
274 389
35 216
267 372
306 412
146 514
72 332
218 393
175 373
194 282
457 469
5 206
73 331
20 188
77 516
391 435
451 558
507 559
73 580
71 344
115 299
69 259
5 157
150 417
280 414
296 379
166 453
191 521
478 516
287 564
54 442
418 593
300 433
382 444
55 102
144 575
11 100
411 584
2 379
114 137
340 389
33 160
192 263
12 500
364 490
317 530
229 356
293 543
239 335
44 56
126 539
112 366
147 236
41 535
300 457
109 275
427 578
16 267
267 465
472 509
370 521
296 377
178 204
74 341
253 517
413 464
183 449
164 331
37 375
3 446
403 577
545 580
531 539
63 455
6 441
72 140
310 514
442 461
31 208
247 495
49 598
354 502
131 210
442 487
472 581
43 335
331 580
174 397
146 580
184 551
441 496
22 301
68 365
437 588
16 427
71 179
204 205
390 413
294 502
285 540
11 204
52 181
308 378
326 566
142 572
210 297
416 443
25 231
14 125
62 400
44 189
77 421
338 436
265 467
412 437
70 193
281 550
274 502
279 506
330 548
357 500
319 365
424 585
393 457
340 484
261 561
66 451
387 597
383 540
469 593
206 444
1 521
281 557
103 253
374 578
130 215
398 475
135 140
260 398
195 312
177 280
119 344
378 537
481 569
38 572
386 406
364 564
374 425
369 549
24 284
130 313
119 179
161 273
357 441
167 187
63 501
121 477
357 405
104 401
117 185
51 225
335 551
41 422
235 269
321 506
394 532
317 453
141 238
121 489
215 585
261 519
173 419
9 214
100 112
219 489
98 205
267 403
254 384
112 476
44 231
201 351
106 361
165 203
1 266
26 570
349 518
67 374
38 80
215 277
56 189
71 358
273 536
202 467
50 301
150 395
358 400
57 370
4 556
233 323
128 276
304 496
87 490
11 98
567 592
96 169
258 281
76 300
203 585
386 541
294 433
362 438
126 436
19 115
97 272
138 415
174 288
246 304
149 499
432 512
383 508
15 484
180 498
13 384
25 56
227 345
35 64
408 535
3 397
21 194
190 344
275 511
141 219
387 488
127 368
74 170
455 562
162 491
300 346
338 370
35 170
43 184
323 588
300 557
6 174
138 473
266 521
60 537
521 576
67 278
93 566
50 399
360 536
219 369
477 489
225 586
147 506
187 482
64 456
299 428
130 371
119 232
150 426
399 570
55 366
261 487
123 589
215 511
468 533
47 54
234 391
230 231
34 375
103 362
166 291
249 554
185 364
98 208
119 136
387 458
191 339
118 586
321 542
145 543
57 539
312 590
207 540
279 584
484 504
115 274
236 321
228 522
517 526
133 411
32 365
547 549
48 117
1 244
29 390
82 153
217 291
213 548
258 328
18 220
58 141
475 570
269 289
226 447
52 452
118 583
14 34
60 308
122 473
264 553
107 408
66 410
125 197
42 65
314 566
293 344
281 354
158 548
110 459
432 454
156 199
127 568
139 404
310 423
240 430
32 445
110 450
184 507
208 479
313 371
483 545
132 463
142 252
210 396
364 533
54 97
352 367
329 453
12 174
65 538
164 310
311 540
245 388
62 282
168 332
69 510
52 448
61 217
176 553
8 384
5 431
332 353
169 386
228 587
5 173
386 582
41 244
262 363
24 288
196 461
312 337
247 415
338 416
313 318
100 366
176 308
118 372
373 414
54 70
237 325
333 486
131 599
36 587
126 426
124 425
71 560
40 433
53 154
350 420
250 487
213 323
305 546
261 530
20 377
122 590
16 51
91 452
397 446
138 495
83 531
218 466
39 428
430 575
455 497
318 507
28 424
440 488
256 400
235 495
126 413
145 315
42 201
84 543
148 595
271 325
274 409
25 44
21 243
214 349
447 538
380 463
328 404
153 381
70 480
128 513
369 489
217 376
87 238
31 316
280 493
111 325
218 300
18 185
160 479
157 470
114 527
270 486
112 542
223 361
267 528
201 348
78 261
124 401
186 214
239 456
343 387
31 103
456 494
94 465
4 270
164 514
7 178
327 502
262 302
98 364
429 554
65 201
306 330
28 277
246 357
184 345
238 564
133 584
109 511
298 461
180 388
374 571
484 542
164 515
17 405
107 251
88 520
262 288
41 408
250 261
174 429
33 277
382 434
229 434
385 458
224 312
75 138
312 379
488 552
72 135
485 499
241 419
264 562
116 323
113 141
275 313
11 178
183 466
443 592
55 478
5 348
1 422
497 583
166 381
121 416
69 476
168 440
182 563
277 295
327 557
9 260
320 360
58 582
124 408
130 526
175 536
79 175
74 216
169 582
127 444
47 158
127 382
257 352
244 408
22 320
93 154
48 87
142 333
28 295
345 347
5 241
55 252
440 513
586 595
184 371
391 554
117 364
316 479
153 503
8 221
200 506
104 251
48 596
25 174
547 597
195 235
85 475
260 342
23 41
522 544
56 174
384 459
233 548
338 443
304 339
227 559
71 145
96 385
224 235
7 205
423 519
292 488
258 404
171 350
339 435
61 95
343 597
122 138
14 460
550 557
57 531
322 386
390 464
396 512
45 583
21 247
30 532
237 528
57 436
326 455
303 445
532 574
13 459
112 236
282 505
33 215
11 533
162 550
73 160
251 380
142 481
133 200
329 546
77 468
152 170
345 462
485 567
92 305
38 569
237 571
224 495
1 29
455 537
94 562
96 547
307 565
6 12
362 534
191 408
234 521
130 456
523 590
206 368
66 154
156 370
170 292
23 422
61 367
191 244
77 185
32 262
177 340
88 263
330 525
52 199
162 523
297 540
61 306
263 439
318 371
189 382
268 323
133 361
365 445
157 431
198 356
79 404
319 445
87 596
379 523
32 302
160 277
518 544
348 351
140 558
9 518
26 79
238 534
376 555
215 526 296 586 529 187 55 153 495 121 93 223 274 242 512 276 366 568 443 570 391 222 208 386 53 343 121 70 473 100 475 99 498 235 354 94 529 410 566 521 23 508 23 308 198 401 566 28 259 372 326 420 284 51 285 585 410 79 205 91 59 211 29 188 415 2 552 173 372 81 467 458 364 556 7 358 345 568 570 178 294 454 505 356 406 434 291 325 498 255 474 198 77 295 120 232 99 431 205 590 400 112 424 10 217 490 545 25 75 359 69 553 112 349 563 53 103 250 133 330 509 207 10 81 191 102 500 36 292 594 207 123 442 559 239 403 424 18 377 231 310 199 74 408 98 153 325 509 424 8 304 455 51 113 428 375 554 523 420 149 171 402 446 372 568 484 536 375 206 557 199 25 583 187 337 205 465 485 562 18 72 113 374 192 404 385 20 441 326 293 73 193 202 400 269 464 131 461 216 244 16 499 456 417 95 300 398 37 155 365 155 48 203 139 431 141 567 303 483 460 467 114 302 355 214 520 393 359 518 2 228 566 495 478 467 0 535 12 154 321 418 42 471 367 309 432 394 90 170 498 505 389 417 162 513 396 171 544 125 376 64 137 92 319 530 356 168 507 528 57 226 351 8 422 226 306 489 81 74 351 100 6 577 74 388 94 184 87 437 188 138 329 117 303 107 239 358 357 159 259 99 24 499 240 138 570 164 374 19 107 555 124 41 214 541 522 181 135 50 170 271 495 399 432 162 261 239 91 26 391 100 173 19 545 112 325 459 180 13 487 593 541 422 519 293 535 471 407 70 75 45 541 258 218 375 460 458 550 257 19 240 225 110 218 0 477 509 175 442 267 270 592 411 486 175 33 285 550 474 581 42 581 248 54 33 186 486 29 564 64 226 523 361 513 27 455 207 55 593 7 66 593 370 36 399 443 456 25 376 331 297 599 594 1 302 350 360 269 144 47 595 509 133 525 384 46 60 544 64 190 147 594 53 0 207 126 170 446 182 503 264 25 425 548 313 201 401 168 17 326 165 2 461 375 296 111 85 170 415 79 546 168 468 398 223 505 344 277 381 418 489 194 53 512 345 204 539 152 18 257 40 111 475 9 471 393 6 538 542 450 17 555 187 67 394 203 28 466 248 221 128 241 180 441 578 593 71 39 9 506 347 555 415 109 93 521 25 114 551 178 402 338 401 2 297 114 146 26 435 304 251 565 363 310 474 589 458 354 578 233 145 409 282 111 285 235 267 195 299 135 77 355 160 14 290 115 437 455 430 161 358 270 181 330 383 426 41 157 183 86 365 180 254 539 462 459 454 0 561 555 271 267 497 449 247 351 111 295 490 202 66 71 550 234 212 114 294 557 297 172
922 796
438 183
871 850
805 223
623 703
739 449
662 135
315 586
490 946
925 471
855 348
397 538
715 121
542 990
411 819
574 671
327 58
604 3
421 407
597 761
817 946
908 620
802 530
421 94
797 149
721 210
840 654
619 255
249 755
353 179
985 42
262 551
760 112
264 651
378 871
124 495
909 333
387 792
628 448
540 900
591 948
436 125
674 566
8 572
712 270
193 166
632 407
173 825
370 419
414 928
856 587
263 61
559 280
111 209
243 827
510 542
742 235
383 263
202 417
859 432
31 56
90 927
960 655
146 162
143 547
673 531
27 148
353 110
809 68
534 610
217 847
961 863
16 347
337 668
152 454
821 689
751 890
446 489
282 928
772 688
584 383
497 354
226 906
372 209
881 883
942 574
234 449
332 417
916 193
691 475
591 278
539 331
412 979
78 187
115 27
41 984
171 319
269 884
365 517
59 243
438 572
781 333
557 546
228 535
463 28
19 533
452 884
523 86
468 379
154 700
614 970
385 26
456 638
270 467
356 944
537 815
22 749
390 448
189 111
908 999
814 292
375 342
841 738
866 6
481 79
433 741
276 256
801 368
60 504
921 15
145 646
876 97
572 92
493 806
771 443
16 317
971 987
332 910
888 716
778 730
8 268
265 409
614 516
624 931
710 41
920 880
385 685
439 691
248 160
639 284
210 286
539 744
109 527
206 938
65 132
657 364
494 262
682 418
137 774
593 582
297 616
688 625
799 780
982 352
349 744
196 774
193 988
475 435
45 365
223 333
84 476
284 187
455 312
779 489
707 169
758 657
39 12
659 705
378 605
984 949
534 946
520 279
954 258
670 1000
17 633
450 459
973 422
552 471
810 881
768 253
944 921
507 153
847 307
138 828
922 656
883 809
268 730
432 784
609 346
546 249
464 791
721 528
767 291
145 742
375 568
330 546
742 388
961 180
300 552
415 212
860 65
719 423
836 385
83 813
964 476
221 656
194 471
145 938
678 935
289 373
420 451
474 913
944 226
464 848
901 750
244 85
648 614
61 704
945 388
679 333
664 202
671 232
844 966
109 758
569 212
937 768
483 688
344 8
317 469
107 578
676 45
810 451
535 6
944 611
455 151
505 919
601 128
886 662
550 424
654 257
306 816
530 49
578 500
180 545
458 984
139 880
937 706
5 928
694 758
496 587
979 540
314 879
818 117
886 241
82 57
841 257
447 224
242 38
25 784
966 827
628 651
431 46
231 874
698 591
574 812
122 705
22 482
263 693
372 144
509 743
681 726
724 823
989 602
663 644
746 168
947 100
13 847
306 498
771 191
972 747
99 292
142 998
125 438
890 972
632 853
228 687
771 856
921 66
298 734
560 853
699 885
819 579
778 81
699 69
573 141
372 989
55 897
891 465
17 92
238 783
384 754
908 129
844 771
114 636
147 267
933 852
247 582
227 991
77 639
728 15
742 598
517 701
137 392
69 781
844 890
423 5
115 153
663 840
714 723
307 990
106 866
339 702
27 401
560 579
302 697
65 566
394 649
830 818
402 324
526 116
643 752
174 429
1000 505
54 275
899 926
5 685
667 889
3 721
746 502
906 416
229 220
742 550
1 960
20 436
664 810
990 387
655 310
620 83
999 794
833 42
792 648
494 842
254 501
855 134
382 490
748 67
477 558
58 939
772 383
280 340
455 262
80 607
208 77
728 677
385 99
374 834
113 965
774 920
44 108
839 859
589 29
172 962
741 309
981 216
512 998
126 320
170 388
48 324
579 909
628 789
340 221
599 215
164 616
725 932
998 91
200 255
828 9
774 221
941 531
790 598
1000 704
485 49
957 311
193 1
740 763
631 39
204 371
494 394
492 120
604 837
40 185
520 774
48 845
304 239
697 675
869 691
400 368
283 288
792 994
822 495
199 218
473 510
418 153
355 783
212 721
406 67
246 267
289 116
528 865
671 168
662 13
658 436
758 23
611 890
685 290
526 183
332 319
6 891
215 498
892 157
62 392
630 157
270 799
451 353
732 347
724 91
843 218
640 574
579 242
708 985
646 975
0 212
575 311
263 999
798 35
89 103
136 603
754 957
87 330
583 991
415 854
284 763
66 735
605 56
311 163
183 34
676 966
807 255
441 533
760 996
694 379
158 84
887 544
871 743
810 405
891 583
487 639
338 381
528 506
278 580
176 872
651 474
511 419
417 626
585 713
553 373
567 621
282 842
98 383
312 343
361 461
772 762
309 27
658 778
202 594
905 686
594 166
122 104
565 966
619 314
678 98
160 221
630 820
232 958
553 717
1000 643
482 722
94 666
1000 286
844 530
472 611
179 674
789 0
51 450
376 721
321 765
518 475
228 622
881 399
343 854
924 164
485 221
938 427
803 832
76 533
155 907
197 626
335 966
257 10
693 819
251 928
422 256
942 37
415 514
283 522
455 94
728 631
59 81
642 532
344 269
975 138
136 362
529 667
858 937
883 366
428 655
343 999
180 285
111 794
261 316
760 806
50 596
96 448
87 0
641 228
101 996
663 675
705 848
28 227
39 667
994 868
382 927
127 56
904 284
346 487
858 489
130 235
520 378
813 323
618 478
844 619
363 56
592 458
170 504
963 12
695 2
474 178
152 15
316 100
949 345
359 645
899 503
232 400
177 139
481 755
180 723
219 126
916 366
1 806
895 30
811 747
189 909
483 324
821 986
335 616
251 118
374 385
95 258
408 895
844 102
