600 879 600 692 13
3 122
82 191
117 368
177 298
456 510
115 437
109 506
40 571
25 128
133 339
24 483
49 384
93 369
397 411
79 338
47 369
12 522
119 497
66 361
200 434
443 578
493 558
34 480
168 293
7 487
80 496
80 495
219 431
161 546
4 246
314 425
118 423
13 180
377 561
312 575
187 228
204 358
420 475
72 473
189 528
314 453
170 359
369 413
304 581
78 456
492 508
93 367
124 306
187 346
1 35
195 276
251 578
217 449
116 120
128 197
81 443
448 542
182 351
281 324
176 261
437 516
86 568
188 214
63 573
375 568
178 293
56 71
21 145
308 563
53 480
277 304
186 540
150 225
362 400
26 501
378 431
451 453
131 341
141 387
379 525
127 405
356 508
32 105
351 360
68 414
13 524
335 348
53 113
52 458
416 481
48 95
355 550
237 519
68 344
26 524
42 249
136 159
106 368
324 423
50 89
355 391
468 552
523 572
132 219
263 548
117 134
43 365
233 527
161 471
179 464
361 488
18 526
199 268
17 448
19 425
17 18
170 567
41 571
323 577
22 328
46 519
153 584
303 572
345 487
147 267
173 223
231 578
232 337
341 573
152 258
399 574
38 183
354 485
402 559
223 432
352 463
178 597
113 570
1 50
192 476
97 310
73 211
65 75
277 451
228 457
379 436
293 398
20 304
285 543
294 321
479 574
73 106
91 201
274 335
8 370
176 437
133 207
564 580
121 266
151 440
206 326
59 124
361 569
122 370
344 414
199 230
92 327
424 545
170 520
212 397
128 460
212 411
309 321
300 474
56 468
300 469
124 406
60 523
77 402
48 217
231 591
234 387
19 314
125 551
155 426
395 586
214 441
414 521
302 468
420 565
39 352
52 427
279 467
20 278
53 312
238 421
137 198
450 562
25 165
246 495
156 355
110 287
91 464
77 181
205 250
170 416
334 557
215 261
150 515
58 259
317 319
43 166
184 560
301 493
411 445
450 523
205 438
588 599
329 446
73 117
176 274
166 365
255 495
230 366
59 543
390 478
82 236
160 362
257 380
5 321
11 153
42 491
528 541
9 525
71 395
84 482
155 417
32 499
61 261
186 259
356 492
115 539
130 190
46 411
57 543
17 145
15 42
385 562
80 383
10 35
63 366
131 506
499 504
90 377
76 138
300 452
18 542
108 164
252 443
189 561
196 275
251 443
73 347
212 395
482 489
231 316
460 543
75 294
53 361
149 177
5 99
292 429
121 129
240 417
297 334
236 589
324 417
391 419
29 135
67 171
13 348
65 199
330 473
112 357
414 503
10 96
146 527
216 437
275 497
6 58
104 120
160 400
290 352
365 507
180 267
83 282
110 434
528 592
296 504
510 549
101 127
180 213
292 576
318 449
67 318
323 470
287 331
30 291
228 346
379 455
462 556
338 369
541 571
52 255
419 542
501 524
12 536
96 535
36 55
63 230
222 511
338 402
81 140
94 240
101 255
4 566
227 299
167 522
60 487
273 394
32 63
209 405
61 302
265 531
172 210
275 554
162 329
231 545
303 332
95 486
140 252
478 492
468 598
32 467
123 305
86 254
88 266
57 173
124 195
246 566
95 217
105 499
154 235
99 293
168 331
194 556
158 256
34 142
153 587
142 406
47 413
91 111
154 521
35 145
303 315
348 539
522 595
1 17
137 533
127 509
74 552
391 488
204 290
38 50
106 117
420 425
226 580
194 255
21 292
166 507
54 593
230 331
123 406
211 295
96 393
65 532
272 415
313 330
262 390
31 416
447 547
253 381
173 285
54 451
152 547
174 481
326 470
198 349
28 222
382 474
489 552
317 402
5 244
61 363
101 185
469 514
217 528
216 224
179 551
61 257
300 433
134 476
206 470
223 269
160 363
279 506
211 404
130 150
98 527
68 154
31 82
53 575
102 164
264 288
378 494
286 594
51 214
189 370
110 293
107 408
259 390
194 502
14 596
175 585
329 349
384 444
158 208
343 507
48 319
156 391
303 503
108 506
24 450
7 19
185 308
318 319
322 362
125 371
250 456
138 388
117 192
120 342
96 490
373 573
2 238
149 290
77 338
27 411
259 374
320 346
395 435
4 185
528 563
289 463
76 595
272 282
22 448
488 569
211 598
79 369
282 593
193 587
184 530
116 403
266 516
132 466
40 41
488 583
217 319
127 484
69 546
194 247
139 337
146 565
49 109
175 549
0 351
30 520
19 453
311 422
284 398
121 297
137 574
29 289
202 529
540 568
120 379
127 185
101 566
143 288
483 487
223 575
251 431
85 473
83 272
25 210
169 595
117 226
201 440
153 296
268 555
15 417
89 353
29 522
18 353
182 262
133 409
352 534
59 306
3 596
533 574
122 596
131 245
524 538
33 137
26 292
242 482
528 561
30 582
36 556
177 465
389 393
107 429
3 271
23 593
147 395
9 262
0 91
114 324
11 296
505 589
64 559
98 564
14 447
5 75
30 119
84 242
187 503
33 479
171 318
325 328
138 595
60 409
353 480
91 226
274 435
281 417
185 566
70 437
159 536
2 437
66 223
135 488
143 238
85 150
133 345
9 379
251 265
17 89
6 374
107 560
257 363
95 563
402 486
69 500
243 370
5 512
322 363
116 342
0 360
49 299
452 521
126 323
333 477
39 534
361 570
282 511
467 504
22 542
195 406
569 583
177 553
109 384
57 59
252 578
165 285
290 412
114 461
404 498
51 220
287 341
44 562
175 400
488 570
253 537
384 394
341 373
173 298
41 264
45 509
419 570
589 599
26 529
187 457
35 96
190 342
98 112
216 363
52 247
170 481
36 502
200 286
276 422
120 351
47 151
143 216
310 368
46 555
142 276
82 469
293 597
132 141
95 528
319 449
136 522
156 388
141 234
457 503
71 386
211 498
374 544
12 136
389 490
66 575
16 231
113 526
36 495
109 131
78 253
246 308
69 178
309 411
280 346
96 401
176 335
85 515
229 295
222 581
357 579
38 144
386 552
248 565
101 340
155 281
153 349
84 445
166 478
35 38
471 538
332 572
206 463
433 454
407 519
520 567
360 544
394 444
31 589
53 570
13 284
378 513
48 317
35 408
130 233
3 169
277 314
325 529
284 293
254 428
79 254
579 590
376 575
256 311
126 491
19 241
308 383
9 492
145 448
187 414
24 562
197 208
343 365
286 384
3 571
205 226
289 518
37 308
254 568
148 256
451 593
385 450
98 580
39 149
270 343
477 507
106 211
163 379
65 268
137 307
135 459
161 597
177 358
308 405
231 364
137 479
268 485
280 320
113 542
97 248
12 152
87 132
33 162
239 243
400 410
294 555
1 89
412 470
47 428
62 337
59 432
68 588
337 589
163 436
189 426
88 328
139 599
271 571
165 210
241 493
258 547
314 392
81 221
22 576
121 288
63 105
162 479
540 548
48 486
208 336
409 523
430 546
37 181
349 499
333 372
49 444
45 103
491 547
60 483
74 386
24 558
408 430
109 245
76 264
56 435
310 320
120 371
216 380
98 357
41 67
325 576
93 381
208 306
11 467
135 167
244 398
382 433
529 576
64 218
100 563
262 478
162 260
2 216
201 438
157 374
27 519
421 516
50 422
96 183
425 565
40 592
118 377
196 533
120 525
27 46
297 557
54 304
224 363
136 169
151 360
253 400
54 203
196 497
169 522
35 530
18 448
60 350
171 288
115 501
241 453
46 294
32 504
112 233
117 418
15 249
347 598
215 274
76 472
85 283
514 517
141 458
130 357
78 413
320 474
27 242
316 364
99 398
442 516
41 76
350 523
148 158
57 432
336 460
344 503
465 553
70 115
407 514
66 569
296 499
285 396
299 490
358 396
139 589
203 222
192 510
322 381
332 457
178 200
12 29
248 327
22 325
354 366
71 586
80 246
48 402
179 357
53 305
39 177
366 485
247 458
46 309
69 273
212 586
524 539
221 364
51 234
267 439
30 174
119 291
11 587
255 566
15 163 178 229 309 330 544 506 405 538 244 142 225 559 573 286 37 191 397 583 170 102 179 145 112 533 116 304 300 269 397 545 388 56 21 150 162 540 323 571 140 205 117 109 427 44 570 533 185 436 580 543 45 289 397 296 374 84 492 94 586 224 563 447 596 433 197 144 525 78 484 313 267 83 364 137 145 526 306 259 526 596 434 177 145 401 106 316 173 236 158 506 589 107 465 123 157 591 558 411 0 327 135 587 528 17 410 495 212 443 93 498 518 393 526 470 496 44 97 275 183 435 103 409 147 495 324 15 31 393 490 566 559 158 107 545 249 157 84 308 586 386 360 203 508 287 237 110 559 286 519 335 510 565 327 386 548 52 3 566 111 83 473 443 557 350 235 400 30 76 254 146 396 247 172 12 425 388 458 307 473 207 586 525 536 321 536 257 448 285 451 485 286 31 377 250 517 268 322 422 560 188 157 569 281 55 60 127 593 563 329 367 577 233 540 431 217 519 399 228 90 478 115 94 441 58 99 591 226 597 247 233 294 169 523 8 304 573 312 256 384 263 547 404 205 418 82 407 151 595 511 147 511 94 137 75 302 93 111 576 395 179 280 489 167 588 129 148 236 43 89 493 427 325 330 302 80 544 5 440 504 167 150 157 80 205 493 327 375 148 307 107 570 13 384 70 550 310 530 506 51 426 577 201 175 112 302 381 397 412 524 279 167 32 405 447 351 244 333 326 200 120 518 468 1 42 554 250 478 310 504 171 420 91 36 313 20 414 98 271 250 121 245 102 19 537 233 111 15 584 525 509 160 164 445 497 77 359 480 22 6 475 216 122 237 69 137 483 414 395 311 49 291 585 305 184 220 79 586 570 412 181 306 427 61 138 399 510 590 472 453 343 100 595 42 577 280 517 289 368 10 213 219 247 7 262 74 152 335 47 279 388 568 538 86 464 422 53 311 398 71 332 108 71 520 275 17 567 582 46 497 556 561 114 464 122 495 304 255 67 475 441 493 566 141 487 0 143 200 49 591 255 499 338 516 541 206 408 516 599 443 79 404 523 380 536 48 386 0 11 37 574 414 490 487 251 14 235 127 332 278 138 348 312 298 233 483 327 325 183 351 380 470 85 252 32 398 190 353 445 380 346 113 290 598 408 398 368 535 537 154 162 300 161 528 215 437 519 481 486 340 489 293 553 175 454 461 560 538 303 197 439 503 69 193 373 179 489 345 190 313 571 318 53 475 245 443 356 534 0 362 473 372 194 49 16 469 428 14 383 230 229 268 589 470 590 513 452 29 7 441 443 493 267 540 96 101 319 543 340 576 402 188 369 267 274 425 164 79 189 494 475 2 542 386 430 257 298 110 254
830 438
121 613
430 577
488 815
740 747
277 288
763 560
795 113
561 907
919 523
47 607
75 206
378 847
281 387
453 868
518 993
921 846
153 623
185 656
808 149
969 200
220 591
257 637
912 53
815 29
75 936
256 523
392 238
965 109
348 848
282 61
406 119
124 171
57 28
108 730
108 571
737 873
703 704
47 651
281 918
537 738
475 749
485 970
898 663
848 17
853 762
336 194
683 544
613 684
56 374
95 664
791 963
877 826
212 728
944 133
695 881
468 358
122 876
796 600
84 852
704 59
513 427
449 48
142 208
581 596
245 192
232 814
472 668
522 62
185 429
347 484
463 323
947 322
573 344
485 276
278 236
428 736
661 628
671 473
673 598
672 812
997 768
436 128
984 25
446 240
956 253
749 582
862 988
351 578
134 684
664 908
765 425
739 199
627 548
527 932
633 704
21 572
762 280
829 310
231 269
679 727
796 765
1 232
874 701
873 478
117 120
632 294
126 494
20 276
80 340
179 308
756 338
867 306
234 711
699 931
321 505
995 420
673 323
612 891
269 14
913 455
395 656
518 857
144 803
10 833
882 413
441 937
776 703
37 943
404 708
928 342
106 284
905 993
718 88
644 350
310 809
410 824
148 76
382 740
414 33
963 758
840 944
110 764
489 589
25 702
170 602
793 281
363 332
32 775
242 949
930 292
736 492
377 882
43 192
490 105
591 909
333 727
763 531
7 795
459 834
547 464
257 443
8 4
952 510
29 337
113 966
939 630
358 795
205 304
444 801
341 119
483 628
104 996
129 910
328 47
558 433
399 467
238 895
199 380
821 368
320 385
685 654
860 507
12 628
110 535
767 733
849 642
588 121
817 966
613 844
976 375
472 129
670 372
3 201
803 836
78 795
203 79
7 967
86 105
224 168
163 397
722 465
316 554
976 154
225 990
708 376
369 954
697 172
11 864
724 646
64 960
576 305
384 311
313 340
788 1000
456 384
435 518
570 701
543 592
937 906
780 932
991 738
992 112
194 836
505 552
866 227
728 326
7 377
627 100
645 222
181 171
920 761
471 80
870 279
811 933
516 136
447 94
383 195
423 630
544 817
563 946
835 102
450 206
596 816
281 332
116 311
732 786
849 830
741 228
541 967
703 414
963 884
959 785
617 483
718 612
836 800
12 758
490 442
418 919
876 612
21 39
466 416
887 541
835 664
437 689
998 921
368 614
403 364
252 155
153 868
957 701
498 788
935 26
135 442
417 406
250 80
76 743
915 151
918 191
59 264
661 157
619 957
962 58
924 219
250 409
148 947
116 347
174 278
454 643
348 898
251 980
300 1
239 550
224 362
306 238
640 269
71 163
370 694
219 915
30 410
565 164
870 76
484 394
594 20
946 165
146 752
39 875
117 42
715 732
337 248
686 204
50 730
211 760
974 401
882 180
542 11
928 733
584 638
512 655
552 657
638 194
352 299
544 539
396 964
658 964
275 600
341 974
712 198
322 582
1 112
996 355
206 215
628 33
999 569
362 652
366 428
15 904
422 58
647 606
654 102
822 769
144 284
947 397
985 675
509 24
765 130
620 138
534 363
342 446
37 113
722 30
829 468
321 948
165 674
182 95
322 701
970 562
857 344
204 937
323 168
801 510
239 763
561 506
512 465
961 729
943 669
169 121
603 577
676 283
655 558
529 891
909 429
983 531
120 247
805 573
759 653
218 792
649 877
940 948
935 489
455 448
611 515
607 224
704 790
95 375
799 3
477 301
834 905
327 767
17 523
860 552
301 748
890 217
0 491
75 457
414 338
180 965
450 269
253 350
181 9
575 458
68 574
626 646
978 484
577 275
733 692
71 825
445 165
78 507
683 43
614 442
381 264
303 991
648 525
557 84
882 6
383 84
584 985
605 352
291 716
821 227
404 603
73 701
639 932
917 705
789 196
571 872
913 815
719 584
187 538
107 470
963 921
121 831
577 199
165 356
438 356
946 536
388 526
728 400
356 358
763 477
732 972
353 546
979 843
64 416
415 257
27 68
463 899
204 631
535 682
768 2
896 110
563 133
860 135
537 221
979 447
676 438
632 62
866 866
347 822
50 900
760 954
777 905
341 927
832 394
264 850
828 993
111 210
503 352
517 163
379 985
180 486
445 768
989 319
609 180
845 198
632 384
1000 643
907 586
90 31
159 724
355 94
478 224
752 35
827 707
204 130
653 658
769 82
277 766
539 283
37 477
472 924
937 603
847 54
962 986
743 834
704 847
249 48
557 254
93 137
156 425
298 533
770 845
601 49
97 174
353 8
63 290
968 625
973 597
828 741
629 418
996 79
303 303
919 970
485 198
922 249
384 576
507 214
320 853
404 179
330 80
536 116
397 799
700 11
264 483
898 500
209 700
833 264
621 753
289 565
151 566
966 958
260 260
176 37
265 880
4 674
408 850
648 439
213 482
310 474
790 629
602 783
262 704
102 914
824 537
899 725
155 464
430 894
808 678
593 420
297 661
871 371
500 315
227 871
228 100
293 186
793 869
324 663
808 68
620 604
154 535
658 851
827 1
669 768
793 395
766 209
770 762
298 138
759 610
255 794
262 733
530 792
646 13
174 210
146 28
187 803
247 591
424 959
942 866
897 364
803 311
993 181
286 95
290 841
11 164
547 402
434 311
32 238
473 30
422 86
907 392
893 789
582 742
946 79
124 398
415 763
483 848
223 422
544 339
379 21
