600 1068 600 831 10
29 564
22 223
206 426
24 50
232 316
331 336
8 20
41 243
55 185
236 329
413 526
302 453
115 428
139 435
232 363
337 441
5 432
80 484
41 73
305 520
182 187
209 548
383 597
529 597
59 430
215 387
254 478
393 572
63 201
207 528
382 422
125 502
75 315
204 551
399 449
217 279
170 387
95 205
33 308
84 532
399 563
43 542
436 469
115 126
131 365
142 294
345 500
171 181
188 386
50 373
284 491
95 503
33 123
302 342
452 572
131 460
53 135
28 158
121 591
482 486
3 111
233 593
215 463
561 573
153 359
407 559
300 490
390 405
46 402
389 498
227 287
25 44
120 396
270 586
326 384
144 187
164 176
0 28
441 539
316 441
236 443
133 152
162 311
185 517
132 252
2 271
166 276
225 575
191 469
32 358
281 380
198 262
316 520
320 575
468 508
67 538
246 287
26 375
72 389
249 419
129 270
154 246
481 533
451 459
132 582
120 573
203 484
100 360
113 180
308 355
44 208
109 596
159 293
54 270
142 504
93 375
253 293
67 214
184 451
291 529
47 159
301 339
473 481
70 501
36 593
95 392
565 597
283 443
53 307
40 371
54 266
106 128
155 205
100 189
72 588
201 446
101 539
328 461
135 310
161 274
61 269
357 556
206 268
88 494
43 335
168 197
87 147
408 528
218 489
98 536
247 507
79 497
116 255
119 374
317 486
76 487
75 394
90 564
245 321
313 592
69 130
128 335
307 309
133 331
141 535
312 386
283 506
98 281
479 560
75 291
129 266
166 332
179 488
247 444
287 463
180 479
158 501
252 368
138 450
257 260
393 415
275 284
229 355
39 544
235 372
279 465
160 585
441 519
271 334
122 248
54 60
288 371
34 372
85 334
378 577
210 574
114 193
257 480
322 548
181 355
191 354
7 404
119 383
236 283
174 210
114 150
228 589
565 570
87 172
31 563
382 466
112 420
324 516
202 503
410 434
163 323
249 449
304 499
141 378
431 454
146 564
218 238
238 557
177 467
271 369
420 509
193 565
283 420
153 496
92 405
128 267
171 454
171 290
16 136
108 178
86 269
71 514
129 339
41 439
224 447
208 505
149 411
53 310
281 553
258 578
281 531
343 350
449 491
127 316
349 518
77 210
13 18
321 576
80 569
57 225
45 482
131 204
51 361
210 240
379 405
109 233
37 255
48 560
472 497
176 331
75 340
221 595
226 271
174 385
182 267
257 272
336 402
19 562
268 425
42 336
79 175
245 365
122 308
5 453
40 95
84 367
20 28
314 339
157 385
277 479
145 549
310 353
97 232
63 506
98 125
362 469
101 519
291 383
16 416
244 450
47 585
44 595
36 222
385 538
23 461
157 579
251 462
206 561
236 461
335 336
38 528
420 443
265 451
10 431
169 522
271 485
39 247
484 569
76 307
170 273
198 325
146 515
385 417
3 355
252 582
411 592
346 490
71 554
233 580
352 565
111 567
140 465
381 455
240 442
66 95
20 504
95 259
424 444
8 501
91 238
344 386
203 507
332 515
26 371
71 143
220 482
32 169
204 262
262 582
137 585
21 132
15 433
295 375
267 350
143 450
99 515
47 289
211 334
290 355
257 412
395 559
156 202
253 458
245 286
270 278
18 236
156 498
108 528
342 434
186 453
236 430
477 501
306 584
58 502
129 526
194 583
422 584
8 28
82 545
349 373
188 391
336 578
294 305
397 502
0 510
78 386
470 571
132 286
35 509
412 499
45 319
27 189
56 257
317 398
101 217
122 261
440 490
70 434
550 552
6 403
104 313
354 471
254 292
46 252
67 569
407 413
218 394
15 275
191 228
234 460
106 368
150 547
82 310
305 337
393 470
33 261
227 387
48 471
249 320
170 227
94 358
141 173
195 338
46 368
257 305
159 585
247 566
205 367
19 136
112 506
140 511
50 524
327 551
380 531
493 558
131 262
128 241
14 87
59 269
62 552
350 353
184 265
68 436
176 578
138 544
149 577
219 365
133 286
398 523
164 190
123 412
65 267
363 509
451 518
237 558
232 420
189 360
124 460
152 164
254 596
17 388
30 588
350 545
24 519
146 451
173 535
197 487
474 518
208 595
161 359
246 463
567 598
130 307
257 377
222 473
273 317
19 253
24 217
13 440
235 552
122 464
257 520
55 105
68 469
303 328
139 326
444 566
249 516
135 313
79 339
105 326
269 323
155 588
469 558
89 507
341 488
108 540
473 593
391 595
39 566
165 547
286 325
6 367
118 323
340 529
285 510
360 399
19 29
52 215
0 20
227 570
254 406
182 225
56 97
156 503
122 199
77 466
10 493
204 460
112 525
56 480
195 345
441 520
253 564
123 377
370 466
143 445
528 532
150 165
96 312
110 206
45 486
286 365
116 252
66 259
149 278
221 223
100 285
215 298
482 599
182 241
96 111
214 366
125 397
133 176
399 419
131 198
37 275
13 41
69 197
17 201
351 420
77 157
403 588
48 183
82 104
168 404
127 520
361 475
218 271
16 536
97 480
502 517
78 188
91 577
60 189
1 501
72 83
225 592
138 445
321 513
32 432
498 513
362 556
454 598
103 114
274 496
49 257
164 258
82 225
74 173
515 564
114 273
9 152
368 456
248 453
17 446
64 96
83 321
443 461
125 468
182 456
120 209
122 186
398 587
185 206
2 297
281 329
261 464
94 522
264 372
151 590
38 161
207 408
217 465
316 351
336 542
61 429
380 591
362 436
295 537
197 235
382 584
531 562
110 426
139 162
61 323
61 303
106 335
364 567
91 421
4 22
27 100
157 417
109 593
423 465
535 577
193 273
190 341
300 549
213 233
5 375
356 464
68 560
464 499
301 497
426 585
575 592
174 424
91 239
411 575
117 566
237 556
287 401
6 205
439 440
377 390
333 367
457 525
226 487
233 596
488 588
410 499
320 345
299 517
416 536
389 503
224 301
24 79
490 568
93 295
316 328
228 493
482 534
237 431
77 240
187 543
22 344
90 253
247 457
275 551
205 259
127 232
44 94
101 465
168 222
23 443
90 415
400 496
30 488
427 549
37 582
234 263
213 594
337 539
49 134
338 543
284 433
8 158
111 598
154 463
269 451
42 578
235 297
303 429
304 464
526 534
271 307
238 489
187 456
432 453
166 430
132 483
87 452
60 563
160 561
442 467
130 353
351 443
31 581
357 554
50 474
80 201
119 547
92 216
143 554
10 589
311 322
329 512
186 464
70 102
37 204
335 521
348 354
97 127
88 231
201 569
67 318
231 571
469 560
368 376
396 561
33 464
175 413
99 282
415 470
10 237
199 223
16 562
128 521
251 550
0 504
376 456
375 537
254 521
69 168
473 533
398 526
174 538
124 234
40 288
51 364
71 123
79 381
6 179
175 339
218 527
317 587
428 438
101 441
21 402
434 537
361 589
48 191
51 475
275 433
4 221
440 568
183 583
40 496
525 544
112 509
299 426
231 494
18 243
148 154
25 358
328 429
280 567
117 444
241 456
69 487
82 350
172 572
1 49
110 517
416 502
46 106
470 559
228 354
462 552
2 369
11 338
10 107
97 379
362 558
376 437
509 525
224 497
431 555
171 556
185 425
62 372
334 394
379 480
105 384
352 597
319 599
237 493
266 301
49 501
337 520
371 432
74 135
374 590
151 165
73 243
50 381
22 199
214 417
179 540
61 86
430 461
46 336
98 468
196 294
33 304
156 389
14 438
445 554
346 440
69 353
147 458
113 194
191 471
555 556
332 564
170 570
234 242
48 479
160 206
179 230
12 538
239 374
84 495
7 34
238 378
376 543
52 572
212 393
282 515
146 459
179 341
292 542
61 414
309 527
455 524
289 561
346 492
414 461
575 581
93 156
273 298
12 174
175 381
169 432
66 400
438 452
135 173
284 327
73 468
85 550
111 312
11 500
187 376
132 402
286 483
395 470
194 442
278 581
12 89
197 226
580 594
365 576
115 548
306 382
177 240
495 532
5 26
419 516
26 156
83 588
354 361
146 415
298 486
150 317
67 484
274 400
287 570
359 505
242 576
97 216
470 572
47 160
107 431
131 325
11 187
556 558
39 138
255 275
303 316
465 539
207 208
72 392
225 313
211 546
155 403
142 530
278 411
95 288
267 545
374 557
27 511
11 320
25 94
318 569
181 514
143 405
85 485
119 165
244 363
506 525
57 82
330 409
179 190
86 430
85 271
58 250
221 522
347 352
231 455
7 168
167 529
333 540
105 396
92 244
31 575
71 377
324 399
214 370
144 225
178 207
263 434
114 565
149 239
30 341
149 151
439 492
324 563
132 262
113 424
107 567
291 557
115 148
195 255
38 207
4 223
1 272
200 229
559 571
19 332
60 399
132 331
63 203
160 426
83 448
64 344
255 582
445 556
110 185
92 379
312 330
27 447
14 458
102 510
40 358
414 430
177 422
10 228
27 140
111 330
126 438
45 599
161 259
28 102
354 475
312 344
297 552
107 589
7 235
147 172
103 150
93 537
238 291
418 590
18 446
141 577
55 396
310 350
302 476
270 587
370 579
252 402
71 405
191 558
94 221
220 398
179 333
74 307
190 256
291 315
210 442
396 548
250 293
81 404
129 314
27 224
59 166
330 386
165 587
356 453
6 155
54 563
163 519
559 599
192 547
120 548
97 363
211 462
278 563
181 290
240 466
342 499
242 537
266 586
24 279
541 583
373 519
321 448
19 591
213 350
121 380
57 182
190 258
366 370
88 474
281 332
152 256
397 536
319 572
404 481
296 541
498 576
116 582
196 530
568 569
56 127
51 589
131 242
201 568
504 530
219 242
104 135
302 405 188 491 122 164 508 216 112 421 107 251 315 176 247 107 302 308 258 483 312 415 497 15 590 263 244 426 64 359 103 32 381 570 486 404 507 478 240 340 409 518 155 15 25 408 585 296 503 356 550 2 412 260 465 241 219 259 472 598 294 40 310 305 268 428 527 202 509 236 200 28 215 383 20 102 152 440 282 277 282 216 194 258 288 429 339 328 367 152 141 188 556 231 60 538 412 430 183 229 280 265 342 181 387 473 421 93 553 5 548 565 588 456 367 11 431 183 501 133 30 124 414 485 307 545 87 548 479 492 176 146 345 266 582 544 222 494 471 235 423 356 553 357 191 104 86 364 419 594 90 576 53 495 268 531 259 117 228 435 386 553 382 517 304 511 279 593 216 361 70 169 204 342 527 525 93 532 553 533 140 193 85 318 26 165 331 323 96 308 96 56 583 305 354 74 535 70 530 489 179 363 444 499 307 466 224 56 399 133 374 571 98 255 290 29 571 431 454 172 201 211 271 207 457 96 292 120 122 469 598 553 150 451 285 25 386 298 507 30 152 197 397 275 545 426 39 168 128 295 50 357 40 110 513 343 536 439 139 312 542 488 232 250 1 556 548 290 185 292 249 76 499 446 158 276 28 247 254 447 333 87 520 21 107 59 458 476 83 270 438 362 106 467 163 586 132 41 193 347 145 405 454 197 505 487 328 219 7 154 542 268 105 95 460 180 209 505 486 252 113 470 162 129 205 403 494 146 263 541 586 414 140 420 347 302 30 263 181 394 66 438 67 401 119 345 478 564 48 143 175 239 455 57 367 248 20 394 114 592 491 370 503 371 205 533 578 244 214 127 454 353 289 236 281 95 49 537 526 423 141 564 95 180 338 444 57 187 101 494 59 44 472 400 199 542 360 236 533 190 120 82 247 298 296 582 202 562 38 154 475 96 489 287 488 105 5 57 197 307 369 32 208 533 56 432 362 382 146 597 173 351 310 475 517 131 424 157 276 177 448 155 575 126 176 224 587 330 522 591 233 489 574 403 469 405 339 194 191 12 217 533 542 146 74 521 296 341 311 11 81 190 80 455 193 412 557 112 314 359 508 412 2 454 384 544 186 156 78 110 274 313 157 509 154 124 580 558 451 405 51 327 384 275 500 449 446 102 562 405 186 484 506 57 219 464 165 332 3 99 398 238 20 249 349 11 566 533 407 441 158 253 92 71 258 380 236 133 98 279 203 399 265 343 217 559 116 107 141 28 118 314 432 591 236 495 94 341 81 83 226 285 351 220 89 552 419 163 31 87 84 88 189 49 118 158 328 322 488 579 77 445 125 71 25 347 506 516 82 332 162 327 3 239 185 152 316 401 381 490
514 601
643 595
104 837
842 520
916 616
775 708
830 935
122 959
565 559
640 927
937 411
365 752
767 148
582 77
199 156
428 708
388 43
619 168
567 137
339 109
536 574
507 904
882 605
551 273
363 408
930 761
760 730
427 547
547 608
326 156
691 941
335 696
857 720
757 547
64 963
692 306
216 923
520 759
975 886
762 255
842 767
551 61
508 985
414 938
986 747
138 379
475 892
200 114
907 286
623 553
349 360
991 369
138 255
202 810
291 578
83 30
599 433
294 817
319 14
428 218
339 595
475 278
29 884
655 175
859 570
338 920
831 831
757 97
845 266
178 911
627 626
718 453
756 843
519 66
193 781
36 658
176 831
894 89
980 613
334 450
699 144
16 968
270 801
726 879
894 909
60 797
462 238
193 202
295 279
787 174
284 191
143 655
710 387
686 777
943 733
802 818
896 537
634 382
460 34
411 169
432 581
463 429
562 641
44 486
274 775
46 63
414 882
921 432
932 990
254 993
196 19
929 507
650 241
856 152
57 449
84 202
469 777
877 234
445 359
87 574
98 124
401 99
797 615
731 508
603 692
460 3
134 163
581 380
378 887
282 507
207 853
586 794
528 857
586 904
603 519
222 767
322 72
196 86
752 304
3 158
440 520
180 715
491 523
736 395
341 775
617 3
324 245
218 179
71 235
212 600
88 494
156 537
578 957
934 828
98 275
806 913
717 772
853 48
604 608
248 100
177 59
917 867
16 193
481 365
588 990
130 529
476 161
5 724
141 932
855 687
28 385
848 456
206 231
213 723
824 137
300 442
561 931
970 96
985 993
777 987
874 206
803 488
345 839
930 249
383 275
133 15
768 627
393 805
946 644
403 596
673 988
910 333
68 554
6 432
933 166
445 731
554 492
142 895
563 816
844 607
771 524
643 120
758 771
704 184
553 745
824 880
160 24
989 915
996 784
79 165
877 112
6 777
240 197
294 910
765 68
89 326
681 355
411 437
86 696
617 796
168 438
899 660
179 942
865 628
381 533
312 786
145 841
12 354
935 348
766 498
820 981
253 325
618 308
264 939
617 742
115 897
536 171
882 388
100 639
182 635
929 81
369 859
644 795
551 90
719 339
632 873
37 261
777 217
822 637
421 681
292 13
21 804
479 829
286 132
342 998
478 743
632 965
599 462
556 991
849 863
648 461
774 597
544 777
632 697
23 927
406 288
289 540
307 874
111 54
411 245
228 570
124 796
652 570
54 397
889 842
509 713
479 127
916 198
272 596
385 458
996 448
469 98
390 217
638 209
503 678
469 616
586 871
24 307
806 776
146 132
828 478
49 600
449 1000
282 81
504 474
701 751
994 202
81 877
88 400
220 33
692 33
339 538
733 684
527 341
729 535
553 447
980 8
173 800
820 583
184 752
246 824
32 217
923 548
238 735
317 519
71 645
561 348
122 443
696 69
158 322
363 699
684 868
57 201
449 326
328 660
583 845
6 76
551 674
541 299
510 141
965 554
532 916
354 131
874 980
49 745
425 914
477 927
527 456
393 769
312 483
10 685
718 984
701 643
272 894
923 579
401 707
635 27
39 540
967 279
412 335
263 854
580 298
20 505
216 880
957 303
806 536
742 636
814 437
882 746
968 842
377 610
969 331
814 345
664 326
972 420
623 845
727 50
863 930
441 875
92 797
805 16
788 735
79 913
388 357
139 602
725 731
441 827
694 496
120 702
658 393
431 87
328 390
940 20
40 575
38 93
797 82
947 606
63 330
599 190
733 803
681 451
985 670
792 883
217 258
37 702
189 335
92 83
410 6
156 465
372 645
846 806
14 248
503 868
768 933
130 995
711 417
356 961
249 398
978 959
990 506
681 606
253 636
698 529
259 475
491 234
263 233
379 9
795 54
183 598
401 653
625 271
159 620
997 85
406 522
826 182
109 28
204 57
719 16
131 218
513 287
500 195
899 408
809 705
478 666
667 660
10 124
809 317
454 802
164 177
576 51
623 69
530 370
926 107
569 252
829 228
780 383
590 119
363 562
664 901
433 633
748 354
348 257
171 222
794 653
872 471
282 347
401 842
749 224
242 161
365 235
589 750
510 258
26 845
65 302
750 583
450 492
885 15
932 139
494 5
851 326
204 293
929 303
367 439
206 979
340 304
998 285
705 709
548 531
374 991
889 263
652 427
181 998
200 400
556 887
733 128
72 768
118 406
178 876
753 958
57 680
658 82
452 651
588 24
904 370
277 311
903 966
874 809
350 489
685 807
721 572
395 735
600 568
346 2
764 814
511 553
966 805
690 209
761 186
543 24
653 287
520 640
484 580
524 110
721 853
782 457
377 167
382 680
244 15
383 323
441 408
565 410
381 948
895 721
211 471
299 327
706 231
226 495
145 753
953 926
5 631
533 508
433 61
920 918
148 963
205 441
199 686
425 36
673 739
806 111
469 474
896 1000
975 168
432 977
425 779
705 280
315 845
36 776
66 520
48 150
684 8
69 837
536 703
52 897
487 61
755 440
861 416
829 400
93 608
877 340
218 343
868 285
144 67
378 67
321 632
315 182
8 479
819 253
948 468
617 114
676 107
0 384
229 310
178 287
125 93
853 99
311 709
654 836
209 661
535 954
852 21
306 943
301 652
494 801
959 202
996 33
232 58
261 557
139 488
769 902
960 381
160 583
373 108
248 705
253 965
321 896
980 704
281 977
2 596
911 465
159 350
