600 1605 600 796 5
225 330
236 533
435 573
309 448
202 233
29 512
357 550
165 478
105 235
72 597
238 560
29 89
14 286
459 509
410 460
9 589
339 403
239 476
134 353
124 167
63 403
106 468
5 295
422 438
9 128
525 593
79 137
101 241
26 50
117 583
24 137
193 327
235 491
418 547
142 263
391 567
46 424
90 517
455 485
157 202
62 453
545 556
7 383
397 448
289 463
165 587
494 528
290 498
169 278
100 543
517 539
86 533
299 512
96 423
175 358
295 533
8 114
16 89
104 385
405 489
226 476
213 350
322 585
176 353
102 166
155 319
176 234
8 365
127 240
110 325
563 595
59 494
151 305
289 562
341 559
259 396
514 524
69 357
289 492
156 457
439 578
55 173
165 486
532 569
136 531
262 506
428 552
19 450
408 534
36 403
57 226
149 436
245 416
131 310
337 542
357 514
269 330
336 460
81 533
127 461
307 415
319 343
188 375
124 394
66 583
74 215
267 293
278 376
47 440
151 528
55 372
240 580
151 444
166 377
101 222
386 494
362 527
262 522
171 196
333 529
333 525
525 571
53 590
54 332
5 466
65 249
7 515
25 427
384 406
6 526
13 329
3 151
69 363
121 249
388 489
509 556
109 247
112 175
61 276
29 187
22 354
109 373
430 544
37 292
116 227
344 394
105 584
533 574
314 326
379 429
26 54
67 95
137 467
4 365
294 458
377 516
313 472
286 537
69 335
49 518
227 581
9 380
38 342
158 384
127 178
116 235
177 405
56 475
289 468
205 499
70 220
300 382
160 245
75 273
229 397
149 185
18 233
372 445
250 455
58 597
147 177
1 406
131 223
107 345
275 461
335 541
197 463
118 538
468 562
84 249
228 234
190 279
126 295
62 597
40 180
177 489
199 586
247 373
81 243
145 438
313 516
33 358
403 511
37 142
312 517
98 293
99 339
210 496
141 393
234 407
484 486
133 183
289 599
283 304
25 582
581 592
447 457
261 579
369 471
501 558
334 429
46 482
48 539
422 528
154 383
524 557
44 372
11 35
4 60
22 493
94 146
267 322
158 189
172 520
198 546
114 160
58 452
136 193
413 488
39 202
440 565
287 329
271 437
147 484
27 156
481 583
226 523
399 405
82 346
260 324
5 532
121 181
152 379
537 571
131 442
9 504
275 581
410 567
256 425
542 557
112 358
16 328
145 197
150 511
199 248
85 322
157 340
163 396
314 585
94 159
43 219
402 462
375 475
308 497
82 534
285 398
68 342
14 288
459 556
210 448
549 565
134 592
72 120
103 531
417 456
191 256
213 369
152 334
61 164
179 510
60 358
440 570
400 492
153 207
299 520
193 531
178 495
119 188
224 551
133 394
92 407
6 437
157 433
29 490
135 194
244 311
194 578
339 573
41 468
272 578
404 595
363 554
270 451
213 507
36 50
27 233
542 550
258 381
53 325
336 484
88 461
3 242
159 361
365 596
340 446
186 599
25 157
100 307
311 348
30 347
8 245
229 554
305 328
35 252
188 330
95 530
374 382
61 72
165 336
12 387
97 457
373 408
236 394
176 412
280 509
113 224
144 316
317 367
109 542
105 491
334 423
14 212
185 192
218 560
467 506
473 552
39 510
225 269
319 372
141 291
374 512
19 309
194 272
61 591
463 599
164 497
43 57
135 456
170 376
470 524
373 436
28 67
520 548
25 180
138 268
92 383
514 550
506 522
118 395
360 421
285 411
164 232
213 434
93 187
425 530
210 311
47 561
156 215
155 321
31 298
291 485
346 542
161 545
145 186
76 572
383 486
22 193
14 590
174 362
4 385
104 219
70 251
143 261
538 598
89 187
78 432
270 528
139 163
158 538
489 584
132 343
490 512
229 513
99 455
296 412
91 171
45 159
72 453
160 416
189 384
14 231
22 90
47 570
170 278
3 65
95 546
88 275
404 436
513 541
305 490
125 410
282 399
23 404
89 305
404 518
468 558
20 58
98 267
279 293
144 238
336 486
126 211
59 555
116 491
28 389
281 367
296 475
271 295
220 558
351 554
55 586
249 599
17 452
211 526
248 489
302 393
168 294
90 354
351 363
107 163
483 488
200 537
128 524
258 285
454 591
173 274
271 574
121 564
406 503
180 261
459 545
233 521
308 348
467 534
74 501
12 544
218 316
180 427
69 514
200 297
307 442
190 276
35 169
261 267
161 561
182 435
203 442
10 122
45 237
102 516
54 79
260 415
106 558
56 228
26 549
1 364
57 415
459 578
86 453
56 419
353 482
128 351
298 401
87 182
361 430
151 181
64 264
205 555
261 409
44 540
10 452
517 544
213 477
1 462
172 374
141 323
113 171
535 546
11 169
394 409
112 233
40 531
310 324
377 429
425 473
366 593
198 237
491 584
321 343
268 439
85 279
186 564
284 331
16 305
305 371
427 582
184 464
2 311
14 294
7 56
63 573
85 276
83 97
405 407
36 99
259 345
214 499
60 215
2 313
211 437
381 398
285 433
76 418
181 186
204 464
244 472
300 374
69 550
55 338
124 453
497 591
52 556
352 553
39 521
93 325
187 300
281 317
270 386
136 327
155 343
305 553
315 382
102 572
328 444
371 593
133 327
16 444
207 211
316 566
338 378
288 382
523 577
223 415
257 385
393 435
111 210
262 467
326 516
295 574
518 595
315 325
191 283
286 406
111 259
67 389
452 479
166 325
61 497
378 580
494 499
59 444
92 405
49 541
248 341
490 548
367 433
456 594
111 496
254 577
66 117
154 413
145 181
65 242
150 403
461 532
418 505
95 425
117 481
73 164
98 261
104 265
400 468
254 476
287 422
419 475
321 460
443 595
202 340
122 479
78 159
330 475
84 140
289 400
77 404
221 561
418 451
209 331
56 356
282 584
244 309
120 124
38 44
188 296
287 451
73 85
395 538
70 465
146 361
46 353
454 597
106 195
529 571
520 537
33 433
17 479
271 301
403 573
476 523
306 392
140 246
63 238
199 491
223 307
281 392
354 370
53 423
402 503
131 260
391 568
318 450
378 461
20 139
243 533
202 521
353 424
553 576
279 322
17 139
69 337
270 494
53 334
64 476
99 403
42 75
349 511
252 376
238 316
100 203
277 481
140 553
251 465
479 575
130 504
228 412
338 586
142 563
258 398
154 488
148 229
34 124
300 315
317 433
33 320
273 389
329 521
368 431
88 378
466 569
155 540
31 595
381 385
208 313
369 507
63 435
126 437
95 198
384 395
138 185
220 251
133 301
132 460
78 269
401 448
493 531
61 230
383 587
16 93
350 509
358 398
174 420
45 198
30 454
11 31
329 451
118 462
237 387
251 457
134 424
75 389
413 587
217 522
350 507
183 271
228 296
147 405
371 490
133 574
8 219
225 283
293 322
93 555
143 582
449 495
111 396
96 212
218 238
225 304
119 431
214 572
42 530
217 506
180 409
262 436
133 271
16 187
30 591
11 263
122 240
446 582
179 579
378 491
423 590
488 568
353 359
525 598
414 443
18 33
529 548
21 309
404 563
330 375
411 433
80 178
93 444
564 599
137 332
466 581
346 408
113 551
434 471
274 551
330 356
399 407
52 144
25 40
394 574
117 594
22 281
430 480
231 589
172 299
298 448
405 486
329 355
34 394
261 487
24 467
25 367
149 292
116 378
84 576
12 146
303 553
113 117
166 334
23 518
268 459
338 580
87 323
188 283
368 390
138 292
280 594
280 417
178 449
128 514
385 398
281 493
208 497
123 217
296 482
387 535
26 217
446 510
12 237
0 253
311 313
348 497
281 536
483 568
45 432
71 282
122 575
142 595
401 595
291 323
26 123
212 590
363 514
0 421
250 485
15 429
184 515
57 64
341 489
443 513
80 86
307 523
312 539
77 292
17 91
50 455
91 196
132 388
235 282
277 519
6 201
86 124
201 552
333 548
171 551
277 469
196 575
194 456
80 495
138 561
246 366
83 329
109 337
49 335
91 135
15 309
31 163
417 594
57 260
13 465
354 535
290 522
480 517
222 310
243 295
288 537
352 371
349 570
521 547
342 469
242 303
17 252
270 287
232 585
218 566
21 377
67 273
12 370
148 363
76 214
349 440
109 436
38 540
98 167
388 559
96 450
164 585
83 233
9 130
11 142
43 64
28 535
326 585
339 393
212 294
346 557
447 558
177 388
63 150
435 560
209 307
138 221
520 571
171 594
414 448
137 534
203 241
359 592
52 545
92 234
75 327
86 236
6 552
183 327
208 348
309 450
490 520
481 502
32 346
173 580
202 446
138 278
31 111
46 500
134 359
510 582
5 243
99 250
43 416
424 526
23 337
17 196
93 110
360 547
227 592
239 264
36 549
336 410
69 148
129 289
189 598
139 252
77 563
486 587
30 107
76 451
269 304
400 558
215 447
167 190
561 570
462 588
349 545
144 566
203 307
248 445
34 409
186 463
329 547
71 584
249 564
302 339
222 312
101 430
107 347
350 502
102 205
165 410
413 478
345 396
286 297
355 418
32 137
379 423
129 599
216 336
27 97
37 263
177 216
72 591
176 407
176 399
318 351
116 282
156 175
222 241
196 479
116 581
164 276
213 566
102 214
206 471
120 230
277 342
209 523
183 301
93 315
495 532
380 589
20 107
373 534
111 298
356 419
270 422
266 277
431 482
43 245
473 500
461 466
115 566
197 400
386 451
269 362
488 515
236 574
133 344
100 284
114 245
333 593
384 402
27 83
114 596
146 544
123 522
37 77
258 306
266 502
322 579
43 264
203 543
140 576
58 178
487 579
145 463
198 256
152 429
135 252
212 318
487 582
331 577
108 445
235 584
101 361
79 217
41 114
91 456
514 557
112 320
128 470
390 425
199 338
444 494
229 541
248 491
45 527
172 537
417 578
80 81
0 76
20 597
184 483
441 498
511 565
444 528
38 68
49 513
169 376
445 586
265 365
382 590
52 150
351 380
0 572
102 326
116 275
195 501
94 361
239 254
125 478
174 269
370 544
209 284
240 274
185 262
220 447
449 532
68 519
3 121
15 379
109 346
283 330
44 224
526 592
368 473
21 472
197 438
545 570
18 157
103 344
97 465
268 578
130 364
482 500
567 568
18 433
197 492
303 576
304 420
19 229
176 359
379 450
0 585
57 476
341 445
282 359
120 453
556 566
308 496
179 253
173 338
268 561
72 230
31 142
50 549
253 585
441 522
256 304
280 459
219 260
53 382
67 530
0 360
397 414
403 565
284 307
257 381
234 383
31 401
114 195
50 332
47 498
233 320
275 378
62 80
48 392
182 393
323 485
278 439
201 428
112 156
124 236
198 420
303 305
2 208
28 193
7 464
71 489
158 598
201 473
76 386
119 283
259 308
19 554
40 367
210 298
266 471
103 136
193 493
350 594
224 274
6 271
125 567
206 266
478 568
6 42
436 467
91 252
1 402
159 237
420 527
291 339
393 573
231 286
206 434
81 86
153 526
174 304
250 291
401 443
258 411
98 190
350 481
63 144
330 419
74 596
185 292
22 535
70 197
223 442
191 390
461 580
36 51
11 139
283 431
329 418
231 406
11 163
206 277
24 79
311 472
309 472
167 261
246 553
337 550
373 467
229 414
101 203
308 591
168 380
40 344
38 519
477 560
325 334
198 527
143 427
87 435
444 555
66 469
371 553
463 492
522 549
13 287
29 300
138 263
148 554
64 239
247 408
127 449
160 562
447 501
237 546
167 409
74 195
25 433
146 430
274 580
4 104
140 249
168 212
23 49
14 458
372 540
476 577
185 441
151 328
30 308
190 508
30 259
91 594
222 480
525 529
10 58
306 317
48 90
231 458
480 544
30 597
120 190
9 470
318 554
4 596
76 505
352 366
319 341
360 505
74 114
134 526
450 554
255 386
222 257
17 20
246 352
13 83
163 345
288 590
42 327
370 517
151 303
296 375
241 310
483 515
10 127
130 470
39 547
141 182
184 204
32 82
384 588
290 441
135 170
241 442
243 495
62 178
33 285
1 130
311 496
360 510
52 349
267 579
28 95
215 596
296 431
79 332
191 368
78 362
162 166
172 288
103 133
71 405
341 388
317 392
464 515
290 549
424 552
377 472
181 528
184 426
32 534
369 434
257 258
38 155
89 490
73 585
127 532
343 559
359 399
189 297
68 277
63 560
318 380
210 244
193 389
124 508
256 390
221 441
228 383
132 559
10 178
297 406
295 466
115 218
391 426
201 530
324 385
426 483
10 479
65 576
266 481
299 374
237 535
526 552
478 587
274 575
314 516
191 304
206 519
15 450
8 43
58 62
3 181
130 524
96 318
4 358
39 360
306 411
167 508
571 598
100 331
478 488
473 530
153 592
348 496
107 597
113 469
309 397
1 503
104 365
180 344
170 272
161 268
27 457
126 207
110 166
26 522
85 164
42 273
194 417
443 518
143 487
75 193
216 460
282 592
262 441
1 231
499 555
110 162
148 335
190 293
417 459
166 429
179 360
164 208
310 385
395 588
356 464
195 468
455 474
120 508
151 242
487 510
47 221
73 322
148 541
7 154
8 265
248 586
275 466
90 539
50 54
22 28
368 425
362 420
414 513
42 201
232 314
77 149
205 214
15 21
50 51
216 484
224 469
61 120
509 566
12 94
471 502
153 581
498 565
367 531
248 584
280 350
121 186
326 572
113 594
96 590
65 121
228 475
255 499
78 527
169 263
115 477
29 374
333 371
261 427
95 256
185 221
332 455
106 501
426 568
287 438
189 571
438 465
41 160
231 294
513 518
0 505
97 251
200 571
26 79
297 537
317 411
57 523
256 420
159 432
272 439
156 447
34 167
332 474
92 486
122 127
120 276
469 583
412 482
277 583
141 302
173 224
395 462
24 217
104 324
415 523
22 392
62 72
197 220
71 399
291 302
310 442
353 412
115 213
83 521
392 536
192 262
87 141
107 139
290 565
253 322
232 516
220 457
19 397
157 233
355 451
7 228
23 335
204 426
90 370
222 430
109 408
204 356
131 415
319 559
354 387
23 109
209 577
276 279
18 320
81 495
119 296
48 312
383 413
287 465
263 292
478 567
215 501
130 589
213 509
66 113
207 526
27 112
176 228
313 377
550 557
440 511
125 165
257 310
240 575
111 163
319 445
207 581
114 365
60 596
25 340
23 436
283 368
177 484
36 565
170 439
77 436
135 376
28 546
152 423
72 454
368 500
288 374
154 515
197 465
77 142
208 516
110 555
470 504
221 498
352 593
185 221 545 426 112 537 17 392 565 354 392 532 85 341 119 575 283 594 571 522 337 37 329 195 178 251 162 310 248 61 396 328 15 499 522 365 19 524 142 501 396 338 588 400 36 140 572 278 589 264 481 405 460 121 413 317 521 131 261 406 438 10 124 411 524 350 360 293 243 446 349 37 8 464 70 312 187 401 226 173 223 274 456 584 409 387 293 424 21 532 188 44 46 253 94 556 586 205 519 313 161 409 481 526 152 179 105 272 282 433 71 47 286 236 154 506 422 215 192 444 108 9 147 426 588 451 399 252 42 383 55 171 190 10 333 14 397 591 162 571 394 504 228 259 48 249 541 399 417 177 305 377 599 264 293 414 357 97 282 523 152 268 39 301 474 534 61 204 206 397 347 527 79 383 445 571 173 374 580 534 599 366 175 461 583 201 247 42 331 175 290 307 537 218 245 80 194 145 463 31 258 391 50 125 592 303 38 554 165 132 189 381 457 10 165 0 506 469 43 576 129 399 541 431 222 439 185 276 561 404 209 128 111 129 195 296 240 518 315 227 598 571 1 462 226 522 487 374 231 92 421 541 277 449 134 0 154 180 584 69 112 51 100 69 60 244 325 215 69 515 473 492 16 253 198 39 0 222 527 106 33 95 218 462 222 436 83 419 345 34 500 208 92 98 84 329 479 386 516 391 56 510 12 22 363 4 45 237 384 441 408 230 372 188 393 101 0 242 161 158 212 480 290 253 251 361 406 402 378 240 158 265 527 316 356 65 484 281 174 20 147 348 304 571 157 346 405 365 175 250 565 78 587 162 330 111 382 228 529 433 596 537 135 66 324 587 511 111 75 331 55 272 88 280 313 411 331 457 436 156 50 445 358 191 215 81 238 41 418 568 24 496 510 196 190 34 182 186 488 308 397 468 440 215 458 574 326 78 19 140 229 429 274 195 438 383 315 362 415 237 347 298 383 478 392 121 154 558 579 271 39 162 333 258 151 306 508 520 80 268 158 591 127 72 111 531 212 472 446 148 450 173 356 554 86 91 470 549 562 7 244 131 225 554 530 68 260 461 156 365 247 91 324 164 232 473 91 460 539 297 172 268 407 499 123 575 7 412 353 55 228 262 269 307 557 258 29 448 372 473 114 236 454 29 255 524 56 484 14 378 176 84 4 501 401 113 348 77 200 436 482 157 165 237 322 295 177 135 493 12 280 131 151 489 134 377 69 4 240 476 587 129 94 2 281 230 45 583 222 155 450 57 378 453 191 573 22 297 350 416 220 48 143 69 262 52 336 595 305 166 593 82 495 1 420 308 264 180 202 71 275 136 102 404 149 478 284 152 108 152 266 431 173 237 272 472 57 386 195 510
323 514
179 966
434 655
107 603
193 216
671 406
619 261
824 87
95 171
342 942
664 501
636 672
438 71
193 423
250 875
379 771
158 710
699 584
269 300
418 822
649 582
364 736
436 196
548 874
677 918
362 333
791 920
187 335
481 161
165 763
557 594
538 738
628 992
242 283
503 388
673 659
837 907
616 734
982 435
282 422
426 315
27 298
566 246
58 132
931 456
501 55
714 200
782 816
331 193
521 869
802 945
851 934
864 775
244 788
787 973
905 432
797 66
117 93
638 529
192 622
173 235
508 554
601 497
951 832
23 69
82 588
864 544
524 185
981 507
462 934
129 431
857 266
559 538
407 530
93 260
524 230
280 542
629 782
545 9
726 972
613 457
605 423
591 993
217 390
52 598
434 522
577 428
997 965
771 393
144 742
380 184
742 609
857 215
236 701
423 28
523 123
290 818
173 371
453 437
888 913
212 18
306 39
309 613
490 302
181 174
828 312
88 326
613 597
924 377
542 941
276 654
544 685
194 297
830 558
63 210
954 729
787 325
864 582
26 980
672 132
537 488
73 560
716 486
758 914
518 415
972 119
650 315
693 463
386 947
21 479
295 962
211 110
952 296
520 308
735 240
743 666
511 282
659 949
732 759
658 621
20 646
960 929
588 739
370 401
904 804
87 481
393 68
906 210
443 885
649 805
899 833
124 644
315 758
714 302
880 95
991 397
157 301
305 322
45 915
462 14
10 259
800 770
300 642
599 662
448 570
954 148
327 672
484 427
315 878
677 687
707 695
774 608
118 825
816 457
609 36
174 279
802 198
910 267
635 477
356 469
431 359
117 537
993 917
562 275
862 22
710 796
71 525
191 731
688 101
66 888
477 489
632 97
680 838
492 231
763 689
62 311
766 548
105 451
522 85
854 371
98 868
605 234
282 373
254 27
826 0
263 627
999 587
678 310
432 617
122 22
476 701
652 265
297 854
913 703
277 583
134 261
957 237
721 924
966 762
142 130
108 372
751 799
311 86
202 84
901 472
664 70
91 72
759 307
780 116
437 845
538 514
234 936
398 594
228 349
829 163
811 291
558 373
477 95
934 805
2 50
738 471
286 56
93 635
645 390
445 732
37 170
15 680
588 928
870 341
29 582
889 972
145 395
708 609
351 496
24 22
250 568
563 97
293 134
294 206
536 643
153 106
420 405
688 868
653 719
10 115
154 156
949 595
418 443
778 741
664 23
192 526
577 301
737 692
560 220
791 488
764 352
479 538
953 536
701 723
457 507
837 671
416 251
788 263
655 112
178 14
267 249
173 875
178 467
220 851
29 414
760 863
913 944
657 777
457 472
277 902
628 360
730 128
126 882
503 727
113 799
199 781
546 302
929 922
90 664
631 57
106 702
344 231
208 47
493 610
413 763
260 112
445 685
339 125
400 683
365 582
231 759
934 755
365 265
339 844
953 371
219 305
991 296
401 491
954 990
197 143
308 695
335 600
512 256
159 682
216 442
693 75
147 10
774 1000
29 787
296 726
493 881
990 195
499 935
843 431
902 890
324 347
911 341
947 477
979 328
462 332
557 623
550 999
581 610
461 635
842 816
888 671
354 881
37 717
746 206
423 149
215 474
797 11
464 966
231 249
766 237
307 456
379 22
569 22
397 896
257 995
139 193
12 709
384 303
640 145
957 658
401 132
69 740
932 410
610 903
160 790
733 102
703 667
373 692
795 410
341 775
323 904
263 185
219 820
880 135
125 923
241 168
221 532
450 132
920 301
501 203
609 119
997 7
384 224
950 900
529 365
63 987
574 643
448 805
242 222
815 230
70 390
505 772
133 971
898 859
591 832
881 235
178 920
834 201
595 957
467 375
999 149
325 255
765 172
901 114
478 805
164 77
6 145
805 663
262 470
742 51
577 57
325 475
160 488
286 790
691 228
585 131
920 8
402 374
618 206
333 731
354 63
678 159
489 15
288 279
987 652
995 865
642 866
624 316
119 473
732 724
832 850
744 833
241 78
519 803
162 651
898 381
331 387
123 311
472 757
666 450
377 801
214 502
683 551
584 467
560 565
861 960
769 636
155 350
250 914
819 706
985 250
739 403
115 998
51 472
827 59
154 423
686 348
646 894
39 364
924 510
389 979
981 615
401 710
616 180
820 974
753 77
54 66
986 718
952 100
696 528
362 94
921 583
737 173
898 46
932 219
923 992
911 181
369 430
922 86
889 292
106 771
828 348
64 440
443 239
189 583
649 428
486 655
474 584
788 844
222 586
702 172
95 297
914 622
160 946
337 968
278 494
702 893
922 661
510 463
883 709
339 418
863 848
132 781
478 834
434 968
865 61
357 631
376 142
551 844
993 541
91 817
247 411
737 890
95 37
414 997
6 850
679 256
541 45
147 530
38 815
554 188
450 277
687 428
593 387
620 939
452 160
418 222
127 853
9 937
353 165
962 412
468 868
516 994
289 16
396 97
836 770
492 132
254 441
58 781
778 888
496 969
787 519
643 235
64 685
390 870
191 652
863 732
442 997
86 352
954 345
995 798
768 765
10 378
587 790
33 545
817 877
909 744
973 66
954 41
696 384
818 802
65 861
316 569
964 860
561 342
736 532
69 618
70 11
787 708
396 461
792 438
728 324
356 378
906 539
844 289
355 550
864 402
918 140
91 959
282 935
244 832
527 573
739 285
13 754
800 612
547 786
139 223
603 557
4 896
14 519
