600 1531 600 640 17
18 165
161 175
48 49
28 129
213 336
322 346
23 320
104 370
53 87
79 454
25 378
12 199
78 277
162 408
196 277
274 562
226 414
402 551
68 140
85 580
9 423
58 94
13 400
86 265
335 419
7 335
387 438
32 115
85 227
225 314
176 475
138 565
84 179
503 580
521 597
143 288
107 465
4 209
389 462
58 507
54 339
294 452
179 446
546 573
430 457
435 458
93 473
178 299
345 448
37 165
213 310
211 276
365 470
141 383
467 521
45 174
52 345
532 556
129 143
436 442
184 272
108 154
21 331
120 381
192 347
382 460
117 516
260 452
88 510
88 572
357 534
69 182
165 290
304 450
283 550
197 213
235 551
126 340
98 525
84 306
71 96
212 585
47 132
157 356
78 391
60 90
50 228
388 435
51 353
184 281
198 462
267 549
178 250
203 563
422 492
21 567
211 427
165 434
134 534
74 570
282 511
76 166
292 517
179 542
239 284
135 254
150 250
254 544
68 532
177 265
114 246
292 422
248 596
30 548
47 221
42 508
238 286
415 425
273 497
138 382
198 375
185 491
52 448
477 530
242 482
61 407
216 244
247 432
217 333
95 349
27 280
239 240
22 343
300 561
7 569
61 224
168 387
7 109
52 483
322 344
224 240
353 564
122 159
107 379
84 542
342 344
135 260
430 565
315 397
404 478
96 149
240 371
121 533
35 245
77 435
68 144
223 466
5 504
290 577
109 509
148 331
227 580
23 186
72 383
313 405
171 347
73 519
116 341
261 264
246 563
19 558
164 471
462 573
108 327
386 444
50 269
497 572
528 575
334 515
49 334
280 510
191 430
480 579
139 566
484 488
222 261
43 234
237 339
499 533
381 511
12 364
151 394
188 218
37 434
94 545
288 455
250 437
43 246
183 585
175 536
318 530
23 366
25 415
397 549
319 588
259 444
168 218
2 18
169 311
93 450
66 286
296 417
91 96
275 562
243 353
186 378
166 262
424 491
23 40
63 440
211 261
219 323
389 426
77 415
83 99
40 560
17 467
139 242
226 578
161 541
266 490
240 478
343 591
255 391
75 296
379 583
504 558
124 174
284 595
335 540
409 535
383 491
474 508
70 453
82 132
287 311
329 368
9 224
112 374
2 514
253 496
43 437
220 377
68 383
22 152
371 478
223 230
327 345
385 508
126 441
399 485
288 445
66 309
17 597
53 282
1 189
446 570
186 508
395 481
181 389
354 377
463 583
48 298
237 568
327 511
84 394
210 229
111 217
334 410
311 441
184 496
77 267
153 286
9 407
323 433
256 449
167 291
102 451
61 126
304 338
231 329
211 522
307 341
17 59
37 38
198 558
3 263
358 365
89 452
270 344
35 456
187 341
15 219
359 374
119 125
194 407
571 574
42 284
179 535
67 591
326 474
149 450
118 343
8 471
419 421
190 532
327 368
26 561
153 377
323 501
48 412
397 476
303 456
183 526
29 550
235 264
99 498
63 430
139 482
156 413
138 279
71 593
454 532
82 360
169 441
49 502
276 546
213 543
235 402
316 428
263 309
2 337
6 85
192 325
420 583
170 280
561 579
393 550
4 344
44 274
256 524
392 521
155 314
373 590
539 565
140 362
271 524
460 565
203 237
13 168
35 399
94 301
384 537
198 573
182 200
314 576
345 554
268 467
378 508
30 358
108 258
1 481
18 290
39 166
396 400
103 113
501 597
81 291
2 538
189 244
210 233
299 392
41 515
4 270
430 539
337 599
101 164
101 266
201 272
238 354
197 310
316 578
535 599
195 548
181 573
55 93
101 471
35 261
129 511
169 509
461 523
86 459
0 48
83 190
240 495
296 488
5 533
109 370
117 378
26 383
480 496
323 521
157 461
78 229
297 465
178 392
46 72
201 341
137 544
112 475
161 262
50 408
90 115
3 215
209 344
87 594
315 551
34 125
400 598
398 549
171 325
173 375
195 470
100 435
75 234
128 400
58 464
255 588
203 417
419 508
41 334
248 278
127 387
328 443
241 249
82 395
119 131
216 530
190 556
442 555
286 354
456 596
21 592
78 428
217 346
111 233
436 527
238 289
263 295
333 481
375 573
24 137
214 467
323 392
91 123
360 589
72 355
216 318
338 469
186 421
18 359
296 566
275 449
53 331
279 571
37 444
64 163
379 413
255 396
154 381
107 297
0 89
110 479
391 598
152 576
325 342
104 371
48 94
17 89
69 555
347 568
97 451
160 201
405 518
278 485
146 444
136 515
231 327
67 438
289 521
67 387
349 399
136 276
168 343
405 443
111 209
27 32
95 485
502 523
31 353
35 264
569 578
154 584
120 587
173 198
312 497
206 472
53 520
75 440
287 591
165 317
26 505
241 473
498 564
237 283
20 423
361 526
64 330
61 478
362 547
326 595
250 299
251 432
243 516
266 338
249 469
408 451
152 439
73 312
191 527
571 581
154 380
341 487
76 464
98 472
291 351
445 455
71 475
105 347
90 529
37 406
275 512
89 193
27 56
293 497
41 106
289 522
284 371
39 162
276 443
153 263
0 461
244 493
350 548
313 356
260 581
265 559
426 533
56 575
443 518
413 575
252 465
231 511
70 432
220 354
303 399
245 399
112 359
116 487
242 566
123 149
359 447
21 125
4 196
57 526
345 483
35 173
446 460
108 483
138 581
466 482
202 570
492 569
0 553
57 221
239 371
194 253
198 504
61 194
364 586
29 393
125 592
126 384
497 531
134 326
159 192
276 375
55 338
356 518
182 273
480 491
151 158
60 519
87 282
59 89
68 505
357 385
78 196
163 368
117 353
10 304
510 572
383 561
99 380
259 538
255 459
171 242
212 420
165 176
370 540
496 579
47 395
124 180
2 555
170 510
43 75
219 433
479 585
7 578
251 503
355 454
71 176
29 563
271 562
83 556
28 520
193 553
189 291
331 592
300 534
333 395
46 424
119 180
273 293
221 585
208 334
486 496
116 187
154 557
40 393
98 507
10 96
185 424
416 432
330 369
242 466
94 507
331 548
3 100
135 574
196 197
228 451
225 537
375 546
14 469
256 373
163 330
242 348
28 143
279 382
182 230
75 488
245 456
340 441
94 98
157 313
54 421
337 555
114 393
47 110
17 157
130 288
284 540
217 395
346 477
333 493
97 98
69 442
136 443
65 362
439 500
256 590
258 557
71 447
283 366
278 358
90 232
77 458
184 187
205 497
77 425
6 170
300 495
178 440
199 501
100 295
100 388
169 438
260 418
366 550
42 540
258 498
17 452
285 305
363 560
300 357
420 432
335 370
160 272
167 200
15 586
346 493
86 559
11 556
300 468
400 588
212 479
61 441
175 473
181 305
151 542
45 533
16 296
222 238
411 541
420 463
205 312
134 474
3 295
39 262
109 569
126 194
0 301
430 433
288 470
25 369
42 419
182 497
10 149
151 302
483 498
210 277
266 306
259 434
574 581
417 563
287 439
231 401
262 582
281 496
332 527
101 394
93 204
103 599
93 249
106 208
301 553
409 447
272 307
317 434
36 512
113 599
114 563
82 210
197 316
175 541
281 491
50 162
99 258
24 544
169 404
257 315
100 263
267 398
95 506
294 501
320 378
431 529
184 314
499 504
100 299
32 528
472 544
169 478
147 587
433 457
174 562
185 367
356 405
401 445
16 563
193 472
84 447
263 352
97 102
117 385
202 460
1 110
141 491
132 395
306 394
60 146
69 332
120 147
86 177
27 85
364 452
348 466
214 427
140 505
308 487
167 497
389 573
449 590
167 403
239 534
157 467
161 207
227 575
122 336
16 43
33 494
302 574
58 545
38 165
8 135
216 493
24 228
45 512
113 535
259 290
12 501
103 442
187 281
149 304
456 551
139 296
193 525
223 318
248 485
195 520
171 348
107 583
130 455
122 347
449 499
184 429
214 268
319 459
400 422
167 531
239 300
189 247
62 538
147 381
229 360
67 287
361 463
297 413
308 341
62 312
241 552
99 556
332 482
130 401
216 346
371 404
57 585
291 510
204 473
419 540
238 402
43 563
178 323
268 289
248 399
315 377
256 489
13 422
28 288
98 133
24 451
65 547
161 241
173 558
263 299
39 241
104 284
30 365
186 366
73 431
234 296
72 454
44 174
299 352
311 438
485 590
82 233
491 496
229 589
101 158
174 512
64 369
127 292
199 586
106 285
79 383
302 571
32 56
319 559
13 218
506 558
217 322
335 543
193 254
74 191
117 243
202 565
101 306
146 386
155 384
447 475
103 446
236 252
50 338
157 518
326 534
27 115
162 241
0 59
62 293
359 475
191 570
94 412
191 488
261 276
162 338
176 406
353 357
87 321
292 387
345 368
69 223
427 522
14 249
377 397
65 140
337 442
96 266
137 451
379 503
82 589
332 442
311 340
203 568
7 310
300 423
224 478
233 277
1 247
28 513
509 569
206 544
165 406
422 598
72 79
161 552
172 282
396 588
43 440
66 263
346 530
4 197
210 360
175 411
126 225
294 597
470 520
96 123
40 388
312 538
125 271
140 564
248 303
426 462
107 156
287 340
71 84
110 221
205 293
353 516
150 560
272 314
299 309
221 589
317 577
151 382
267 425
3 267
414 428
211 222
102 133
77 100
39 102
257 288
340 439
103 436
59 461
48 301
62 555
65 505
110 481
427 518
128 396
193 206
412 545
463 585
227 413
188 400
243 369
332 484
58 76
278 373
180 274
411 536
200 230
80 510
498 556
442 599
363 388
53 321
196 316
35 558
547 564
110 585
191 202
330 425
148 321
15 418
6 81
120 172
401 455
80 531
11 498
98 301
10 266
108 557
154 258
172 587
30 278
116 494
373 548
8 24
244 403
302 471
83 584
291 403
125 131
115 529
327 381
366 421
125 489
152 155
156 297
36 275
0 502
11 564
292 492
3 377
263 286
41 208
384 500
383 480
179 409
321 331
50 164
362 564
131 180
220 286
57 183
119 148
46 141
353 547
163 476
76 507
349 506
20 300
266 372
6 503
8 302
401 476
218 319
200 318
29 237
405 515
309 521
47 481
95 399
531 572
359 409
33 281
449 533
414 492
138 571
279 302
18 514
70 583
492 598
437 560
141 424
133 507
324 402
23 550
25 330
225 384
287 438
98 544
421 508
199 219
248 456
385 474
135 581
336 543
50 451
11 140
187 272
13 127
382 542
88 431
391 428
44 124
125 350
368 554
65 357
56 85
499 506
135 193
92 595
54 122
169 292
275 524
509 517
169 387
40 435
23 415
142 212
63 75
45 275
264 324
204 536
289 309
83 380
173 390
264 456
474 595
459 559
262 552
150 437
207 541
70 503
510 531
69 273
192 270
418 586
383 579
520 548
134 357
264 551
423 579
249 473
484 527
165 359
25 243
97 137
350 489
145 498
305 573
7 370
241 469
261 324
15 539
60 73
434 444
215 549
9 253
92 284
193 452
331 567
201 308
194 496
14 55
145 564
177 559
72 141
18 409
423 495
358 596
312 572
309 392
391 459
441 478
34 271
74 527
168 591
88 312
42 92
200 216
29 283
266 593
351 403
139 488
282 513
370 371
325 477
60 529
40 458
278 590
426 504
175 204
336 419
257 445
258 380
89 553
122 339
418 581
113 446
508 595
190 454
188 319
259 312
177 229
97 133
431 510
191 484
153 220
103 527
310 543
6 251
298 412
112 165
196 428
51 448
431 519
64 243
235 324
244 333
443 515
222 324
328 518
208 305
464 582
9 194
28 470
129 231
313 461
150 299
189 333
283 339
62 205
320 415
35 390
199 323
290 317
151 279
55 249
217 493
172 511
211 518
84 409
202 446
16 417
440 457
25 425
122 192
278 596
103 570
10 490
189 403
56 227
269 471
223 482
381 584
22 591
292 509
468 505
492 509
179 460
306 372
336 421
85 280
284 326
236 583
511 513
227 503
52 145
172 381
7 543
379 453
380 584
107 376
23 458
49 405
330 476
2 290
257 456
64 448
291 531
30 373
27 431
377 549
51 64
6 432
20 495
122 568
109 404
11 144
301 525
355 424
142 479
461 502
90 146
167 351
300 505
449 524
350 373
84 151
112 176
405 523
200 244
26 68
22 118
164 269
1 432
51 243
4 111
344 477
44 180
146 232
46 355
6 280
433 440
108 381
290 514
170 291
313 523
361 585
285 573
15 138
1 416
236 463
519 529
47 589
54 336
236 361
169 517
15 433
567 592
215 267
121 449
314 429
382 565
247 291
501 521
163 329
391 396
54 366
111 322
129 513
143 231
159 213
199 364
504 533
229 391
8 574
63 191
158 394
166 582
155 576
87 172
419 543
67 168
453 583
212 463
16 234
155 225
51 52
252 376
81 247
208 285
224 495
31 547
22 287
178 433
432 503
468 561
214 522
34 562
179 382
114 437
148 592
207 582
462 504
146 259
288 365
41 136
329 476
3 549
19 504
192 342
201 307
315 445
397 401
325 530
8 254
316 414
150 363
375 390
93 304
139 484
294 364
110 416
527 570
482 484
49 515
138 539
56 528
342 477
23 378
415 458
209 322
126 537
315 402
8 228
288 596
87 587
115 431
185 355
255 319
268 521
105 568
212 432
261 390
232 386
144 556
52 564
237 563
49 410
177 589
17 461
197 578
271 275
128 391
227 379
102 166
69 230
114 560
505 561
55 469
200 403
298 545
376 583
304 490
73 259
226 569
105 203
131 274
242 417
6 247
226 492
34 274
203 242
42 595
233 395
18 535
499 590
150 388
195 365
166 464
160 314
188 588
325 347
466 530
31 65
130 231
241 262
397 445
196 233
224 423
257 551
43 250
12 294
78 210
489 524
276 328
86 391
17 294
272 341
183 361
63 488
76 102
357 474
367 494
22 439
127 422
60 259
37 386
84 372
416 479
221 526
18 599
266 304
193 415 135 241 517 150 575 425 527 490 132 206 452 538 268 550 135 92 434 414 271 192 588 584 579 52 429 176 502 35 348 72 390 283 598 511 389 387 570 348 283 95 175 485 256 373 371 296 397 410 406 373 423 121 341 139 428 213 318 453 500 514 290 234 582 336 326 233 231 329 541 303 308 398 561 512 196 142 394 18 127 20 338 127 302 557 499 581 413 224 504 223 32 227 222 336 590 506 291 324 1 561 420 432 427 125 69 23 21 473 169 364 563 203 293 188 186 10 114 473 415 422 555 264 162 529 540 66 483 225 458 487 342 368 405 353 214 93 53 166 308 528 113 62 326 25 319 139 22 152 197 281 465 359 300 500 555 212 587 49 343 18 184 471 441 177 220 406 460 568 256 70 584 485 486 192 172 341 197 337 292 371 261 595 450 282 81 599 23 176 82 75 484 384 485 333 353 501 213 479 72 339 251 391 122 583 299 140 58 283 139 275 200 502 248 358 237 487 390 44 331 593 9 419 235 544 525 174 513 306 488 301 574 226 385 449 234 325 464 287 213 134 87 522 374 255 262 520 79 246 563 559 576 309 9 216 307 2 584 474 585 375 433 140 584 361 436 428 385 444 3 64 75 290 248 379 461 66 122 258 288 444 495 42 462 259 574 285 531 484 56 24 230 508 65 114 381 212 499 88 359 143 597 188 6 308 522 219 205 155 477 417 548 531 465 317 449 176 278 133 19 178 453 291 337 120 439 371 501 383 53 259 165 132 203 539 453 386 449 47 229 173 525 141 394 486 419 40 521 109 138 407 347 16 329 137 302 449 198 425 446 347 322 65 243 58 336 436 418 154 336 502 461 411 44 244 528 204 163 405 572 324 142 418 49 151 398 500 297 160 567 592 454 76 233 160 401 488 463 439 334 454 70 71 566 189 516 95 365 331 355 561 315 499 252 464 36 234 71 402 462 184 450 87 593 64 495 324 430 407 44 137 238 293 271 45 238 175 371 499 117 135 253 222 85 335 307 584 409 540 302 112 406 52 541 435 249 145 287 161 177 42 287 282 67 189 494 373 457 260 588 501 284 324 424 244 528 140 93 366 127 478 190 487 54 580 518 338 553 185 404 552 280 281 222 522 599 207 546 246 548 168 156 582 361 414 103 274 219 263 101 345 454 555 558 565 450 312 59 343 384 224 329 128 389 345 109 175 535 192 122 49 251 181 41 33 414 192 534 65 459 316 508 393 305 126 480 446 285 576 574 18 481 140 176 355 471 467 559 306 439 352 262 106 472 415 60 187 597 13 45 495 139 375 19 276 287 215 432 308 560 356 240 326 53 448 494 340 269 230 453 15 183 321 310 137 80 574 517 117
609 863
770 172
851 461
365 610
582 245
212 946
864 197
456 261
771 773
225 195
956 718
116 413
594 725
441 50
932 848
659 662
550 472
558 791
843 531
265 920
210 249
104 817
296 14
393 444
757 808
321 496
139 291
942 228
120 686
490 448
127 778
219 384
992 227
65 168
81 920
310 827
121 946
980 489
968 517
823 912
437 489
462 958
383 340
549 505
32 965
124 995
30 245
696 115
592 939
526 937
856 812
208 458
168 492
60 709
437 386
962 827
963 178
731 45
710 994
589 822
947 380
264 182
851 404
627 550
234 507
177 351
453 661
359 71
97 322
749 438
852 105
938 634
54 287
918 362
686 534
592 517
759 955
349 557
562 144
82 295
846 271
839 218
653 146
16 444
858 642
901 192
579 59
28 636
912 312
616 835
997 324
979 649
353 309
981 848
643 953
235 885
955 690
774 888
697 898
55 437
425 579
839 723
765 926
749 507
338 253
571 364
384 938
956 48
106 503
405 227
735 99
632 220
927 569
787 553
473 505
968 263
23 88
288 447
329 3
18 852
32 570
151 987
491 363
998 679
14 990
75 850
257 124
402 87
501 128
114 653
192 645
34 893
667 104
729 922
294 353
695 780
433 928
745 870
719 666
637 466
135 344
60 248
797 107
159 664
79 380
155 446
968 399
6 557
11 776
983 731
479 574
786 658
230 17
364 647
27 511
204 40
970 84
525 802
812 676
530 305
103 13
910 921
887 866
199 553
863 765
923 523
806 947
790 301
398 54
337 162
868 226
597 379
60 601
330 896
65 995
945 955
964 591
613 31
539 586
802 592
15 921
339 997
785 374
760 23
127 126
13 205
371 409
64 111
473 34
756 210
24 370
660 548
555 318
672 799
210 139
107 746
580 214
512 256
307 942
601 671
761 328
66 5
707 576
572 396
993 913
827 385
711 842
898 976
410 973
620 261
605 122
445 827
809 80
493 329
472 772
325 604
701 274
667 219
446 18
629 645
349 678
694 68
414 757
705 379
256 215
202 105
450 207
956 141
791 829
581 90
750 365
145 606
997 381
627 165
578 489
332 755
861 11
514 424
392 717
279 267
287 233
897 896
630 413
254 475
739 252
289 802
514 502
791 203
241 796
958 880
554 545
853 162
917 8
184 171
719 795
511 80
158 857
250 710
70 467
915 423
671 764
372 805
844 950
431 637
334 783
585 30
894 743
309 567
493 725
816 789
562 276
109 900
105 66
770 403
50 917
158 942
426 865
598 162
188 785
748 669
902 239
102 149
69 640
472 403
333 283
379 969
383 677
320 61
194 700
445 712
881 469
815 239
415 160
810 417
569 753
406 620
612 489
988 53
578 997
498 596
209 279
646 893
753 709
265 819
949 775
381 998
881 708
62 53
3 13
491 654
484 284
324 124
864 366
521 868
145 61
272 673
508 217
912 482
725 325
504 13
349 466
30 712
658 263
555 658
371 758
605 336
319 334
98 566
456 872
178 585
279 556
63 781
692 475
714 200
480 990
425 284
441 323
794 477
892 808
498 391
278 90
32 47
616 306
361 17
586 295
162 525
685 245
547 349
638 386
283 868
123 845
794 267
462 616
228 411
352 708
2 276
501 837
252 337
188 731
877 560
624 101
794 17
155 388
459 552
629 737
138 748
404 404
9 175
128 583
260 531
380 247
328 218
890 667
154 822
904 546
366 893
926 46
325 656
334 430
941 103
42 468
42 536
743 637
94 266
235 62
282 392
994 428
392 124
420 523
312 989
336 862
539 120
523 629
462 475
848 695
683 160
485 104
264 619
283 590
247 848
462 88
205 600
316 703
752 288
370 212
509 911
990 565
233 168
841 869
835 605
530 980
960 987
612 967
980 111
492 194
350 509
768 136
562 435
688 713
411 343
853 64
409 374
434 104
197 219
43 219
302 524
232 982
453 799
531 199
170 113
664 619
948 288
824 135
597 626
945 473
391 546
731 479
529 531
324 92
252 37
573 574
301 146
767 469
473 909
948 425
233 665
748 578
880 621
196 493
178 911
978 789
796 866
605 781
912 106
51 330
216 626
283 768
625 595
382 508
544 45
735 604
564 858
278 979
824 38
773 989
963 3
663 363
512 766
171 265
909 831
140 707
796 734
691 869
939 915
313 378
888 591
242 572
645 306
301 175
766 95
116 210
720 169
652 437
139 492
654 492
206 814
154 137
1 45
638 519
96 875
943 743
72 217
450 173
713 236
39 131
249 248
141 181
822 353
109 469
214 913
264 63
553 691
583 910
885 139
261 956
170 304
266 892
700 935
357 384
411 189
880 267
88 594
92 986
85 669
857 502
495 940
246 443
367 164
470 841
952 344
71 749
503 690
427 785
539 891
144 906
672 828
723 13
720 515
996 179
964 316
672 321
862 296
55 360
192 979
275 306
822 564
994 968
232 93
879 394
690 650
402 309
933 995
797 632
458 295
741 835
647 985
399 905
190 402
92 776
293 623
429 443
285 727
867 934
647 856
134 545
783 444
63 403
70 498
298 897
551 3
489 534
141 253
92 946
529 449
154 418
698 619
601 448
67 809
522 375
436 236
733 554
730 692
877 337
346 962
754 745
989 149
168 14
905 452
466 232
154 221
925 156
723 740
844 992
890 58
0 471
767 59
647 705
17 607
487 60
647 68
203 864
345 45
38 827
922 678
9 669
353 340
218 727
547 733
465 143
801 517
