600 1204 600 646 14
366 578
96 471
35 286
360 495
408 534
16 221
149 486
290 377
533 594
144 384
171 552
266 480
25 543
159 590
183 515
176 235
36 168
251 458
132 307
99 434
184 300
137 389
355 515
177 583
112 497
379 394
100 115
359 538
65 556
278 385
68 464
216 302
524 534
24 419
55 97
210 362
69 326
202 489
392 591
228 452
103 341
215 496
144 502
53 478
258 590
206 247
31 256
350 360
149 485
237 325
94 372
177 294
264 526
405 473
49 318
254 451
344 558
205 230
314 518
152 561
124 463
450 570
130 437
438 446
9 55
132 567
60 521
65 353
203 380
8 185
358 585
77 443
256 487
158 410
253 405
102 187
97 477
445 446
38 474
304 305
30 172
195 571
127 452
252 287
177 355
26 49
37 222
25 286
257 553
108 403
53 227
370 470
295 455
502 523
138 279
120 335
485 557
466 534
147 148
45 595
189 584
60 152
43 436
410 597
141 325
308 356
120 210
69 503
138 183
180 439
72 85
488 495
226 535
47 537
151 186
399 590
218 333
45 80
200 358
271 443
543 578
363 426
13 438
396 496
5 251
42 544
294 424
224 479
178 231
359 590
70 465
414 525
71 455
188 216
59 560
436 558
50 157
33 53
140 372
15 331
368 484
253 553
322 552
123 356
226 245
8 369
251 498
26 99
327 559
95 533
267 396
6 536
215 435
166 517
107 147
54 129
91 413
373 599
20 146
332 544
106 461
327 463
93 347
80 569
96 145
129 423
96 282
281 461
94 240
423 462
28 66
35 296
34 351
87 230
140 330
58 569
234 291
327 379
289 441
311 498
114 333
246 372
237 526
136 352
404 595
253 257
108 390
84 526
160 327
91 313
302 520
48 562
278 307
182 422
280 444
98 211
349 451
0 445
339 421
64 468
184 191
307 540
151 223
62 304
49 481
38 262
499 522
274 389
88 504
48 516
405 563
88 364
216 294
142 570
98 122
144 402
91 243
344 436
325 399
204 215
203 508
186 333
86 543
101 506
54 166
44 516
26 196
76 105
202 353
306 393
86 578
552 553
235 515
114 218
95 342
313 563
357 447
223 282
293 294
20 422
0 491
431 447
404 593
74 294
270 549
471 497
127 228
35 181
164 168
165 570
21 269
295 591
32 476
70 403
50 175
35 212
2 371
123 260
129 570
558 559
430 482
412 503
197 290
99 512
509 577
235 279
327 581
169 278
193 425
383 421
72 491
130 417
31 381
566 587
395 476
125 594
163 543
145 186
409 433
93 565
214 410
187 380
1 100
266 391
3 168
470 486
196 306
43 344
7 426
146 219
450 569
301 367
332 356
23 317
257 552
119 399
405 413
428 480
18 316
83 558
238 305
139 143
341 437
22 424
37 591
390 465
48 244
114 453
26 434
21 63
89 207
19 209
155 318
72 294
239 378
52 181
224 409
249 320
84 325
350 488
334 536
209 435
44 60
2 210
12 217
143 469
146 301
468 556
363 573
320 467
217 599
342 541
146 347
114 151
169 280
375 465
239 427
165 447
440 520
376 551
12 286
5 418
464 574
265 465
20 182
211 269
179 458
354 367
90 329
269 290
156 559
153 458
236 287
321 471
101 135
73 426
246 531
338 503
340 486
256 381
255 596
254 349
429 564
296 539
418 530
25 520
44 393
261 453
431 587
27 346
28 507
163 520
117 329
117 381
276 406
333 541
497 536
175 513
335 454
296 599
243 348
226 495
41 585
48 297
50 356
245 309
6 12
32 213
181 539
432 474
45 58
28 117
415 506
190 524
175 308
21 290
54 517
303 374
252 361
32 395
29 203
77 290
546 593
331 336
313 348
164 385
73 564
49 196
26 61
63 290
42 181
47 462
283 572
268 543
417 522
265 375
206 496
319 546
240 246
466 524
397 469
404 541
22 128
539 544
143 225
232 268
112 334
108 222
131 208
320 388
241 310
19 267
45 450
392 455
323 504
343 361
59 514
78 323
256 441
287 463
232 366
321 506
214 262
110 577
223 506
374 482
249 505
59 385
240 533
274 363
222 532
18 40
155 278
182 530
101 501
179 192
456 550
453 459
55 358
89 569
61 289
322 505
497 593
105 592
510 524
0 506
263 392
267 388
100 453
113 585
159 538
458 589
67 257
125 542
15 111
279 411
118 597
51 302
576 588
144 269
142 549
154 199
106 189
108 532
245 535
107 148
377 555
33 550
421 486
76 201
224 350
34 174
88 501
78 135
96 529
250 304
364 547
183 232
118 284
86 232
80 82
494 595
328 393
71 540
464 477
156 160
227 566
231 553
219 367
160 351
262 551
55 464
97 358
220 342
138 235
134 462
256 509
53 550
103 457
517 548
69 502
207 373
417 437
286 520
127 220
237 590
198 380
23 43
285 412
291 418
102 156
5 530
315 346
24 232
485 486
353 489
74 112
115 415
48 328
369 525
244 444
380 508
190 530
10 479
511 531
447 549
326 502
270 357
389 562
128 323
383 414
556 575
592 596
408 443
312 538
192 584
350 479
296 513
231 505
382 422
92 101
173 177
298 309
51 268
78 128
439 582
321 497
87 493
57 78
129 134
182 472
41 364
15 266
4 595
463 581
297 398
152 289
260 569
107 577
262 338
8 17
237 258
3 194
169 444
92 135
194 340
67 297
285 326
420 595
60 561
387 419
95 428
415 453
279 407
281 584
459 511
282 506
154 369
155 164
332 513
281 435
38 449
387 448
67 552
277 521
37 398
89 175
209 347
1 97
57 128
314 402
160 460
37 257
247 467
309 345
511 533
84 195
505 552
220 548
53 191
6 520
423 570
343 586
226 329
213 331
64 457
77 408
88 189
482 537
523 579
186 404
83 327
185 369
105 500
191 300
206 396
370 416
44 328
114 459
313 362
446 491
188 302
313 413
241 411
21 502
199 369
315 571
6 334
124 378
272 578
11 44
248 331
199 525
303 476
214 579
138 411
47 566
399 538
101 491
137 576
323 527
320 337
167 389
290 443
205 427
425 493
42 52
173 397
34 386
11 259
184 430
427 512
169 318
161 561
167 274
11 274
18 315
56 289
513 539
120 262
182 382
5 365
4 217
170 442
475 500
107 509
153 179
314 326
24 310
158 376
33 229
330 372
75 521
35 52
379 581
105 475
56 66
201 560
363 576
199 439
424 489
45 452
142 270
174 488
305 538
191 430
22 64
148 509
284 301
464 573
202 556
503 579
144 211
485 493
14 168
227 431
137 167
450 545
303 482
361 394
275 429
93 146
3 434
114 533
24 366
422 580
292 406
252 581
40 316
77 534
367 410
341 417
39 209
307 444
230 557
133 277
435 461
501 504
13 74
236 463
338 449
337 396
21 523
26 481
3 36
504 527
72 446
16 484
97 140
273 460
380 409
259 363
436 508
204 574
151 453
435 442
145 404
133 289
83 344
319 494
63 150
28 239
3 481
4 420
304 483
407 411
355 583
262 449
49 155
67 398
134 166
343 519
362 371
296 373
157 356
205 425
401 528
2 120
419 448
69 523
216 515
38 120
191 566
135 491
360 395
111 480
252 379
338 579
57 135
159 359
251 437
324 349
284 555
249 467
165 431
501 506
293 440
152 161
294 355
288 315
336 352
46 536
567 592
23 83
187 559
29 451
197 269
360 535
494 546
311 341
331 391
9 574
260 450
113 547
284 524
88 547
437 498
143 407
14 339
82 373
449 503
93 281
14 340
287 586
233 468
321 446
77 466
299 536
109 385
125 428
564 574
90 351
59 490
120 551
434 481
40 482
148 298
10 27
227 550
580 589
325 590
162 567
40 430
234 418
140 477
205 512
201 369
96 151
306 318
38 503
226 309
118 301
146 354
475 567
148 345
476 479
47 430
154 201
336 462
190 418
211 443
154 172
357 550
13 72
230 378
62 483
131 469
45 570
272 401
146 565
440 598
155 169
244 297
228 404
308 332
111 248
183 235
113 506
5 234
227 447
40 184
248 342
500 560
236 557
54 570
378 427
141 283
305 359
220 517
13 446
430 537
40 283
384 502
178 335
28 487
32 298
240 542
295 444
273 463
64 202
155 481
319 404
6 598
412 474
250 359
262 376
177 353
265 392
109 278
157 260
99 507
169 307
105 255
217 494
11 60
35 217
74 598
471 506
508 559
358 442
343 470
239 507
218 533
234 498
147 330
234 251
112 438
283 316
69 579
258 359
41 358
430 566
134 336
464 564
12 520
46 497
337 467
221 584
41 106
520 598
222 591
123 554
145 151
176 279
141 316
95 218
426 588
320 454
203 254
19 39
121 284
179 221
17 59
66 487
408 510
155 385
514 560
208 225
529 593
56 256
323 368
404 529
20 301
195 198
85 424
565 580
249 335
454 551
254 324
76 560
212 539
92 501
125 148
236 378
270 554
406 537
321 445
50 308
242 584
208 407
124 273
19 388
252 394
189 221
173 583
222 392
213 276
219 388
33 456
79 388
63 214
469 583
144 518
25 35
24 138
225 469
208 469
210 335
339 340
272 366
368 522
102 559
48 389
160 273
100 261
88 113
247 337
153 522
189 242
429 574
329 351
459 531
495 535
528 543
478 566
224 488
94 542
376 454
408 524
283 300
19 396
45 54
79 454
413 563
199 414
505 553
185 339
167 363
206 429
382 530
17 385
136 336
395 479
136 548
100 200
102 224
426 576
126 300
334 598
17 201
322 576
375 400
82 89
360 479
8 164
203 264
17 164
258 526
227 478
6 217
150 410
343 370
18 571
127 541
95 125
308 513
258 324
288 571
370 486
437 458
64 489
112 446
244 280
24 272
203 451
3 493
201 514
109 307
2 38
280 568
50 569
1 200
287 557
18 84
403 492
195 264
11 561
171 322
192 589
462 587
32 391
195 288
462 537
393 521
138 310
9 464
11 161
99 425
284 472
288 433
137 562
188 515
214 338
190 291
63 579
1 531
400 567
52 528
113 501
401 578
330 464
245 298
311 457
104 483
93 584
23 379
116 497
149 340
276 303
104 312
95 248
51 188
170 574
54 134
346 374
158 219
233 311
285 432
341 498
193 493
413 492
51 543
416 421
36 481
103 499
218 541
51 183
79 320
156 327
114 186
390 392
339 383
105 596
137 322
283 399
536 546
294 353
153 484
152 441
76 154
291 510
137 171
81 486
222 390
60 133
301 472
86 366
0 101
181 212
140 531
35 599
84 141
61 507
79 158
10 224
342 548
102 409
244 568
118 377
139 355
269 384
191 478
94 147
329 495
21 384
124 460
70 390
210 371
100 415
276 476
184 283
76 255
94 330
69 285
314 432
385 500
16 323
75 277
471 529
118 555
81 370
216 355
113 115
180 199
7 206
261 459
73 363
158 367
8 14
173 556
288 380
24 448
275 426
205 378
417 499
150 214
31 309
383 416
148 309
233 575
246 511
249 454
206 275
58 80
94 41 242 160 25 188 404 111 60 484 65 241 271 32 482 488 210 466 92 31 594 377 162 393 465 43 221 116 547 118 306 368 329 274 249 562 363 30 462 394 527 451 111 303 232 43 177 264 274 291 335 359 415 350 146 599 530 263 42 515 33 65 94 183 316 176 590 528 476 414 47 116 577 48 341 42 584 535 270 503 125 419 343 351 105 259 156 378 183 213 407 376 116 423 132 182 147 185 156 136 30 393 324 376 425 468 185 67 140 124 405 35 260 25 84 542 559 263 168 248 250 217 530 414 459 430 554 138 460 302 372 472 542 205 375 94 375 115 306 30 416 532 112 32 289 123 83 321 166 446 176 271 549 395 141 360 28 71 441 596 453 279 93 361 164 567 448 234 240 268 208 562 213 246 559 133 312 223 143 373 374 447 530 123 383 554 489 327 229 528 89 502 302 384 415 113 362 478 12 238 110 299 361 587 258 481 177 413 264 309 417 73 117 14 136 71 24 191 249 512 68 522 366 564 52 95 181 112 569 317 237 97 402 270 585 16 277 413 76 361 0 339 312 501 509 199 504 545 21 145 266 305 198 542 5 263 253 254 402 70 539 389 399 265 221 9 493 389 45 283 274 373 201 506 49 290 375 444 286 548 280 140 197 8 25 64 367 561 435 599 256 95 307 408 293 321 308 568 283 184 392 587 463 12 143 360 456 547 457 8 220 460 239 220 42 480 486 124 261 364 125 303 286 234 460 287 266 505 438 6 554 277 265 131 443 399 583 394 245 292 457 564 516 176 524 494 408 94 583 253 510 579 7 132 82 317 304 54 372 309 488 288 556 383 585 200 5 204 590 413 78 575 362 22 524 194 410 68 324 136 378 517 85 263 417 180 133 534 48 223 5 246 9 121 2 316 427 400 556 337 295 73 242 165 237 181 262 22 169 63 30 535 401 220 471 553 412 353 268 158 451 449 200 271 267 66 452 316 445 498 177 418 545 152 325 542 153 173 306 330 577 461 133 234 89 97 391 462 537 193 398 77 545 31 272 448 500 517 500 473 584 182 320 25 142 217 447 208 264 471 379 212 56 386 561 23 525 215 60 424 329 138 171 123 33 317 322 84 265 377 156 236 139 424 133 184 479 141 538 210 80 183 99 363 330 353 3 530 494 200 432 50 520 439 302 205 13 129 144 189 567 344 279 299 180 453 56 77 151 464 537 254 313 182 382 147 172 575 189 543 178 298 190 445 290 442 87 92 100 31 63 327 427 553 62 593 195 150 184 201 584 570 205 45 98 437 1 240 278 146 316 168 584 521 578 133 517 301 291 280 528 483 153 115 72 51 54 26 395 218 138 476 185 4 209 467 328 410 214 358
364 306
493 445
920 340
773 845
165 389
644 50
200 250
732 434
839 911
598 426
296 789
674 568
130 319
331 212
801 925
335 637
551 227
862 883
222 837
714 297
665 130
900 134
451 131
473 974
35 149
125 241
750 753
317 837
558 772
379 947
996 978
507 673
378 690
31 729
480 816
84 305
819 825
864 528
931 294
679 353
200 792
533 348
27 286
413 975
699 644
175 503
272 285
168 708
779 619
779 765
40 482
151 175
78 273
77 744
177 568
567 417
583 685
404 203
120 512
874 825
650 666
651 741
30 906
866 159
423 79
347 73
585 728
825 530
577 519
934 195
978 529
937 664
381 225
685 484
266 213
724 698
950 866
821 13
457 211
775 290
153 471
688 965
114 448
484 924
210 904
376 179
87 200
679 852
506 294
89 464
535 804
989 428
436 294
662 231
496 545
373 577
318 386
535 440
956 43
690 781
464 423
399 319
392 844
492 42
53 841
954 809
560 332
535 615
949 521
904 745
569 549
329 589
271 256
474 338
371 502
471 386
273 349
482 718
772 143
98 883
885 323
772 63
998 70
9 557
565 852
430 591
66 788
274 474
463 158
155 604
550 84
269 9
957 689
664 695
174 630
434 243
246 587
759 531
88 94
244 80
523 483
180 871
41 598
189 88
937 75
319 434
673 194
508 580
495 630
707 913
833 190
372 415
616 607
528 124
940 907
826 765
427 842
21 504
792 242
120 949
476 849
622 568
946 729
148 220
827 867
89 626
214 594
722 533
794 873
840 724
576 389
793 537
975 924
310 81
445 817
58 459
124 44
320 121
846 382
570 152
940 944
52 310
650 96
139 112
154 779
837 954
354 449
384 880
179 149
565 285
721 42
118 771
613 191
724 802
740 887
249 915
758 711
862 62
293 932
897 992
508 400
889 904
381 90
339 944
651 402
649 837
703 406
79 433
212 17
683 304
894 367
912 41
81 347
288 685
840 226
630 369
223 137
151 347
335 530
717 225
252 519
574 203
913 550
396 398
344 801
184 55
450 709
104 711
244 460
19 808
649 875
843 425
82 156
442 5
602 1
134 82
598 870
178 939
44 971
575 814
436 545
33 3
601 253
973 351
845 633
423 685
456 522
759 404
288 592
811 354
7 984
581 32
544 953
873 476
328 975
983 870
548 695
840 501
185 982
646 530
58 539
445 456
883 286
959 591
240 955
962 623
368 643
728 337
120 169
905 91
30 625
891 13
6 195
526 875
715 570
701 446
271 715
696 724
869 751
98 7
838 667
630 270
368 383
149 827
735 94
955 215
134 271
594 938
287 896
623 712
835 121
693 7
249 689
264 166
320 171
866 608
90 387
811 578
418 646
186 304
98 817
726 153
183 198
292 759
4 930
58 937
779 685
875 709
33 432
472 677
34 61
492 11
76 862
948 412
1000 178
278 854
195 826
392 998
796 722
220 400
765 334
335 332
770 485
492 180
260 1000
176 910
965 178
471 881
756 640
471 754
532 524
294 654
21 400
346 486
233 260
858 355
221 659
747 370
882 236
784 953
744 930
525 11
290 548
628 993
442 972
463 637
269 821
690 248
964 387
299 987
389 789
491 783
269 630
348 131
704 194
242 109
7 449
43 664
535 389
82 984
396 758
553 994
897 397
698 513
539 303
639 21
59 184
754 198
502 142
870 948
692 994
944 365
499 516
125 411
254 792
989 611
805 290
799 92
600 838
500 952
327 916
515 717
617 71
766 995
929 119
874 783
458 788
29 91
734 264
750 577
964 561
334 682
915 596
728 667
505 982
374 720
708 373
296 24
842 570
128 896
988 650
23 228
985 138
960 486
256 419
907 465
248 735
159 12
767 0
341 855
799 210
64 3
978 246
953 454
814 999
427 392
722 981
513 82
689 48
6 151
155 430
751 963
622 105
129 617
408 145
703 834
715 473
606 807
396 624
663 430
173 756
115 660
1000 207
318 882
755 813
661 329
412 935
555 51
297 228
930 996
234 193
583 650
602 354
856 21
887 648
340 283
336 252
80 665
25 120
901 261
100 562
358 970
226 487
421 429
814 321
911 629
2 681
456 35
558 120
411 472
534 834
605 315
190 683
553 886
608 483
988 582
806 53
784 388
389 32
267 41
657 989
299 363
691 115
874 433
981 291
967 768
318 739
554 462
110 743
357 770
355 611
781 797
239 767
28 875
541 179
663 905
711 945
538 749
418 798
416 115
897 806
371 261
991 467
730 856
187 362
442 762
678 385
289 311
555 7
465 83
916 781
476 275
926 155
935 247
521 247
797 454
406 356
596 758
373 907
586 610
731 1
407 514
648 797
58 413
882 861
191 117
725 603
229 545
979 93
621 955
170 239
696 686
480 108
899 175
762 33
864 985
208 935
482 235
39 255
274 396
669 73
486 477
906 515
384 536
792 20
413 718
244 300
214 702
89 926
37 347
907 679
291 506
458 580
85 236
19 317
70 571
217 354
503 329
260 559
60 626
67 691
849 304
801 485
824 465
12 652
766 101
354 34
623 905
456 906
420 896
913 833
657 596
782 580
907 427
646 467
641 203
143 723
981 729
789 647
68 507
141 563
250 881
151 863
613 515
627 434
376 6
740 499
544 577
59 216
888 206
631 161
566 915
962 995
273 84
618 226
502 362
581 982
137 689
747 467
597 141
155 964
887 576
985 799
254 373
408 569
184 416
991 829
798 162
235 223
136 379
