600 1338 600 613 5
102 568
385 518
64 121
389 570
105 594
150 443
117 552
106 121
481 485
252 312
162 449
4 439
71 120
286 555
199 250
70 349
88 98
421 470
544 559
229 259
132 253
315 424
64 103
236 371
211 561
135 313
193 309
361 451
38 273
350 551
424 534
175 299
262 355
318 342
80 301
26 228
5 397
23 174
66 542
435 482
247 579
197 367
219 376
178 391
196 582
79 466
60 144
248 549
145 496
54 253
175 238
192 299
428 472
246 364
327 522
123 462
205 463
324 473
382 423
550 571
286 552
125 352
238 540
238 375
359 439
56 121
72 312
15 429
496 518
50 77
191 350
147 509
41 459
513 561
53 572
178 496
255 485
61 397
81 529
56 437
24 128
171 555
104 596
11 107
45 202
191 551
264 598
100 158
65 380
72 90
180 223
261 409
2 596
127 501
204 566
57 277
201 572
487 595
470 530
213 362
388 485
223 293
275 449
235 541
187 309
328 433
2 7
16 322
326 585
25 251
437 514
9 265
204 544
269 274
433 485
233 320
110 230
468 524
100 122
32 227
12 87
248 253
461 573
260 291
36 378
17 330
152 423
304 562
4 591
3 69
249 477
432 504
177 356
227 395
232 307
135 445
196 395
42 494
109 567
311 595
525 556
284 554
319 533
395 582
164 170
296 404
377 432
398 572
87 563
538 566
8 509
245 472
65 466
86 465
108 283
20 373
213 288
28 500
221 414
222 495
134 147
266 364
14 109
228 291
142 534
217 589
478 579
405 559
13 537
225 266
426 589
3 220
171 470
236 359
235 564
387 447
390 396
203 389
568 599
353 512
322 445
323 545
10 470
267 591
218 380
5 216
101 598
346 589
30 594
51 514
116 419
356 498
81 246
248 522
1 504
67 90
84 282
235 348
143 366
219 226
184 506
106 590
211 226
94 188
32 467
76 141
367 428
61 349
296 358
325 571
32 112
150 568
378 479
279 574
75 234
181 312
33 179
29 30
66 266
242 533
18 236
43 556
196 503
12 321
200 314
477 584
299 508
68 553
227 531
429 484
256 326
102 599
164 240
13 420
107 358
151 544
230 555
277 484
214 346
183 300
259 389
202 487
414 499
338 388
104 179
126 523
206 480
354 493
103 381
374 512
203 213
91 593
323 468
164 469
34 534
11 358
177 474
426 538
9 42
23 182
6 137
315 581
22 452
219 507
70 155
425 453
200 403
216 436
194 238
203 259
240 419
155 192
305 502
203 288
139 413
39 133
149 239
8 218
202 285
187 387
333 567
116 240
377 380
297 588
188 440
163 374
275 393
37 274
149 369
64 290
201 596
457 522
204 480
210 290
95 368
380 466
466 509
22 512
167 456
222 244
142 339
317 591
335 394
80 195
105 124
47 302
1 578
48 463
148 514
85 114
437 527
361 459
40 305
15 523
306 314
258 487
210 437
279 376
265 417
95 289
173 542
109 241
24 442
514 527
193 387
413 526
329 352
16 313
53 560
311 418
39 465
400 545
84 542
317 521
314 361
433 539
453 562
268 592
237 425
148 181
25 250
276 296
140 538
239 577
131 592
385 391
537 577
80 405
82 364
407 455
392 555
332 575
491 556
14 151
504 586
277 371
84 173
334 591
366 583
424 454
463 593
100 242
422 529
124 292
213 464
266 529
111 116
149 537
143 589
9 503
219 499
14 482
139 356
92 515
283 316
34 231
12 440
289 313
266 542
11 579
172 363
239 438
2 444
362 464
40 564
121 381
182 273
64 210
73 214
79 460
47 49
13 482
410 496
76 140
147 462
17 507
313 358
395 531
6 406
371 484
112 165
173 501
262 443
191 320
129 357
157 486
408 449
462 509
70 431
169 387
134 295
113 488
271 395
11 413
153 166
425 562
141 182
339 554
120 381
334 434
203 363
250 251
284 339
72 78
22 231
434 571
172 198
404 413
73 520
132 407
468 588
212 239
207 443
100 533
330 574
351 385
227 580
93 226
224 472
277 457
20 319
33 104
24 481
36 474
173 491
37 75
180 409
433 584
318 497
212 438
475 525
84 412
232 583
28 119
103 448
23 562
267 359
209 418
166 525
89 275
8 430
303 437
354 436
235 465
74 382
46 499
28 92
535 562
160 329
45 595
267 343
230 392
60 190
93 115
455 532
253 549
498 579
451 497
40 528
389 408
406 491
365 381
185 569
151 204
195 204
428 563
50 114
235 263
258 575
237 393
73 548
109 516
94 563
28 170
59 546
45 547
93 502
103 120
388 527
140 141
152 363
485 539
99 129
458 570
340 514
43 503
252 341
444 489
401 528
257 555
323 372
161 563
5 349
34 581
77 180
104 201
181 514
229 458
289 554
57 522
9 365
23 446
131 561
264 498
431 493
10 578
283 550
342 361
91 515
33 60
127 406
21 595
208 440
194 375
51 210
180 316
372 524
396 435
51 64
307 583
412 501
358 572
277 522
213 363
86 133
77 588
148 527
179 335
37 113
260 384
171 230
390 565
214 440
51 340
222 378
145 553
179 190
122 200
261 287
89 234
245 285
123 343
61 375
508 540
402 490
37 464
17 279
328 341
376 499
268 561
2 33
126 484
82 87
16 560
79 350
339 534
379 467
173 406
344 429
114 298
149 435
322 560
148 312
404 526
112 580
142 187
243 511
145 585
6 388
315 452
138 285
47 254
200 306
38 88
207 230
48 430
18 371
12 154
366 595
223 588
436 510
203 408
151 174
242 471
441 531
140 426
275 459
225 525
165 379
160 407
101 264
97 414
482 537
557 573
399 465
398 596
401 584
34 360
384 412
125 455
176 472
266 282
236 344
5 436
92 150
6 415
273 548
130 245
92 568
477 485
232 366
14 516
122 403
45 386
68 500
119 256
154 214
131 305
67 270
39 399
18 505
135 554
293 588
425 535
447 531
376 507
529 573
405 482
149 212
187 339
372 545
52 375
7 385
168 497
9 395
30 132
143 232
80 204
49 337
250 319
116 326
307 552
234 464
204 559
50 400
136 225
270 506
217 547
54 248
416 461
74 152
343 521
295 457
351 489
66 84
17 574
225 308
31 331
29 407
475 491
74 423
439 591
135 284
506 513
22 53
179 394
261 325
438 569
52 540
127 173
119 164
269 536
91 292
83 118
273 383
353 374
113 427
215 530
113 274
344 484
45 563
414 476
171 530
36 479
333 396
24 485
161 285
145 391
172 229
191 434
281 503
118 458
108 565
500 598
145 500
117 257
528 584
125 134
214 520
129 587
62 479
362 427
94 208
258 402
37 362
25 274
400 543
156 553
253 407
212 551
260 412
438 460
405 420
304 446
123 505
231 445
124 519
354 414
496 585
270 401
118 499
446 562
232 301
154 370
202 386
40 592
82 189
349 375
24 477
53 300
233 509
186 272
330 507
128 235
368 495
98 324
38 370
295 532
390 551
34 339
309 467
1 10
1 185
10 91
58 488
85 400
197 224
420 482
91 205
118 510
157 254
228 483
300 560
138 245
314 403
460 466
399 508
130 289
276 289
33 596
256 419
167 293
59 573
386 563
74 362
115 476
67 184
279 458
12 82
49 157
356 526
173 475
281 556
225 529
272 423
155 493
167 565
50 588
224 461
123 233
95 276
41 319
331 474
11 478
285 386
234 251
546 573
127 137
295 462
56 494
320 509
125 329
171 421
267 439
130 554
287 325
98 228
377 504
506 592
313 560
79 509
304 318
337 382
201 450
96 587
134 352
354 431
55 423
202 258
215 443
144 444
156 256
55 574
387 557
174 516
14 396
522 549
41 576
221 493
14 559
116 256
126 327
450 572
142 424
151 516
20 533
373 597
64 448
68 119
220 448
36 599
461 546
14 567
205 243
108 316
79 191
365 417
58 254
22 450
520 589
315 454
327 484
180 293
104 394
406 415
207 418
456 565
197 428
434 550
168 304
74 302
352 430
216 570
78 90
263 412
62 209
21 583
154 440
9 196
62 258
216 397
15 344
422 573
261 587
16 445
1 569
77 114
266 475
142 309
169 416
22 322
35 170
4 99
272 310
23 480
280 341
473 508
27 254
146 365
40 131
36 209
144 410
319 576
278 356
47 427
56 303
165 424
316 456
255 341
239 537
90 280
217 346
159 469
150 262
451 535
110 443
19 334
34 454
369 390
14 435
77 298
360 445
192 476
58 274
285 490
523 549
144 489
29 430
281 525
155 221
331 599
342 497
167 390
369 551
283 325
1 257
97 499
374 450
207 311
181 340
332 487
264 500
2 398
93 97
117 577
0 164
61 453
42 43
274 536
3 558
180 456
230 443
487 575
163 394
348 412
44 321
249 584
47 113
128 541
390 435
21 207
336 439
88 383
78 312
1 421
42 121
152 172
88 473
425 451
91 519
372 597
578 586
47 488
46 354
345 395
356 495
141 538
303 527
83 499
193 447
117 420
325 409
98 399
48 586
510 570
25 199
69 558
422 461
316 409
138 222
136 308
137 406
10 463
12 411
0 124
182 562
473 540
279 507
380 509
18 267
73 273
87 189
165 315
177 378
288 408
232 552
107 413
30 511
43 406
393 451
137 338
533 576
24 263
239 569
207 307
153 225
320 521
333 390
435 537
403 576
280 328
528 564
255 527
7 101
62 378
70 299
54 457
202 595
197 422
0 159
86 305
57 327
41 251
102 500
278 331
162 397
259 458
23 151
11 139
129 287
545 597
241 446
84 260
25 269
144 190
93 211
59 557
249 541
242 492
22 353
18 359
189 364
52 473
106 265
120 448
452 512
89 459
383 453
166 308
75 251
441 447
71 448
246 367
131 268
308 557
317 334
172 279
70 175
95 130
142 379
201 374
19 434
317 343
314 318
281 582
384 483
131 502
234 288
93 476
81 422
385 444
67 280
209 479
40 86
53 322
205 519
416 554
248 457
569 577
177 278
127 442
420 552
198 423
117 286
263 348
2 247
72 181
70 493
168 535
287 571
122 158
264 331
324 508
121 590
291 411
215 470
25 37
357 400
433 477
327 549
9 43
258 285
237 397
454 581
140 520
328 401
118 376
90 312
99 336
63 365
110 215
115 192
30 105
277 295
209 443
222 368
513 592
157 337
105 159
62 332
259 570
14 544
463 578
89 288
393 449
368 404
166 531
159 594
310 486
285 402
65 377
123 509
108 390
199 373
136 573
56 290
106 417
133 299
237 451
151 480
70 194
51 220
24 501
247 398
257 286
8 147
4 336
301 589
20 250
54 455
54 407
371 462
492 597
185 577
500 553
194 349
133 192
86 235
195 301
3 51
282 411
457 532
186 310
410 518
158 471
175 540
480 566
143 217
226 507
309 387
323 524
286 307
101 391
201 398
62 575
166 281
36 177
218 586
197 461
176 563
327 523
50 545
336 359
88 324
1 432
82 411
108 550
97 476
143 301
89 251
217 366
158 306
455 457
243 519
308 531
312 341
87 367
241 347
169 554
489 518
364 411
205 593
190 335
192 221
272 382
27 486
343 505
297 347
76 273
371 505
133 294
49 302
199 536
342 451
58 536
122 306
57 484
101 498
301 426
341 539
318 347
222 490
293 567
18 343
107 296
115 294
345 580
145 326
255 539
46 436
174 446
59 387
63 345
462 505
195 538
65 569
26 321
63 146
286 392
27 157
65 438
162 216
254 488
155 299
191 550
346 440
169 546
209 332
109 297
227 345
321 411
271 531
398 478
46 118
326 553
338 485
351 518
405 517
265 590
145 178
44 98
199 269
231 581
113 362
103 121
393 397
161 386
301 517
66 282
365 395
209 599
334 571
212 369
45 188
364 529
375 473
87 440
43 415
247 478
69 71
32 441
110 530
158 468
297 318
244 245
35 515
126 429
232 517
119 419
383 473
188 547
174 241
259 363
373 492
469 594
29 511
79 320
309 379
195 426
316 565
128 263
297 306
36 331
224 245
348 483
441 467
72 340
145 598
353 450
183 358
65 460
302 427
123 521
227 441
375 383
231 322
175 194
130 461
98 483
48 578
368 526
169 461
161 472
216 449
287 334
86 294
221 354
378 402
157 467 437 166 178 179 285 584 428 130 370 106 135 210 287 292 217 433 261 22 209 549 339 593 304 156 278 11 292 261 315 547 211 564 169 291 274 219 184 164 149 382 585 552 507 27 430 105 284 378 74 204 498 40 29 212 413 225 263 314 283 520 297 417 62 193 256 119 234 186 255 351 593 376 206 412 262 577 381 186 405 533 380 557 80 277 286 228 527 37 165 590 358 444 567 564 439 52 532 241 68 516 124 288 413 568 286 341 326 573 409 319 535 286 62 54 486 62 471 375 446 351 484 142 580 461 505 14 345 273 31 332 575 306 577 96 291 163 76 467 380 189 395 109 362 264 275 125 449 302 483 36 503 472 467 287 134 489 47 271 468 246 588 125 547 532 579 478 125 440 52 318 581 477 454 331 213 292 167 399 245 533 493 203 369 27 491 420 457 386 27 8 445 555 595 74 556 458 25 169 480 238 75 374 289 375 251 54 186 443 252 571 401 271 124 417 501 586 63 329 9 2 224 91 336 78 512 499 522 471 425 187 27 493 565 340 36 589 550 224 491 287 539 204 67 482 551 385 121 249 565 403 567 56 75 565 170 566 495 174 130 546 82 123 483 69 227 109 590 401 304 578 256 328 174 499 395 36 142 330 340 352 398 63 324 551 111 585 274 505 260 296 400 83 54 551 14 331 282 584 575 200 434 195 82 582 156 284 537 241 221 172 312 189 572 187 393 186 513 231 185 44 585 116 85 122 456 237 277 321 191 309 343 96 319 323 554 5 353 544 14 447 531 41 538 553 218 325 282 262 29 103 161 143 11 250 315 440 332 375 44 490 598 322 505 113 470 111 324 463 106 121 143 503 377 438 73 311 129 322 428 414 396 326 7 360 274 192 509 581 497 191 593 432 281 216 164 106 356 544 107 437 119 2 24 497 116 431 145 429 61 7 44 323 178 418 358 448 198 5 186 106 108 488 17 60 93 259 296 379 212 192 202 578 19 470 344 151 331 592 496 400 458 99 294 427 586 448 362 477 451 172 595 311 462 596 578 537 67 262 163 224 342 79 594 376 299 444 401 572 283 46 502 270 423 384 403 174 504 242 369 215 168 447 129 39 561 346 172 56 319 421 469 594 538 389 6 507 169 34 520 45 289 151 363 586 455 57 364 479 555 116 443 518 525 107 559 235 552 220 200 487 355 563 444 334 586 303 470 56 160 103 546 510 314 364 429 206 567 597 577 1 584 56 535 219 227 300 385 35 230 423 39 121 552 36 404 45 523 43 586 239 318 97 188 589 187 511 50 115 251 113 86 291 505 595 541 573 39 21 113 508 271 258 133 167 69 227 244 250 254 184 596 85 512 554 274 495 212 382
940 451
773 344
894 875
13 928
749 25
219 351
181 802
904 777
845 260
257 934
819 370
824 802
443 624
637 352
519 284
979 10
707 896
41 277
842 55
726 121
313 43
620 506
775 944
441 359
189 687
236 77
369 600
82 4
914 540
951 312
993 327
832 588
451 974
923 883
650 934
887 443
774 625
184 126
351 544
219 546
97 572
296 165
232 890
277 842
377 570
581 591
121 356
124 90
840 295
89 73
483 68
45 902
286 466
774 905
974 213
13 225
159 865
929 95
188 19
499 852
990 900
280 386
701 613
335 962
83 934
732 265
378 743
16 657
895 603
30 1000
198 411
92 990
15 815
425 533
68 144
231 129
396 458
496 104
14 771
715 191
540 422
448 748
429 665
67 324
343 709
570 51
124 544
479 651
327 504
259 210
4 734
844 426
859 505
51 463
536 604
640 777
597 34
61 417
299 576
701 18
346 100
862 751
859 559
141 962
916 931
979 387
199 958
790 813
616 182
450 241
775 475
980 652
499 999
154 105
521 84
92 489
997 613
667 361
101 311
950 519
139 993
160 904
375 130
815 130
939 413
909 243
960 48
252 747
205 644
635 1
611 791
39 526
999 265
176 524
880 206
663 872
447 819
215 764
645 691
786 759
441 473
445 438
558 950
542 498
999 853
908 696
352 995
849 205
75 831
642 283
822 501
486 320
77 182
375 830
457 587
159 445
923 620
98 41
394 100
971 440
938 252
594 672
254 310
903 984
967 493
552 989
366 869
533 210
365 304
551 869
916 479
750 418
81 228
300 774
447 316
227 480
548 684
773 686
939 723
963 929
519 167
16 848
407 422
794 880
3 621
715 358
29 68
536 909
553 569
455 681
997 932
661 186
135 465
478 912
223 430
514 442
298 907
529 748
25 196
287 17
378 169
868 946
617 593
188 232
530 370
891 359
495 390
663 495
525 632
754 582
89 896
11 443
662 260
160 184
477 549
822 456
210 292
563 520
808 254
37 369
57 957
126 435
688 716
484 146
571 764
408 811
9 383
414 959
313 611
134 248
727 446
699 951
593 447
782 165
211 167
175 588
864 32
291 347
263 445
683 295
1000 531
439 282
367 69
924 339
637 740
607 735
464 716
880 830
980 168
144 619
277 93
264 158
81 766
999 196
134 23
93 733
950 606
729 393
659 590
164 262
319 674
614 70
800 540
236 675
843 711
221 918
395 776
810 68
36 566
256 41
47 661
372 910
6 104
365 495
181 89
272 245
692 799
913 122
804 675
78 270
23 689
315 882
385 702
627 134
620 861
634 646
682 403
654 62
226 212
652 806
127 907
342 639
908 413
483 189
129 500
892 162
731 808
433 193
538 118
187 483
767 862
551 452
79 102
130 813
397 296
90 540
420 146
646 446
406 861
508 928
8 38
674 524
48 786
708 848
342 204
650 989
598 149
758 93
381 224
301 131
724 160
415 611
739 927
445 53
292 545
632 104
946 668
959 93
79 679
913 273
6 267
847 651
721 555
506 248
709 81
985 974
777 8
55 51
178 761
597 887
7 880
57 724
340 256
819 97
912 10
385 968
517 543
412 242
249 598
244 392
668 220
948 828
878 249
796 975
139 381
778 563
794 725
568 11
801 841
836 21
641 896
308 245
145 155
126 193
423 712
298 970
590 494
497 739
675 750
613 243
420 564
880 64
421 23
348 6
829 983
298 421
34 334
769 293
699 683
521 969
788 230
196 994
37 114
340 454
296 647
927 799
587 638
507 891
139 770
200 262
555 231
909 738
693 452
291 312
955 982
325 929
543 261
257 351
854 883
257 555
532 26
82 637
666 630
343 173
727 755
590 385
255 792
975 243
226 243
567 109
997 766
408 642
274 680
756 785
98 396
215 818
587 817
240 969
704 508
970 574
624 389
779 376
486 778
28 165
584 972
342 390
490 482
117 138
518 694
941 22
900 302
175 377
743 310
125 683
694 110
592 295
195 321
127 864
701 268
778 40
510 589
430 925
223 735
756 513
951 863
679 909
410 337
455 891
111 962
237 278
824 942
320 297
717 985
360 416
627 958
933 211
558 175
949 184
128 288
294 200
704 226
532 794
861 137
860 350
180 161
217 576
740 222
482 963
439 107
997 474
816 413
398 52
592 705
289 504
813 645
329 798
89 444
146 659
844 845
735 632
471 369
165 721
590 342
268 630
921 59
132 734
52 11
669 559
153 61
994 803
674 661
284 800
354 36
151 414
196 867
740 695
974 720
365 274
814 748
69 364
859 613
281 724
25 478
285 873
795 316
865 92
35 632
3 316
250 521
816 189
133 320
959 351
770 995
11 589
55 866
857 460
470 290
588 416
959 787
937 376
461 508
763 123
953 133
996 54
423 75
375 799
760 739
108 791
106 611
427 775
772 440
407 904
910 189
327 71
595 927
345 358
241 1
647 315
475 452
101 704
261 488
183 623
331 746
511 0
534 329
492 30
520 827
576 548
414 496
991 117
642 160
635 214
650 411
906 655
636 832
708 421
307 852
449 852
1 959
558 359
740 888
5 511
396 380
558 628
131 585
574 204
475 422
478 224
837 534
713 307
170 302
660 120
827 907
482 820
48 247
690 584
334 131
689 334
826 338
865 790
399 996
682 981
347 893
637 477
112 645
980 685
811 287
629 38
452 139
514 512
188 924
746 59
57 611
863 382
998 421
622 544
893 911
392 14
874 698
796 588
