600 919 600 936 15
149 390
271 447
183 411
246 423
359 426
393 470
232 492
60 221
362 366
54 360
304 596
108 254
114 346
194 276
225 436
70 218
561 577
266 390
66 200
104 482
44 351
341 581
203 352
9 319
24 325
170 514
275 325
58 503
199 289
31 417
227 429
370 402
365 391
149 511
111 532
88 341
536 543
349 506
26 500
91 233
42 516
240 320
356 458
62 388
315 492
357 589
239 460
40 475
224 416
175 362
53 573
101 567
321 534
206 411
129 506
137 143
518 524
151 563
157 370
44 90
210 523
260 592
20 219
250 459
311 542
26 28
529 587
72 130
263 363
330 586
14 236
169 444
130 522
109 559
234 351
386 401
44 557
359 576
106 312
265 516
93 461
189 585
59 203
127 216
97 494
32 39
35 447
324 349
73 278
222 404
69 217
85 574
347 399
59 387
412 598
335 548
186 341
119 554
178 426
496 520
342 511
86 286
259 528
374 386
25 458
255 508
546 576
451 463
3 117
207 408
329 539
145 242
11 70
8 57
53 363
199 228
25 544
287 335
237 288
287 572
263 540
299 357
181 370
17 334
30 350
182 578
331 498
98 263
105 310
403 535
561 578
132 416
288 453
38 555
205 506
270 582
8 353
476 584
45 527
139 545
17 450
178 548
107 162
160 255
142 503
184 372
89 497
288 462
189 531
472 536
217 238
249 535
492 504
311 414
35 197
218 508
289 307
148 168
227 345
67 330
22 334
11 339
96 385
361 598
261 268
100 484
43 353
131 580
364 494
503 521
40 559
18 175
146 216
44 517
42 526
94 446
304 305
198 262
23 215
142 430
373 550
10 341
97 348
125 526
14 322
51 140
285 365
565 599
265 300
35 371
176 290
296 517
523 599
226 420
83 300
83 474
1 12
219 571
173 556
103 196
56 458
46 304
236 327
150 592
36 507
279 597
291 385
149 402
168 519
124 570
234 350
124 281
233 564
82 219
177 226
233 393
194 202
57 573
86 171
3 267
296 575
324 507
456 528
3 105
562 596
80 461
110 120
133 228
461 567
73 350
131 497
27 530
216 258
17 399
35 271
101 408
4 85
60 298
215 362
106 185
420 453
43 320
183 260
223 408
9 36
216 499
163 572
206 256
295 392
122 327
239 536
509 512
209 418
40 481
26 410
24 288
188 538
139 171
299 535
115 437
57 240
42 160
313 589
401 537
191 349
166 483
403 524
535 589
47 185
9 205
310 498
293 592
207 366
62 252
21 407
446 462
141 409
264 513
360 560
171 437
236 545
29 551
136 168
228 575
305 337
3 490
45 189
359 457
161 572
7 94
400 578
6 554
179 467
87 370
374 549
236 252
149 167
9 514
158 478
460 543
49 417
478 547
123 166
325 435
45 495
143 411
290 432
84 415
168 442
67 298
311 504
183 321
301 360
433 534
0 540
191 380
19 247
135 232
156 299
31 396
128 255
218 466
238 536
200 431
202 487
83 125
160 526
154 554
286 534
101 207
227 529
335 344
242 461
138 270
44 296
141 143
434 457
183 206
125 300
342 445
19 456
18 221
125 474
149 369
204 333
419 421
56 417
2 463
345 529
71 251
270 294
177 198
185 200
69 543
441 528
76 210
275 435
489 498
368 405
425 560
19 380
335 426
367 535
417 505
127 452
181 332
346 589
240 505
413 522
196 313
126 171
394 551
509 580
149 266
52 298
62 141
420 583
322 329
440 502
68 153
379 454
485 590
410 493
313 465
116 371
425 515
295 315
162 378
278 536
100 566
418 588
58 496
30 234
248 527
281 469
342 459
430 506
112 129
250 342
209 358
385 595
227 462
47 419
460 536
515 585
409 433
147 451
26 343
25 230
160 508
258 452
38 395
151 544
76 220
415 478
572 595
243 260
22 131
82 571
91 470
86 545
427 484
74 458
389 577
271 473
179 298
53 159
71 231
43 269
107 349
286 328
339 423
10 88
47 66
406 455
212 563
212 395
56 356
345 438
334 400
293 365
450 497
45 204
73 351
1 410
84 223
331 397
182 186
243 373
56 216
469 548
63 337
72 352
108 466
148 442
210 553
235 244
235 556
279 292
444 577
78 396
387 566
443 595
269 363
444 512
355 381
68 384
50 496
277 353
287 591
437 519
293 424
453 583
387 394
93 394
214 446
30 383
351 510
54 397
207 410
254 423
156 196
284 489
65 245
199 567
386 501
68 271
119 295
80 242
165 485
47 309
193 539
202 276
542 599
129 162
355 530
60 67
228 517
106 492
138 283
492 541
136 171
30 474
220 523
426 548
83 248
202 390
0 164
236 328
360 421
269 353
431 474
155 299
280 555
52 175
114 518
81 247
294 399
141 482
121 497
330 391
257 554
61 211
345 441
33 246
310 490
91 475
70 108
481 559
203 387
252 322
304 562
100 154
287 470
22 450
65 71
186 400
123 483
61 366
149 370
315 551
194 487
371 552
25 479
16 174
395 563
47 541
294 582
146 381
281 384
187 367
11 92
543 579
123 253
388 409
291 443
95 579
328 433
317 466
184 273
249 299
11 423
138 582
70 92
281 568
319 506
212 280
242 542
294 347
352 413
75 496
470 555
59 222
268 573
107 354
401 455
359 487
185 492
90 553
6 257
479 544
477 578
316 464
224 517
248 406
63 323
59 461
200 248
139 193
10 43
242 565
351 557
153 343
201 257
79 241
384 500
210 307
234 510
32 253
13 287
84 368
29 394
98 375
228 296
216 356
426 457
132 158
88 166
41 189
255 579
223 569
124 469
262 435
115 476
334 450
131 509
123 564
331 360
77 217
213 279
3 377
12 493
326 595
238 472
154 471
6 284
47 492
77 579
136 519
137 321
129 521
165 348
160 374
209 384
140 160
120 398
468 557
150 293
318 410
96 158
201 484
60 330
42 374
24 57
193 241
205 430
491 540
33 254
221 298
495 549
290 402
85 460
141 213
393 563
46 596
31 88
28 84
360 419
34 394
142 239
383 553
40 250
412 445
307 553
361 428
258 499
366 410
5 374
39 180
196 247
24 573
133 517
93 387
344 426
181 290
78 417
86 328
89 121
52 493
260 480
372 502
177 308
1 318
280 591
78 463
51 350
480 552
20 99
349 354
190 562
135 311
461 594
35 225
265 406
136 139
5 466
393 395
163 326
114 488
551 554
479 533
192 522
16 51
301 490
266 369
149 157
166 564
473 584
110 427
354 438
319 324
179 493
341 428
119 392
10 98
48 364
107 378
152 381
148 194
87 184
4 304
194 442
391 586
2 166
172 537
144 164
280 572
54 331
343 447
65 439
154 257
113 143
266 457
272 413
310 397
136 437
228 569
488 524
21 329
30 51
128 140
230 544
263 491
82 441
19 103
271 584
54 490
195 488
179 532
206 260
259 338
297 478
266 487
208 557
137 433
454 597
15 342
337 562
237 240
414 599
380 528
360 585
347 412
232 315
138 486
369 426
118 141
139 168
51 526
114 589
172 401
67 179
231 503
358 588
108 423
127 316
176 342
134 443
49 479
161 281
46 305
35 116
34 154
140 448
336 387
95 574
311 599
89 509
15 332
550 586
21 322
118 213
334 477
444 561
121 270
11 376
242 567
92 579
147 479
172 527
94 462
222 461
8 159
498 554
204 585
15 445
276 372
142 205
335 470
393 564
99 219
0 263
213 274
39 253
544 563
119 303
3 282
40 538
131 477
402 511
340 496
290 370
387 398
162 558
227 446
12 197
138 314
40 180
13 335
303 498
64 96
363 491
436 476
420 462
368 415
253 341
279 379
267 377
211 362
284 554
373 449
331 421
122 252
31 320
406 527
111 293
333 515
14 241
29 315
161 568
359 469
53 540
174 278
15 264
138 513
82 587
37 345
191 354
391 550
154 302
51 217
115 126
44 224
157 390
80 542
102 382
382 570
287 555
419 525
41 585
143 183
100 302
46 337
77 543
560 593
301 494
115 171
114 524
34 554
167 459
85 170
399 598
343 410
430 521
137 183
238 543
40 109
88 396
360 525
452 499
46 562
33 423
90 296
443 556
103 247
321 480
230 355
29 232
211 366
153 447
44 244
440 539
55 225
229 360
121 294
414 504
253 598
146 458
299 465
488 562
143 409
60 130
414 422
55 552
326 547
208 306
333 585
56 258
392 551
573 212 369 485 383 113 21 240 303 384 271 87 393 597 427 84 408 243 128 171 573 310 191 130 325 581 257 279 209 311 407 331 392 509 461 518 42 226 249 516 353 71 105 294 389 146 50 508 550 415 597 313 53 204 142 133 489 546 532 437 598 121 337 138 70 290 501 454 92 457 576 433 556 56 258 295 589 123 23 453 68 140 459 323 407 582 211 455 32 147 90 146 69 70 571 96 568 280 65 73 84 221 258 376 221 528 463 195 465 119 44 161 228 137 422 535 448 518 8 467 116 163 368 62 198 516 153 249 364 470 65 534 54 410 22 238 224 296 556 214 20 230 330 444 235 92 422 469 467 257 292 152 442 536 551 196 491 417 500 493 454 262 79 415 321 144 48 10 161 101 96 571 508 551 558 205 71 592 559 197 402 24 467 335 394 560 15 413 439 1 123 411 57 578 275 221 253 247 69 598 369 387 379 335 584 36 153 136 43 285 103 217 293 159 485 375 390 514 577 318 157 48 352 402 160 199 226 271 14 530 2 105 264 248 430 228 217 211 273 51 211 436 535 472 461 599 593 500 95 293 251 363 33 53 274 174 508 390 392 357 536 258 594 114 389 244 463 293 273 301 579 16 568 565 135 485 356 25 409 82 454 276 343 304 270 466 394 78 52 509 185 490 534 247 560 46 397 354 38 374 436 344 428 566 124 531 222 148 26 185 414 162 94 369 140 323 551 297 420 569 278 277 313 303 168 217 553 268 484 406 431 365 22 21 512 449 485 40 501 276 311 382 508 409 304 177 309 407 570 310 33 206 545 26 320 234 515 425 516 257 93 212 112 453 7 322 590 423 192 48 117 452 476 42 439 165 321 226 438 41 572 542 577 233 258 150 476 71 304 570 22 598 198 176 102 237 119 68 77 404 210 368 216 461 531 547 472 161 223 537 70 532 23 133 308 375 547 353 521 275 87 167 525 584 421 222 32 123 532 402 258 349 268 491 5 365 452 389 256 377 31 225 53 175 119 55 399 432 299 83 63 471 345 514 504 357 319 226 519 593 394 15 585 400 234 418 302 400 561 306 559 326 377 346 502 592 49 247 425 590 65 498 270 7 28 15 390 75 107 134 445 379 83 498 598 554 464 105 203 366 488 160 50 432 0 119 82 231 489 446 154 398 67 42 129 40 350 331 131 319 572 0 280 180 205 210 206 124 497 87 301 555 553 328 179 216 163 92 576 254 189 20 551 377 74 87 505 42 446 160 527 550 85 445 264 346 306 135 173 403 426 279 402 223 153 108 167 199 422 500 166 527 30 291 131 556 288 514 176 445 244 87 210 9 126 105 163 117 429 407 190 304 259 583 307 387 23 172 226 579
16 294
766 407
311 309
944 831
269 883
490 924
924 784
192 441
136 306
202 820
162 259
321 903
766 368
470 270
741 94
316 52
496 746
173 146
927 507
91 754
22 576
722 1
105 105
755 522
75 390
359 446
671 405
358 608
698 447
799 686
555 731
216 358
262 184
341 995
888 688
778 295
183 777
164 586
411 347
298 177
335 140
723 910
544 870
185 316
518 595
662 955
177 918
730 835
866 964
285 434
293 646
508 784
862 429
52 325
827 912
829 241
267 478
102 382
263 632
828 595
955 479
801 448
818 31
151 832
505 495
390 632
694 854
919 422
658 322
437 772
399 921
376 673
886 522
485 670
308 454
283 572
627 700
452 803
280 366
677 36
779 619
12 726
101 618
641 799
639 476
319 823
749 180
514 1
237 301
79 31
568 635
420 238
397 875
853 625
149 473
355 858
538 492
958 887
118 241
1 644
945 698
717 532
602 198
109 792
807 5
918 864
697 736
173 662
394 954
299 207
971 626
841 348
241 652
931 69
110 941
674 227
786 336
992 851
861 1
831 790
915 579
137 35
776 53
319 262
580 265
608 790
740 218
232 545
415 834
230 683
958 539
63 76
504 531
613 533
397 424
766 736
685 146
876 171
212 29
707 103
495 840
877 74
288 741
902 133
31 215
697 608
317 538
326 382
607 134
487 82
863 309
373 391
360 522
701 342
908 716
5 902
2 812
489 54
563 514
106 351
471 869
531 321
197 634
512 375
1 238
962 996
277 290
425 130
651 96
24 57
275 833
692 180
643 911
425 547
447 707
890 489
385 74
56 530
535 217
877 394
290 148
380 6
148 219
920 170
560 8
712 767
167 198
67 994
408 204
698 944
265 922
102 666
997 492
644 65
584 118
247 971
77 804
758 331
48 490
678 566
700 818
995 757
530 110
875 582
685 974
234 798
958 179
737 500
459 659
614 366
634 659
819 415
432 378
909 31
186 477
791 508
258 524
462 746
455 911
39 608
653 689
922 473
817 564
676 514
533 543
780 246
100 512
109 556
621 570
772 940
403 469
303 675
771 690
377 228
545 704
443 499
771 101
145 443
393 773
318 711
162 414
693 72
746 619
946 217
456 559
429 597
277 962
48 763
650 827
22 947
379 139
355 695
743 61
257 244
405 984
441 852
988 170
945 757
230 470
31 667
918 203
6 359
4 477
49 270
272 13
591 842
513 145
962 805
2 391
134 277
174 35
697 306
995 588
524 38
958 21
27 420
555 80
143 384
402 685
960 68
456 348
564 305
992 899
245 28
876 788
968 296
789 192
494 308
116 427
628 608
417 39
491 449
1000 6
909 314
181 79
792 782
555 607
602 415
884 457
33 863
562 811
881 916
950 728
786 844
235 880
184 876
430 625
605 634
20 540
743 791
878 858
738 701
669 753
109 842
269 73
816 725
220 581
494 980
733 409
199 748
188 370
866 219
727 34
170 805
157 750
82 425
521 411
800 84
801 144
678 5
954 395
810 885
323 17
728 976
115 142
482 233
940 631
148 890
61 721
357 912
326 595
195 255
369 102
716 372
454 221
142 624
109 892
223 100
936 940
174 712
517 709
523 639
899 547
155 357
137 669
396 502
285 512
70 848
583 377
533 165
798 911
220 162
823 497
101 291
891 992
939 303
783 476
32 987
646 443
453 121
461 30
810 321
577 44
991 257
520 932
67 247
299 923
996 811
201 674
990 93
123 727
328 508
644 248
594 732
625 308
527 440
576 950
887 625
840 87
26 148
515 72
984 371
818 755
385 295
851 672
386 328
266 336
847 882
920 608
185 116
142 157
599 929
441 68
62 966
834 533
592 454
619 871
752 2
698 493
848 114
744 444
938 145
263 112
954 573
695 677
617 498
469 518
234 424
590 336
752 860
79 491
824 844
660 717
347 955
900 360
766 1000
456 191
983 682
211 210
51 581
256 752
663 781
369 42
833 144
483 139
18 452
740 257
651 169
188 607
396 594
611 20
79 636
612 102
441 421
13 110
295 99
140 543
727 307
479 813
925 247
135 80
342 316
186 511
96 461
999 125
594 890
93 721
491 167
339 477
396 116
345 768
783 578
119 487
320 348
199 559
38 828
442 962
930 347
487 580
558 233
436 275
916 679
397 735
673 290
633 762
402 158
712 225
79 152
564 462
321 422
881 246
354 211
853 38
248 271
989 726
993 986
158 0
554 129
170 978
913 822
911 901
71 300
766 766
801 391
900 941
614 998
296 612
115 56
862 822
223 512
659 364
553 918
606 72
270 714
707 707
214 402
215 718
155 779
479 896
35 28
538 666
409 91
7 28
224 1
204 850
762 969
557 840
564 542
81 939
647 128
330 630
260 687
997 529
663 650
119 998
753 899
530 824
678 878
61 673
118 586
370 553
695 901
817 365
287 406
838 176
66 914
339 736
629 937
381 182
644 28
14 325
780 816
804 647
368 801
348 411
722 171
643 205
562 413
519 244
577 983
984 338
859 706
811 267
589 658
862 756
431 316
447 467
498 622
233 612
325 221
806 959
55 168
198 957
367 349
351 281
664 615
902 651
706 569
528 286
649 538
613 242
47 642
499 347
50 368
327 863
586 594
576 160
16 189
122 191
379 841
51 103
194 177
227 72
59 449
692 260
740 941
997 404
86 579
546 369
81 884
980 942
466 315
879 276
855 996
762 552
485 399
206 915
947 96
248 159
730 663
