600 952 600 860 16
19 581
482 514
175 522
251 563
224 497
372 508
179 261
54 531
232 346
424 523
517 581
350 515
54 150
474 480
24 95
359 497
105 410
254 272
258 343
234 599
123 439
28 554
104 579
192 430
196 356
7 384
99 450
143 520
273 573
262 468
194 595
232 242
27 490
8 547
66 68
383 457
178 567
53 227
30 428
67 121
200 559
167 359
105 566
93 161
142 306
224 590
79 140
5 328
22 54
226 583
344 354
145 227
98 599
273 488
6 229
248 469
231 407
3 166
437 501
218 586
404 447
20 528
225 235
202 395
303 382
96 265
134 469
297 492
116 264
66 246
22 144
334 422
52 173
81 251
241 317
107 389
234 341
47 541
33 549
59 80
296 324
319 441
86 570
326 351
47 580
108 366
88 374
69 172
210 545
7 438
36 464
19 517
321 546
242 584
71 423
99 320
67 537
262 298
471 593
326 466
165 590
280 559
115 440
124 436
21 384
205 254
74 192
235 252
172 254
496 560
155 222
426 490
446 499
206 574
84 141
215 274
142 391
303 560
360 593
372 550
39 203
240 298
364 544
48 214
255 399
271 452
365 593
317 524
426 466
227 426
170 182
23 439
340 510
328 453
499 553
62 337
359 478
43 339
7 306
258 334
557 560
107 481
111 569
108 338
63 213
9 109
50 308
217 494
90 440
62 588
443 587
136 316
188 350
321 525
167 435
206 322
354 422
286 510
45 267
355 439
131 503
214 321
329 410
250 502
76 149
199 473
4 440
329 503
112 125
583 599
79 267
35 198
349 466
170 230
135 221
57 516
334 437
8 72
5 241
78 581
39 475
239 251
561 592
131 401
115 164
323 591
440 457
308 418
205 237
444 598
383 555
379 466
125 525
55 481
155 302
431 436
33 212
127 387
173 401
318 323
177 310
117 447
402 498
198 509
5 453
212 314
54 67
21 371
181 375
208 423
411 526
167 292
446 474
131 329
169 587
378 562
353 376
37 536
201 540
61 571
414 455
103 397
140 493
121 519
122 518
58 108
49 251
117 380
345 575
14 62
14 170
61 584
311 562
152 395
124 492
270 464
147 454
48 321
11 373
183 580
20 77
288 392
358 476
161 225
325 388
116 598
287 325
494 508
111 310
373 575
71 405
387 527
34 296
87 404
482 493
251 258
7 70
434 509
212 521
353 402
263 317
326 349
493 514
192 404
330 481
103 281
32 554
89 447
370 431
85 253
42 483
215 369
10 316
241 333
422 437
192 590
459 536
75 484
52 434
130 157
427 540
84 369
48 344
149 224
97 402
432 598
445 552
229 363
321 519
277 503
40 334
398 497
137 388
213 458
33 572
173 592
411 423
11 108
318 486
64 178
171 393
35 542
290 483
26 136
231 506
40 258
396 527
486 591
238 566
346 545
92 582
273 463
159 412
2 394
240 562
386 506
129 480
68 367
200 296
142 239
345 373
418 486
400 531
191 535
37 459
330 389
287 388
356 412
281 293
85 596
190 387
11 135
162 177
315 425
46 337
7 21
212 368
37 407
226 269
352 516
63 381
297 436
275 574
324 580
177 569
6 182
64 567
474 507
82 519
326 586
89 144
289 415
105 193
32 205
154 524
58 479
283 359
308 534
281 344
18 596
127 190
335 420
103 508
522 529
3 66
42 72
69 272
12 514
31 461
113 560
98 488
92 184
82 502
571 584
405 543
172 335
219 545
90 245
415 515
74 590
264 441
35 495
247 480
139 445
104 449
257 541
425 511
34 443
490 522
381 408
98 539
266 592
126 534
152 202
45 305
145 218
30 242
280 413
433 456
24 173
338 511
247 283
56 139
98 583
283 558
203 417
348 593
82 250
185 538
28 133
28 335
314 594
287 352
298 459
245 440
192 520
33 284
178 495
189 591
72 556
36 347
420 549
222 238
81 491
1 335
118 424
312 556
370 570
54 110
157 423
94 403
260 273
268 574
276 373
17 320
296 418
337 454
92 394
339 461
0 75
356 423
278 559
46 474
450 489
338 445
197 284
470 535
117 512
172 420
336 489
77 417
14 478
266 342
202 579
90 336
182 230
388 420
122 301
313 465
433 516
114 551
312 547
477 578
203 510
351 444
27 424
68 560
99 489
458 593
156 166
143 307
43 461
14 16
260 293
265 345
468 544
505 532
174 350
109 526
266 567
100 565
24 401
300 393
301 447
217 234
75 146
15 370
490 529
309 365
342 396
87 120
400 485
302 492
196 564
163 306
218 326
14 487
119 187
120 307
224 359
150 531
165 192
267 453
389 441
95 134
65 308
314 368
193 503
91 596
223 274
368 594
35 559
94 168
437 491
216 226
424 522
288 420
61 467
443 495
2 485
101 369
78 281
279 370
192 292
6 237
192 249
184 393
40 112
355 432
351 378
105 492
92 171
38 238
282 570
359 564
7 391
147 553
0 146
113 332
371 506
260 573
123 548
176 280
90 132
227 529
30 332
155 465
202 485
144 531
44 404
75 266
8 419
48 525
187 559
289 350
507 558
55 236
290 524
102 427
305 524
228 344
289 515
50 183
271 347
352 455
359 412
73 426
102 540
132 489
231 471
252 253
47 257
199 576
135 183
333 595
53 244
25 252
256 518
36 271
375 540
20 181
83 105
33 392
320 450
66 367
64 434
314 392
474 517
163 239
288 361
223 523
149 435
528 540
186 293
339 501
60 411
371 386
371 377
372 494
18 429
210 548
161 235
305 317
220 412
31 369
15 279
68 575
43 437
145 468
334 563
239 285
80 353
174 261
44 447
544 589
174 179
133 335
316 342
254 472
414 516
416 576
30 346
308 324
158 163
309 593
269 275
3 246
45 209
261 396
51 201
64 495
83 329
8 42
51 321
90 489
35 119
293 494
75 592
157 307
327 448
18 29
126 538
32 134
81 148
532 591
43 422
162 569
101 391
426 586
126 591
95 561
432 562
104 475
486 534
488 539
233 255
348 360
2 301
219 346
378 598
446 553
335 414
25 235
86 88
226 539
214 460
373 479
380 512
285 391
389 511
246 367
304 445
62 480
136 396
8 233
403 530
365 471
58 166
15 59
109 363
312 403
135 477
75 567
210 439
413 418
167 405
378 432
300 576
474 553
222 302
69 109
256 582
58 571
519 546
2 207
330 511
399 493
189 538
401 410
158 306
195 391
47 322
278 495
205 472
103 550
99 383
80 88
242 346
229 254
66 575
43 106
245 451
164 241
153 355
287 376
126 189
538 591
26 454
315 467
49 285
232 577
211 303
330 331
518 582
74 430
203 449
79 163
169 190
346 362
364 468
4 448
84 381
165 435
269 294
118 466
387 396
70 438
108 479
123 355
134 248
28 131
21 259
131 433
210 219
185 191
139 477
113 367
404 520
291 304
249 447
273 274
176 187
63 175
513 559
160 413
264 389
138 553
262 311
8 312
177 243
355 390
36 431
151 505
334 354
85 120
57 352
348 407
41 216
342 387
213 522
24 592
495 587
150 475
30 362
108 135
131 456
27 466
417 597
405 520
57 374
327 551
43 293
209 524
361 549
400 475
110 504
332 367
32 237
344 525
31 501
241 305
33 361
114 164
96 151
140 251
277 570
440 568
228 334
102 258
12 482
209 399
306 438
115 568
123 240
94 530
46 553
42 233
9 392
12 204
109 230
562 585
76 165
183 477
407 421
59 279
295 313
156 373
136 188
188 454
128 492
246 584
191 470
187 465
11 100
186 215
155 542
517 550
1 456
168 510
16 248
359 442
467 571
439 548
488 599
426 529
184 256
34 278
319 467
125 201
241 263
24 554
85 93
298 311
254 335
532 538
20 375
335 455
12 255
122 394
31 101
266 561
147 337
58 315
40 228
384 391
56 580
441 467
310 371
4 568
250 398
357 518
100 535
214 344
95 592
140 358
193 282
407 536
14 480
319 425
200 418
164 448
234 573
24 28
57 97
187 280
179 269
251 491
543 564
162 243
337 553
166 571
360 544
10 134
71 130
13 146
279 347
59 452
480 588
230 526
383 551
262 585
178 587
212 392
456 516
226 289
216 379
188 500
102 112
6 472
132 440
63 84
1 131
302 406
40 125
386 471
106 281
46 480
100 221
436 492
114 448
138 372
113 382
144 400
299 522
446 517
138 147
28 205
357 576
119 542
34 587
39 104
275 580
247 474
98 226
128 282
296 308
41 273
212 284
154 317
69 392
162 451
113 428
76 590
70 245
65 180
409 449
270 271
255 482
4 555
326 481
385 388
70 451
243 451
368 521
94 286
79 239
461 533
145 585
190 322
82 581
194 462
179 396
11 548 364 484 143 147 424 263 323 299 369 283 507 567 109 378 337 440 496 271 0 50 591 467 534 94 133 138 145 120 368 167 242 257 373 265 527 56 74 67 391 2 482 236 355 508 258 515 409 87 326 78 136 166 7 150 160 150 286 429 594 262 365 435 268 470 455 450 179 183 203 266 561 510 248 109 93 23 91 61 232 105 335 268 496 226 489 446 545 424 146 434 579 251 254 334 198 309 397 550 188 425 327 408 223 392 120 537 388 551 270 569 291 434 501 65 537 506 490 20 179 391 385 536 139 219 342 331 85 269 94 210 38 7 340 35 352 559 97 326 593 177 382 252 575 335 488 555 580 498 213 441 226 412 532 163 3 296 115 313 64 176 45 269 152 356 525 240 306 37 585 167 590 447 476 486 560 309 290 161 595 198 254 258 488 75 55 15 13 309 540 149 61 101 533 320 595 530 139 478 373 234 413 301 456 567 548 108 375 19 404 559 132 25 528 8 500 271 518 214 207 55 63 19 182 24 79 96 152 23 50 296 580 98 101 332 84 6 406 442 5 407 478 290 506 463 38 595 65 268 217 506 82 393 490 5 68 175 475 121 309 145 362 384 6 506 134 88 338 460 210 239 534 331 324 381 406 327 466 542 362 162 202 86 158 262 87 43 489 480 229 332 343 518 27 578 286 482 179 384 501 348 77 189 229 520 580 530 319 531 282 41 188 371 238 153 457 347 237 282 326 526 44 527 147 19 231 439 233 205 496 174 200 321 365 466 275 425 232 231 230 84 113 463 519 152 571 30 462 486 422 390 362 290 569 126 303 105 484 201 167 579 169 384 171 189 486 172 421 461 218 144 492 190 452 529 67 74 550 489 373 314 46 202 143 459 193 84 286 289 277 102 561 433 190 315 283 239 78 546 459 585 92 180 434 586 517 166 227 224 118 325 126 233 312 577 514 248 62 557 447 289 86 462 117 497 458 288 311 263 409 549 405 104 180 389 497 29 525 415 66 593 515 422 263 308 305 295 19 489 62 257 335 96 570 259 247 108 204 297 512 321 257 101 410 152 496 126 177 503 70 459 551 527 550 356 7 288 463 188 76 124 14 433 434 42 363 331 530 135 334 224 310 448 564 385 471 298 293 64 349 221 56 315 380 127 304 426 513 256 248 435 218 328 296 411 403 183 334 52 240 480 241 409 555 470 387 8 588 385 381 272 172 297 381 250 578 343 484 86 59 95 53 299 473 395 234 59 544 378 536 125 270 230 340 419 431 335 25 62 241 210 313 45 39 479 432 160 293 522 215 220 266 230 252 357 421 567 425 189 581 492 66 496 467 406 435 39 33 345 145 284 477 64 174 569 245 413 292 295
300 214
177 289
216 942
856 87
890 897
760 848
215 451
836 708
567 934
127 525
374 398
747 137
559 877
367 230
297 527
105 109
278 448
927 974
62 841
447 603
488 862
844 680
316 840
949 296
262 292
5 644
412 435
756 443
231 290
90 787
900 149
686 630
285 364
55 437
472 164
362 133
46 12
980 544
250 169
322 898
543 736
631 443
596 997
620 597
143 820
705 886
370 506
579 199
485 738
694 733
608 131
430 790
279 179
868 463
366 839
717 341
620 242
70 270
801 180
59 106
149 562
853 194
321 464
805 557
362 198
571 94
859 46
366 783
866 13
144 422
851 735
187 709
532 973
799 418
316 793
360 259
292 708
429 846
487 638
709 793
12 178
663 711
401 677
209 189
769 583
32 766
123 153
123 794
85 156
200 854
954 831
1 809
134 945
53 695
462 950
297 316
769 38
78 217
587 426
979 921
675 98
709 657
566 757
493 571
317 951
221 142
565 633
779 312
722 188
119 496
398 835
998 765
534 769
936 57
812 997
840 863
871 264
102 840
717 424
381 99
117 761
376 753
110 898
994 315
215 38
519 799
624 56
491 281
179 76
311 494
137 689
171 222
968 875
199 308
321 368
695 165
448 400
41 368
462 518
627 209
672 816
783 621
769 715
143 734
235 846
907 408
336 219
472 477
705 699
254 664
291 890
722 31
168 996
969 346
701 987
307 75
804 105
86 672
835 801
203 551
467 78
55 635
929 782
779 782
821 938
268 742
829 121
231 689
461 910
450 216
250 556
116 977
135 375
280 261
504 346
758 535
394 47
957 771
415 193
513 306
614 90
531 855
237 489
642 136
71 945
687 37
653 567
366 59
494 411
615 27
449 263
716 68
228 781
176 131
811 857
741 654
176 651
4 432
333 145
0 888
478 115
461 797
246 969
370 920
525 919
242 352
527 257
195 886
97 617
698 918
989 209
991 47
76 512
797 520
468 691
712 577
668 414
523 515
867 399
947 239
231 579
693 132
284 102
711 516
288 651
63 606
606 370
855 431
518 693
209 404
186 492
975 631
915 226
626 950
537 471
22 606
688 299
259 406
289 149
751 772
982 383
765 908
886 183
920 750
828 514
878 803
865 128
315 561
325 411
213 813
374 717
669 762
24 672
15 714
191 367
639 900
51 907
503 199
585 733
874 689
590 527
482 373
931 453
780 948
841 261
776 5
353 306
694 840
559 231
581 328
4 74
45 41
169 399
649 490
667 529
585 263
758 101
147 201
423 126
86 74
434 43
545 600
205 97
340 620
17 472
744 737
374 965
50 303
111 440
566 367
656 978
678 372
224 737
616 564
631 300
423 7
538 140
234 15
975 458
717 545
40 953
165 874
271 48
953 24
652 341
734 928
798 757
107 714
535 105
857 592
987 717
955 424
497 958
390 6
82 548
765 191
385 362
747 996
494 39
788 237
971 992
455 758
521 223
552 16
574 165
14 315
810 364
841 984
773 813
206 230
791 284
727 313
906 116
792 897
566 708
158 340
993 822
396 464
714 264
626 643
426 902
509 436
421 347
621 729
516 660
805 2
926 176
81 36
949 606
779 372
533 395
856 361
92 301
7 236
545 657
933 328
169 610
16 933
629 758
258 635
905 540
83 423
984 141
159 469
872 521
893 613
690 205
893 56
41 546
746 619
147 60
909 677
507 542
780 81
110 194
566 834
8 286
896 724
886 368
735 387
129 869
816 597
998 98
942 944
805 686
85 333
941 657
409 276
38 334
823 303
918 286
756 689
74 467
58 984
177 936
218 994
450 346
481 598
344 731
673 885
260 905
247 265
33 204
431 990
159 790
174 744
284 2
991 601
820 642
343 991
241 222
139 595
192 580
458 20
123 297
536 336
24 982
388 888
509 87
552 907
107 367
949 576
579 660
126 662
706 462
754 219
814 446
582 806
953 109
61 796
284 809
106 0
891 331
129 229
324 182
250 711
169 25
607 671
833 770
988 281
887 865
841 227
262 602
442 152
831 337
668 265
421 552
177 831
873 960
313 981
990 968
892 775
29 125
746 885
448 439
117 327
159 251
930 873
862 552
954 510
442 656
654 622
840 833
636 542
17 31
345 35
766 401
805 209
897 445
375 432
747 68
920 637
240 383
6 858
377 573
263 942
612 793
659 177
285 554
789 147
357 532
762 347
603 869
628 999
323 269
230 916
553 51
266 485
593 462
996 895
794 467
642 687
233 87
654 859
578 579
391 165
900 10
336 664
43 249
430 518
498 492
651 658
372 686
168 179
353 873
737 2
984 673
364 601
547 564
354 170
426 931
758 255
81 866
498 138
600 830
527 365
117 266
406 587
51 872
413 766
199 762
3 566
763 503
686 486
674 945
516 725
165 534
457 308
475 823
841 475
392 994
295 861
661 4
674 600
587 67
728 99
998 511
346 805
655 53
614 400
548 801
529 173
330 103
206 664
899 502
982 175
433 727
491 920
994 248
57 397
450 555
881 997
613 272
415 492
262 325
910 928
499 988
993 7
370 634
428 83
923 29
353 352
931 364
613 700
214 632
642 102
246 122
396 232
848 901
964 800
144 132
838 159
6 371
605 500
552 288
818 57
1 964
881 233
668 229
288 997
606 179
406 624
101 929
561 404
867 159
937 401
827 398
447 182
359 479
936 487
307 736
592 1
297 287
899 574
84 581
806 816
32 798
453 870
879 299
543 434
