600 1501 600 767 21
378 481
231 507
292 394
542 585
24 529
501 580
94 123
80 163
126 278
37 63
116 184
278 336
262 500
5 539
503 518
386 441
11 246
32 344
41 176
493 565
1 228
374 384
160 417
405 524
163 376
428 565
498 599
77 369
297 497
42 345
288 559
533 567
165 426
370 567
346 450
337 365
150 596
357 378
172 396
132 443
39 157
425 465
511 549
25 554
438 531
225 521
336 557
107 528
266 421
232 287
136 275
249 550
161 403
40 230
68 404
362 433
132 364
163 223
11 461
119 300
441 516
230 270
114 458
172 304
316 483
147 444
242 404
142 592
314 434
176 185
75 88
180 294
46 385
278 426
167 257
397 404
171 173
475 556
102 360
243 548
311 456
265 430
85 136
167 202
115 353
255 327
17 351
9 212
256 487
277 341
147 302
355 462
293 554
97 237
58 218
389 466
137 211
81 485
57 273
122 564
37 169
251 541
154 525
224 379
238 411
182 335
426 498
367 536
178 183
306 516
348 539
117 355
15 204
79 496
193 486
449 596
207 419
426 561
80 433
132 270
226 421
106 328
71 207
121 466
18 238
432 581
289 541
260 535
238 295
24 512
25 455
426 431
308 355
443 447
84 319
94 546
39 458
334 589
29 157
330 375
30 262
49 116
419 485
3 475
31 240
39 136
181 459
242 264
146 217
27 403
93 449
186 236
81 496
430 481
196 513
96 283
286 356
66 294
160 286
328 353
83 90
400 412
445 569
65 153
129 327
277 562
334 478
109 475
53 188
468 552
127 398
315 414
183 242
123 220
25 214
252 438
391 434
99 413
32 162
49 459
78 330
19 131
112 233
187 239
197 499
75 226
275 482
89 105
210 575
6 166
227 507
349 491
157 166
375 444
150 479
409 482
137 138
120 364
49 184
525 568
97 411
19 271
207 319
479 540
29 420
206 343
209 445
83 343
53 384
550 585
188 330
2 309
9 521
148 368
111 439
79 108
158 310
70 193
101 258
32 428
92 159
174 407
410 563
58 495
147 209
96 482
75 404
423 524
336 462
251 435
322 507
151 337
549 552
353 474
144 350
131 316
98 420
416 576
254 408
70 196
102 286
310 571
122 534
390 465
331 531
584 596
289 486
258 471
203 273
434 479
233 291
106 342
237 347
84 207
370 525
195 221
224 388
259 519
148 172
150 540
365 479
201 260
182 559
579 593
20 364
129 440
250 419
114 549
76 167
432 551
13 296
50 461
90 393
150 523
76 380
171 329
83 390
186 575
54 274
96 420
25 423
36 316
312 394
103 171
131 271
105 548
94 494
155 401
64 102
252 370
263 394
105 266
206 300
248 536
33 166
278 553
93 115
188 205
193 344
478 589
234 556
179 392
201 529
223 234
264 551
122 211
79 451
86 121
165 397
148 359
176 549
448 542
5 367
57 203
381 447
452 460
536 539
300 343
259 478
2 308
215 307
126 336
478 586
94 349
202 265
168 504
463 500
130 157
99 282
434 529
265 385
306 386
485 598
0 335
403 435
379 488
249 272
100 126
121 591
173 329
128 310
209 370
0 291
186 347
213 239
48 93
293 520
95 479
87 151
271 442
98 306
155 384
225 340
79 422
106 184
66 540
141 543
314 365
504 532
90 343
27 161
6 208
133 428
112 182
260 584
253 594
143 520
91 531
456 472
60 513
272 276
190 277
11 583
233 539
454 569
82 259
22 396
185 241
310 592
126 170
33 116
48 559
17 523
238 369
59 287
32 565
418 598
121 389
100 178
360 509
182 248
14 430
165 561
517 561
403 509
7 394
156 478
135 417
352 353
321 446
110 294
171 436
3 358
6 116
11 124
95 584
192 237
279 550
458 549
123 217
280 577
225 299
195 208
221 353
381 494
126 165
236 295
124 329
304 417
299 340
18 297
51 402
102 403
427 539
272 381
44 101
164 313
507 594
65 569
251 473
193 333
87 212
271 501
24 508
162 563
297 427
274 295
561 599
117 178
395 424
23 402
43 59
50 515
16 246
287 533
62 405
420 489
81 422
362 549
241 470
321 361
298 414
305 407
354 459
61 360
67 354
371 505
25 327
106 116
285 423
178 462
164 490
154 568
279 400
103 443
249 413
9 299
292 313
56 240
152 216
443 587
17 150
377 558
36 90
317 599
104 549
78 188
71 141
11 16
78 500
73 294
462 557
237 290
576 577
187 213
249 282
227 594
210 429
323 385
338 398
133 426
449 584
139 202
133 493
173 371
466 591
119 315
215 333
317 517
114 578
204 287
65 331
419 422
168 181
60 196
87 521
229 511
24 547
7 263
19 393
21 191
134 261
221 284
15 122
212 213
327 423
29 268
226 379
161 230
146 203
519 593
190 332
57 217
104 205
326 591
34 463
342 504
284 367
1 242
133 431
366 595
23 51
455 588
217 273
197 476
194 485
189 483
167 526
204 387
148 304
318 529
185 227
143 174
300 476
120 252
68 170
110 310
373 414
155 471
457 534
391 512
130 195
123 349
227 470
75 561
122 533
23 517
111 326
224 421
190 594
330 401
280 372
120 370
429 575
36 153
319 502
4 475
82 415
88 548
152 280
198 359
128 158
161 339
24 535
449 523
108 250
101 588
385 430
68 100
206 271
111 308
303 554
97 290
222 245
147 399
41 480
270 568
154 509
262 468
65 147
234 293
222 247
157 268
44 588
55 464
314 337
128 213
40 94
92 296
375 408
37 492
527 585
11 113
100 242
152 416
65 316
96 211
175 527
121 307
508 598
301 534
53 570
81 419
544 566
60 320
148 395
306 441
469 572
340 512
26 553
192 543
260 267
2 439
201 535
133 565
69 462
15 533
216 232
43 525
548 558
51 162
289 403
127 464
244 563
53 376
300 373
157 208
67 459
193 431
553 557
61 416
356 486
356 403
183 551
205 552
63 492
256 400
101 235
166 268
64 509
148 160
239 357
257 450
220 273
103 272
293 595
412 487
159 296
77 560
247 401
22 294
401 452
331 569
22 172
122 177
79 361
408 499
135 160
305 562
52 414
478 579
40 447
367 474
107 240
269 327
159 319
207 502
166 489
337 437
238 593
435 541
42 182
319 543
312 400
132 230
99 542
20 132
370 438
159 207
259 470
125 302
85 482
27 509
276 550
110 365
34 500
23 133
245 298
165 170
293 303
15 137
32 58
311 472
212 521
397 561
197 425
40 491
428 431
33 145
257 383
47 586
406 425
246 580
88 558
120 525
107 522
74 314
10 369
314 382
4 63
128 503
269 440
27 154
189 329
183 264
162 493
276 530
102 160
272 447
311 572
113 580
295 469
82 227
168 359
160 368
398 462
209 301
150 351
227 231
415 507
7 542
36 131
73 198
38 534
159 485
91 331
302 457
586 589
37 358
82 231
517 599
528 578
190 407
512 547
366 374
51 142
203 276
21 337
118 578
214 235
266 537
76 257
338 464
205 262
47 484
138 372
28 340
89 421
145 516
134 307
197 254
175 263
410 495
348 427
134 333
21 365
251 333
156 589
470 480
168 198
32 218
235 455
12 307
274 348
446 598
314 437
75 558
34 262
68 126
534 564
199 394
59 533
5 536
156 290
154 216
8 386
308 439
1 404
23 317
276 487
229 549
363 419
74 437
286 495
233 335
144 364
180 365
29 136
63 594
200 414
44 235
41 219
312 467
42 456
251 261
307 309
50 542
191 213
423 588
123 473
33 459
31 56
77 579
64 360
133 317
379 545
150 449
85 275
80 362
219 240
53 366
530 550
342 449
71 108
65 281
151 521
58 325
293 556
227 241
30 574
311 566
311 418
82 470
288 345
37 227
110 158
46 421
437 512
43 154
139 450
582 593
338 462
42 566
418 485
11 140
152 387
107 555
24 391
217 220
34 125
251 486
258 460
48 536
203 494
6 33
0 566
142 571
2 464
370 533
7 292
264 581
402 488
174 554
181 359
318 434
213 357
70 513
41 549
325 486
174 303
140 583
41 114
206 583
129 255
113 271
70 553
124 461
104 188
218 495
165 278
400 550
248 559
193 196
333 486
126 178
17 532
171 281
43 567
95 318
223 366
448 505
4 358
4 277
107 219
299 378
464 513
14 239
488 517
315 476
69 338
198 504
299 521
127 338
461 515
64 403
31 528
124 179
382 391
228 264
95 260
282 413
134 251
3 169
33 354
272 413
456 566
62 423
10 238
191 212
199 312
115 367
260 472
182 288
369 560
40 587
233 274
5 56
99 585
72 467
185 506
445 454
173 392
142 244
413 505
6 195
241 506
101 460
111 389
484 589
107 114
93 559
95 529
383 581
210 296
79 81
262 552
366 514
354 386
140 313
10 579
121 123
54 233
306 372
22 142
483 501
374 514
41 241
321 508
279 527
118 221
79 547
179 515
528 555
60 333
94 381
198 396
376 570
253 507
357 430
489 516
174 269
30 549
276 412
254 315
8 577
138 152
178 355
85 96
94 220
245 254
291 544
16 124
263 542
80 570
103 505
18 470
168 342
252 364
65 399
186 295
197 573
290 560
262 574
268 489
409 564
2 55
449 559
112 248
217 326
103 413
263 585
261 333
343 393
66 73
190 305
21 151
458 578
59 232
38 147
350 438
334 586
442 583
296 543
112 335
315 573
62 524
229 570
13 572
424 576
97 560
20 144
383 558
98 137
257 380
161 568
33 441
171 316
486 541
51 244
479 584
325 344
163 475
525 567
56 284
389 439
148 354
35 298
335 538
435 477
302 534
221 474
148 417
308 398
337 340
418 508
237 575
195 353
399 465
180 540
245 414
336 553
361 446
266 323
294 396
211 409
118 528
32 431
314 512
131 393
112 539
1 75
406 476
139 243
41 522
177 209
475 562
23 493
320 464
186 210
109 169
381 546
199 467
377 383
113 501
46 537
5 427
152 576
254 499
117 183
106 449
365 540
504 523
40 443
222 460
360 424
349 473
12 134
136 283
360 416
95 201
366 376
186 411
364 568
27 568
429 543
226 488
172 359
440 524
243 558
266 385
341 594
182 345
347 575
313 461
75 228
291 335
37 185
34 275
342 459
15 211
142 294
200 245
122 301
130 578
556 562
118 130
217 591
48 248
129 269
8 395
51 563
42 472
200 254
139 548
45 72
59 567
203 412
403 477
47 332
375 500
155 258
187 379
464 553
375 510
28 337
203 220
84 502
86 473
137 204
171 483
139 346
35 101
108 363
171 189
7 461
291 566
379 402
214 453
14 46
380 383
330 510
77 290
92 418
174 305
401 510
62 588
234 366
317 426
190 341
245 247
314 479
286 403
344 431
402 518
332 594
58 286
39 130
269 407
18 497
36 465
324 432
240 497
298 460
10 582
279 585
484 590
42 260
187 224
472 535
200 315
130 221
23 488
328 352
304 563
178 336
276 494
378 430
219 480
468 549
116 352
223 376
238 259
401 408
377 581
403 541
302 444
35 460
555 578
55 320
156 579
495 563
310 518
86 134
226 517
112 536
136 458
436 531
68 242
3 37
366 384
388 421
265 323
500 597
110 180
324 383
86 307
63 277
160 410
170 397
151 225
129 524
371 392
177 533
345 559
245 408
92 311
52 315
310 503
80 376
369 411
51 518
268 420
168 459
236 238
255 524
254 573
340 437
313 490
18 427
143 556
402 545
264 432
66 180
360 368
25 453
321 451
121 473
38 209
211 482
53 229
216 416
155 330
98 516
145 441
234 475
51 592
331 438
218 563
47 415
2 307
291 469
236 411
309 389
114 522
508 535
283 420
41 506
28 437
391 529
219 497
438 445
187 388
448 515
113 246
435 473
151 340
181 354
145 166
206 442
138 387
153 399
93 328
362 511
296 429
280 576
286 325
179 371
231 415
224 226
0 42
56 497
125 457
544 572
77 156
216 360
74 337
112 538
102 368
192 575
103 436
155 374
187 545
187 503
214 293
72 394
230 568
131 501
8 424
246 501
41 107
206 393
78 205
389 591
143 562
76 149
274 539
303 520
498 561
4 37
96 137
182 538
95 434
120 568
265 526
149 526
10 593
166 208
349 477
265 548
359 396
26 426
135 410
91 436
68 397
103 144
56 427
344 486
13 469
55 307
105 323
8 354
444 500
427 497
118 284
33 49
214 595
433 549
424 577
413 448
249 585
349 435
149 432
192 429
322 415
418 535
518 592
257 346
97 347
58 344
130 208
83 476
71 250
40 339
159 419
361 451
43 216
293 366
184 342
444 597
110 142
358 475
115 474
520 556
6 352
253 322
45 313
284 474
147 454
31 118
35 588
194 418
162 565
114 555
142 304
276 381
46 266
136 420
216 387
121 309
45 164
161 477
3 109
210 469
209 438
75 397
346 383
374 471
179 448
187 518
368 424
177 301
98 138
175 312
325 356
45 490
220 494
39 578
22 304
444 465
299 430
244 304
343 476
339 349
150 584
75 517
197 406
140 490
81 446
272 550
423 455
88 226
121 217
144 436
176 433
252 350
26 193
36 390
471 514
490 583
176 506
124 392
45 292
385 537
32 563
34 482
30 468
320 333
238 519
7 313
238 348
277 305
60 464
296 319
78 375
446 485
97 369
216 509
62 285
9 378
33 67
4 562
49 342
125 597
213 378
239 388
405 440
298 373
153 316
281 436
222 401
425 499
76 526
89 266
138 280
461 542
471 595
235 453
106 352
238 470
139 558
382 512
47 322
90 131
141 237
324 380
308 326
262 275
300 315
410 417
109 163
487 530
146 412
316 501
464 557
253 332
158 365
92 572
285 588
169 433
21 87
235 471
112 507 307 253 226 468 498 77 49 490 100 149 501 7 430 398 339 437 523 66 24 331 454 496 119 438 64 550 523 350 541 579 190 177 595 176 389 3 421 299 233 243 261 421 204 117 342 362 540 481 594 346 314 22 475 105 405 552 492 20 554 473 454 444 564 222 271 512 219 22 307 504 466 439 1 208 110 359 172 529 121 423 30 303 38 459 242 481 554 263 512 101 46 255 342 450 219 340 249 179 339 430 308 51 280 125 323 433 491 274 499 181 182 316 283 200 531 171 324 317 336 395 386 329 599 509 157 495 300 314 136 55 84 264 404 398 54 143 57 70 383 21 474 369 583 287 433 552 95 193 76 18 490 574 353 470 512 437 527 100 95 467 50 466 249 215 172 237 186 130 64 60 209 430 388 439 69 251 225 586 376 354 191 308 128 147 95 521 86 215 304 183 497 398 131 127 375 327 178 22 420 424 341 225 364 250 519 225 16 404 490 486 296 346 3 506 460 518 7 459 420 580 554 338 424 456 354 439 66 275 295 499 157 171 419 120 325 47 53 363 63 211 383 419 454 588 484 595 265 207 522 364 151 470 222 254 549 190 38 389 328 431 413 406 374 276 571 503 301 94 550 552 343 395 599 312 376 480 246 519 273 274 520 539 203 96 494 561 107 27 255 408 586 413 0 138 177 102 151 509 25 59 119 109 263 226 599 19 538 348 586 385 366 63 71 232 145 118 207 204 498 11 63 145 126 373 554 254 520 279 417 341 381 379 388 188 207 488 9 238 599 408 7 55 129 227 593 50 562 125 100 500 494 508 188 48 124 402 524 44 85 307 229 312 448 394 362 467 344 91 390 293 59 519 200 25 175 408 140 68 204 480 510 254 164 259 434 354 576 304 484 428 17 539 315 64 269 580 85 438 280 292 189 157 215 151 134 135 250 523 375 49 270 487 18 173 182 372 2 594 193 100 462 579 0 132 80 232 343 570 443 513 66 43 536 327 80 244 327 37 383 84 102 442 64 364 308 117 285 428 17 249 26 341 514 82 419 25 479 547 586 592 102 517 374 38 354 28 320 440 356 262 135 31 373 459 231 580 303 456 307 566 228 332 444 399 97 39 1 177 359 79 492 472 138 504 306 598 471 242 412 239 300 247 55 106 254 120 412 475 452 520 351 170 556 101 183 324 278 305 587 488 261 257 555 448 351 169 125 180 334 130 116 327 154 176 3 412 597 516 513 445 222 118 308 584 196 368 567 291 135 585 52 347 22 77 197 175 57 388 544 294 11 127 555 168 338 391 20 308 456 129 199 366 51 548 162 392 153 154 563 477 246 158 491 274 232 311 509 562 73 45 194 501 157 261 302 573 157 112
236 773
881 813
936 542
150 317
106 313
243 588
398 549
884 87
545 543
559 954
76 611
721 27
861 508
128 812
671 947
495 334
726 81
442 724
167 567
587 26
751 257
512 900
550 704
699 757
291 884
110 91
852 656
703 387
423 983
394 443
379 374
240 506
761 642
450 548
429 268
249 15
551 111
117 361
526 239
360 442
820 327
163 443
259 780
589 389
194 72
907 12
701 930
18 448
289 639
415 583
832 127
667 699
421 26
237 252
182 694
912 557
228 553
954 367
737 634
578 365
862 579
611 457
68 15
67 338
663 471
610 179
495 761
469 576
890 745
961 595
864 624
13 981
949 11
492 721
415 945
846 809
944 986
26 659
342 267
210 977
218 336
181 937
53 445
503 77
49 924
446 357
889 489
518 928
807 880
796 905
527 68
646 196
122 859
329 643
860 346
358 851
468 370
22 724
478 436
856 168
937 741
214 52
650 515
802 249
294 330
803 941
380 625
226 429
123 988
170 332
538 803
981 481
234 688
636 48
262 413
313 605
386 566
1000 702
279 503
448 21
673 343
916 454
493 296
891 415
754 91
443 243
915 714
922 575
585 864
18 61
315 488
565 73
733 301
777 681
846 491
632 592
403 398
518 391
535 450
901 945
794 31
22 880
625 722
89 224
714 245
450 500
983 383
529 187
584 586
987 996
387 784
503 962
580 446
587 146
640 395
261 126
5 612
380 466
554 831
102 902
650 572
750 380
714 660
173 303
886 18
855 698
416 510
907 984
487 637
180 360
866 735
712 170
562 650
731 177
50 161
994 153
163 376
526 288
943 721
787 143
485 787
518 599
277 737
978 762
396 605
144 384
71 766
672 868
276 280
713 127
19 269
534 892
20 817
819 649
129 912
345 545
828 583
439 96
496 675
981 51
389 52
304 846
859 982
958 344
512 358
304 284
573 2
57 952
359 520
551 251
106 790
480 351
533 955
586 921
136 146
851 531
606 434
938 419
707 626
211 460
907 379
301 525
312 82
169 261
733 861
509 985
777 867
84 374
892 855
237 305
755 340
65 409
572 402
203 700
145 218
187 102
115 711
2 783
131 607
710 894
211 493
133 448
936 774
879 910
641 704
365 78
688 79
356 114
268 678
888 194
70 972
827 476
660 293
18 354
391 106
65 84
959 207
937 948
228 94
99 515
316 808
830 514
362 313
941 103
954 794
810 989
742 945
335 833
405 475
30 113
729 335
616 53
855 249
940 387
189 665
408 325
929 291
64 288
873 680
959 165
537 474
666 194
852 204
427 380
253 558
91 24
717 570
536 378
304 712
742 494
12 674
187 749
913 41
128 195
524 751
170 710
87 846
193 538
312 46
555 997
477 14
532 259
468 217
77 186
601 627
41 255
490 498
905 509
982 546
923 490
599 829
198 820
999 82
856 36
420 919
432 52
604 114
791 723
334 875
75 892
852 559
264 949
28 400
772 979
972 896
734 603
997 442
52 101
358 628
727 143
301 186
609 222
5 313
820 539
20 502
242 748
920 653
463 975
941 588
787 367
450 999
30 291
437 631
513 28
757 592
296 753
914 925
49 749
184 624
837 398
669 256
448 769
373 584
335 577
508 569
989 674
732 538
648 935
120 332
527 617
631 469
230 948
235 349
105 963
702 299
475 851
175 194
254 621
639 536
46 668
623 316
796 176
492 469
416 5
230 178
361 189
198 292
889 883
610 969
729 811
970 922
881 309
398 925
932 900
229 207
718 979
496 519
549 412
698 873
950 503
525 109
341 927
747 130
534 34
945 48
576 555
525 695
865 765
981 591
561 141
995 208
320 139
699 791
746 443
899 774
34 7
480 90
0 211
367 142
448 292
655 621
65 700
988 309
834 222
366 41
50 423
586 469
608 592
169 882
114 943
434 424
737 923
157 948
96 54
593 521
461 114
821 688
211 577
763 662
45 811
690 981
787 642
992 884
204 356
357 896
806 437
680 228
398 971
631 269
975 503
0 35
464 523
629 6
790 284
415 207
590 254
212 937
844 267
829 160
359 689
898 965
275 967
285 114
167 117
568 223
150 70
214 790
458 261
320 415
469 600
278 58
837 72
972 626
417 250
902 588
496 142
954 473
1000 33
338 347
152 775
118 489
200 132
235 817
865 421
276 588
139 285
448 73
777 426
26 547
410 854
184 482
649 958
450 327
650 124
2 482
146 929
764 553
986 228
723 780
434 462
798 1
823 357
90 350
713 697
907 341
685 619
186 957
190 514
801 749
437 134
392 248
628 93
29 914
636 861
465 643
798 207
146 418
57 358
240 900
664 442
309 167
240 325
367 961
869 604
208 184
798 102
459 461
806 805
650 811
97 575
91 204
535 991
199 434
429 675
36 43
636 352
890 1000
943 141
240 459
316 887
942 244
658 222
493 698
537 334
494 266
284 856
245 655
729 961
252 710
208 650
444 803
784 462
864 126
69 856
186 794
682 807
880 342
297 1000
838 928
261 362
938 179
975 807
318 329
899 649
63 136
252 437
109 224
907 629
868 892
315 688
31 699
839 749
69 262
695 645
468 283
751 683
205 766
595 333
702 356
589 223
214 310
566 806
168 804
419 94
375 354
48 780
558 504
568 522
309 466
39 613
635 73
952 891
97 599
682 3
349 796
917 150
43 492
770 320
176 9
0 510
23 468
969 440
606 766
71 578
34 329
173 154
372 753
440 213
203 891
810 776
