600 1272 600 814 23
26 353
281 389
127 263
434 457
111 595
435 526
360 464
9 569
27 322
236 565
234 237
309 336
492 580
209 303
455 523
132 594
406 500
568 576
319 555
323 446
444 593
205 259
201 339
159 173
315 374
60 193
280 288
309 363
244 300
99 124
88 401
388 545
210 324
343 457
13 277
97 164
24 522
37 575
395 489
407 459
88 315
199 273
84 119
123 561
9 90
234 499
256 357
67 496
306 337
223 450
346 546
386 478
15 234
17 502
70 298
232 488
153 239
231 439
9 91
339 429
184 444
83 172
104 472
514 591
157 229
28 500
119 162
10 68
345 423
163 234
228 564
248 573
43 116
424 425
318 494
38 425
446 569
86 331
499 529
128 195
277 304
63 143
117 238
367 452
396 574
184 331
420 591
424 450
59 548
10 419
56 340
245 326
76 283
305 374
257 275
36 422
180 535
213 269
94 313
125 439
228 486
147 250
36 123
84 393
424 575
293 434
341 442
177 556
20 475
462 546
310 417
112 408
422 561
463 587
432 486
155 517
228 505
123 475
42 391
98 526
117 473
332 364
237 358
329 572
95 276
85 527
60 515
218 367
292 494
183 223
318 533
62 108
308 570
195 483
40 200
292 593
39 245
316 553
54 377
177 430
224 455
248 544
247 299
373 531
141 153
7 452
231 359
147 588
86 415
553 579
18 586
3 319
57 433
97 243
49 310
79 580
50 112
5 200
152 307
57 545
24 50
349 407
173 576
107 405
493 599
307 416
346 561
32 66
10 277
274 530
84 357
206 481
9 446
237 366
258 523
12 60
324 569
186 460
133 436
33 236
215 535
95 415
129 212
125 205
318 539
1 282
482 542
11 376
223 333
86 572
177 317
192 587
72 220
100 242
314 569
189 363
14 245
28 165
15 442
72 198
128 483
394 469
61 177
250 588
107 572
395 551
98 387
194 471
162 424
42 577
70 145
1 245
72 76
201 260
21 319
352 367
10 122
41 429
266 270
99 254
437 474
95 160
73 112
137 334
39 392
98 178
126 352
10 13
468 537
237 499
108 488
138 384
23 118
362 411
29 591
315 375
152 369
342 377
347 548
188 540
8 426
329 405
33 52
43 487
30 103
273 349
296 408
222 352
26 563
178 526
418 468
480 578
17 388
459 586
147 148
156 456
337 591
54 286
93 531
45 122
149 286
182 258
487 493
70 228
358 366
64 526
137 513
544 573
134 523
151 518
440 463
142 465
244 466
472 543
218 243
466 567
0 572
356 365
135 320
192 463
34 215
59 189
54 271
96 297
129 546
3 21
111 158
100 143
18 352
115 253
274 315
149 342
175 266
252 415
145 298
406 598
585 597
373 466
131 275
33 51
264 522
132 539
449 595
471 593
271 482
187 333
302 598
102 186
102 145
325 593
124 278
137 573
157 350
143 531
514 574
371 527
323 324
36 542
126 218
181 511
22 149
214 418
58 376
170 465
92 382
289 588
316 597
92 131
69 534
232 483
37 393
261 411
477 510
371 388
171 499
70 186
48 344
27 433
9 419
241 407
155 423
81 282
93 432
148 392
144 293
34 180
55 451
265 410
64 348
520 575
225 290
77 522
309 559
249 267
115 439
283 527
186 228
127 557
174 381
337 389
407 428
312 485
397 433
176 444
274 350
194 196
123 285
283 304
399 554
111 581
369 592
75 114
53 166
193 368
430 530
204 331
74 263
176 498
96 212
73 332
94 189
47 473
130 204
534 544
296 522
464 582
18 535
255 492
336 363
387 431
167 179
262 358
30 344
34 535
391 582
19 550
25 499
124 498
139 469
312 425
394 478
157 525
198 537
126 211
35 380
221 259
30 213
297 546
244 373
77 410
265 478
405 443
146 156
7 97
0 124
167 280
187 427
246 268
66 233
334 513
370 416
238 543
227 401
236 291
40 120
213 414
281 355
36 561
28 598
540 599
227 538
276 572
148 302
193 581
15 529
399 530
151 465
153 353
197 463
37 490
53 461
114 462
241 459
308 536
530 556
186 340
418 537
30 480
135 457
203 292
374 440
217 520
79 287
296 410
100 251
178 361
17 371
20 586
510 568
69 334
52 240
71 117
221 426
94 287
12 515
188 599
206 385
12 67
55 417
189 524
159 372
105 322
98 431
403 598
189 207
306 497
112 582
65 85
259 426
14 485
101 287
348 387
203 570
335 510
156 489
189 566
0 11
39 147
505 564
1 321
115 514
350 521
149 541
97 113
207 405
3 309
249 579
39 438
207 329
481 501
135 450
9 467
336 441
23 482
380 539
23 422
274 401
31 301
265 296
348 588
19 116
89 322
441 559
390 433
336 559
152 241
174 328
256 293
171 447
27 46
113 452
372 413
466 564
6 544
134 258
159 412
292 503
3 596
213 511
190 378
120 435
329 441
331 415
518 557
201 458
422 482
0 58
142 369
48 554
50 284
169 196
175 201
181 436
222 317
71 249
107 329
350 384
57 371
203 536
292 308
327 503
334 573
4 345
290 390
24 264
55 472
132 318
134 174
355 374
112 264
115 583
290 491
43 560
137 169
5 321
36 475
430 556
503 593
89 550
315 519
359 514
110 232
147 361
448 596
340 532
143 373
535 586
125 583
34 109
391 577
58 99
0 176
345 400
359 439
97 452
50 296
153 358
185 486
229 549
87 436
272 563
335 446
127 142
28 330
282 321
151 550
136 504
338 475
165 302
369 493
176 184
100 382
452 556
136 517
119 490
251 371
311 413
65 409
93 155
28 403
352 586
472 579
92 275
323 576
171 287
73 408
278 593
338 349
228 298
246 555
57 388
121 177
77 478
292 539
108 227
78 354
281 468
248 356
205 324
288 368
346 422
166 563
257 423
486 562
26 262
306 396
33 476
399 430
76 198
494 503
112 594
284 296
183 450
119 256
387 588
355 497
306 389
262 563
160 191
96 478
23 552
334 364
29 389
199 297
66 553
17 251
358 508
524 596
94 171
199 561
356 528
49 451
207 299
114 378
188 370
400 523
353 358
163 237
273 470
312 330
25 171
6 394
136 224
357 564
412 426
101 395
136 532
540 563
199 285
256 411
432 517
301 467
347 363
202 478
8 590
200 526
67 515
129 462
397 440
42 398
207 566
174 345
209 279
209 453
174 182
263 557
353 560
209 474
55 310
250 431
93 517
1 438
263 369
223 457
386 462
315 497
230 547
262 508
110 483
65 491
454 496
187 395
288 451
440 550
106 449
150 161
370 584
255 456
206 578
328 446
117 216
332 594
106 474
340 460
62 483
182 328
81 395
500 520
263 493
359 419
311 404
453 590
318 332
197 556
133 230
415 479
224 460
181 206
424 490
582 594
394 507
253 574
539 577
155 345
230 511
205 412
179 417
244 502
292 570
54 421
311 568
516 553
210 412
187 343
356 584
385 481
89 397
364 513
211 243
213 509
220 514
165 392
14 512
272 461
345 523
167 525
338 407
230 541
112 284
66 206
80 199
90 91
217 500
186 406
403 406
105 354
225 440
466 531
23 75
137 196
295 524
140 173
326 485
53 237
469 544
201 270
327 593
201 552
346 378
130 188
62 488
320 434
25 53
205 301
153 168
41 436
261 379
433 545
173 404
465 518
189 548
208 321
139 365
111 402
285 349
456 580
376 536
205 221
194 204
258 381
183 333
233 516
110 111
417 516
351 574
66 181
57 390
224 400
404 576
104 451
112 464
487 599
314 467
57 85
56 186
157 549
20 535
548 596
253 396
220 591
109 542
41 52
190 546
121 317
444 471
271 421
147 289
14 165
51 291
105 239
5 21
2 154
5 120
231 235
41 270
201 377
64 289
199 507
22 342
42 132
303 396
37 298
299 447
145 186
244 256
134 381
19 89
247 447
172 474
211 586
73 594
158 581
67 454
443 572
213 578
45 91
511 578
260 552
11 58
165 512
189 313
74 493
269 352
176 325
244 362
133 181
162 490
104 543
105 341
154 204
45 174
337 351
16 119
87 133
139 470
208 246
316 579
167 310
5 40
180 547
62 128
122 131
159 413
486 531
339 458
74 369
294 597
16 434
31 235
145 520
37 145
24 296
131 219
59 596
249 316
4 136
187 383
122 277
0 498
369 506
101 551
126 367
309 596
350 589
283 371
208 268
84 256
286 342
253 583
185 531
398 582
46 161
75 552
144 427
32 240
268 555
278 498
158 521
212 297
370 493
350 554
195 306
43 168
1 435
236 240
214 374
98 361
151 170
256 362
162 450
298 393
29 220
565 597
90 226
164 243
495 590
207 443
209 253
101 489
501 578
160 171
95 572
43 557
21 555
18 509
16 162
326 450
141 239
128 519
9 314
487 540
487 560
393 564
460 504
17 300
68 91
417 472
31 467
63 251
354 442
171 191
271 542
197 530
63 100
207 363
291 565
141 163
135 223
113 587
27 150
69 202
255 411
101 313
243 506
469 558
318 503
87 429
48 103
144 457
273 307
37 119
280 310
169 332
339 342
337 420
233 385
162 434
109 286
75 175
4 517
227 488
179 310
270 339
151 587
113 556
82 483
285 561
11 441
53 272
239 322
64 387
183 383
47 291
240 565
201 342
276 447
187 571
249 597
281 497
76 359
282 551
549 589
158 193
305 463
97 151
295 551
255 379
224 504
143 257
446 477
465 557
182 477
197 375
385 516
109 215
410 522
94 447
80 297
182 446
198 283
414 509
116 518
10 226
262 272
64 200
446 576
58 254
226 419
136 340
98 147
37 84
268 295
269 414
516 579
259 412
141 341
400 455
254 536
266 476
81 551
262 353
191 252
225 397
268 319
305 375
8 221
287 489
197 305
15 492
330 520
475 586
109 541
156 580
338 459
125 301
298 564
152 459
534 573
370 528
403 500
496 595
160 252
63 373
76 220
45 423
53 508
114 190
315 355
178 438
486 532
264 464
273 428
157 167
166 479
26 560
67 581
528 584
394 484
158 384
78 379
185 505
106 172
6 534
165 598
421 552
60 368
440 491
333 343
89 116
32 181
61 430
61 554
116 239
214 355
157 384
94 299
34 541
35 464
439 514
378 422
66 240
241 428
311 576
148 165
377 421
108 519
77 265
130 584
15 580
47 565
49 55
204 479
351 396
163 341
303 437
77 386
235 301
472 516
209 437
129 386
388 502
14 326
330 512
23 421
152 493
39 361
564 567
80 96
251 283
140 323
72 537
343 427
240 436
416 470
192 556
267 585
509 547
93 486
389 420
156 287
450 571
448 524
350 399
380 391
1 526
334 408
119 293
116 151
253 303
307 493
214 281
50 264
208 282
6 202
293 411
351 591
59 524
129 297
164 367
144 343
118 378
213 480
11 44
49 280
117 294
169 503
409 418
172 279
71 267
280 525
168 353
22 87
332 503
176 331
262 461
292 533
241 273
202 265
127 592
560 563
150 502
485 512
274 399
220 359
109 271
182 510
252 479
122 242
261 362
147 431
85 390
417 501
94 566
23 271
127 369
365 416
142 506
350 401
0 44
454 515
111 449
440 587
68 226
67 595
91 446
105 141
285 475
325 444
146 456
445 521
383 450
166 272
138 368
365 469
91 328
305 315
271 286
185 564
202 408
319 448
29 420
550 587
12 193
301 324
65 418
333 383
335 576
150 433
65 374
46 244
394 544
459 506
288 454
146 489
71 472
78 261
38 575
46 150
212 386
139 199
194 444
320 457
245 450
110 402
341 354
300 502
30 222
230 509
205 210
544 558
206 233
242 382
338 300 242 228 494 287 101 592 381 556 265 268 579 597 569 114 252 447 92 513 401 116 520 177 271 210 332 46 238 200 287 63 369 375 391 258 595 112 225 59 244 89 453 350 440 2 272 488 252 140 139 109 402 190 259 383 15 146 32 167 360 583 424 50 389 361 30 284 443 234 401 317 267 519 29 577 407 381 300 29 180 353 264 79 87 265 475 204 537 416 447 283 560 365 477 289 339 327 167 559 578 133 134 334 106 465 262 33 551 525 8 283 190 357 562 485 64 2 468 588 463 283 413 203 345 584 266 413 96 289 78 11 210 399 27 535 6 460 421 470 397 589 273 97 542 248 510 563 74 545 358 395 329 248 180 170 77 12 4 193 137 54 595 232 107 170 36 174 326 86 278 492 359 157 45 339 113 420 246 252 15 314 588 160 376 44 248 345 383 38 173 464 267 580 175 230 558 262 351 317 424 231 359 421 372 116 482 353 544 179 394 150 45 134 234 593 471 236 2 586 478 301 399 552 189 98 497 175 219 571 280 503 117 579 184 178 10 150 42 11 233 97 152 287 168 476 310 578 568 256 399 44 234 430 499 588 463 171 354 188 95 514 227 458 418 65 73 23 220 558 447 355 205 428 230 7 37 182 74 338 459 103 259 387 517 497 436 257 98 565 172 345 497 461 237 315 506 34 214 534 305 375 298 582 492 585 278 86 573 31 115 125 115 404 432 278 435 141 55 364 454 285 271 406 594 429 571 353 176 156 484 426 294 40 314 182 297 418 33 81 231 117 547 405 388 519 464 20 575 313 518 15 72 346 464 211 452 92 356 42 157 359 349 87 7 573 225 348 480 597 193 82 265 39 92 264 451 415 262 215 267 182 338 245 270 190 94 225 80 278 167 101 201 385 81 402 314 498 392 590 599 243 225 408 562 573 335 569 26 207 327 122 287 154 401 91 394 335 531 243 19 100 246 358 345 143 95 252 235 485 143 357 190 338 412 19 338 55 399 537 336 149 111 273 202 126 432 276 503 61 18 268 397 458 87 419 324 368 307 232 308 561 562 101 3 500 464 130 53 316 14 102 80 121 214 225 101 343 503 579 597 556 179 147 277 377 84 167 319 389 388 188 357 132 206 323 69 219 53 79 174 72 184 393 328 569 27 103 387 252 507 397 594 393 297 132 3 502 586 592 170 353 292 483 529 248 546 427 316 106 407 468 399 507 200 429 153 570 557 43 333 21 452 495 202 382 501 249 108 219 77 199 404 55 253 149 495 369 385 518 476 519 397 396 112 335 155 190 404 247 458 532 122 52 289 224 361 496 130 504 173 255 448 422 245 281 7 323 200 232 450 560 367 177 237 551 507 404 77 233
91 395
141 809
250 354
21 661
591 932
18 760
281 138
612 350
961 704
834 847
757 779
9 418
942 388
764 755
227 901
359 605
341 763
534 720
633 247
541 501
573 183
11 707
705 131
572 58
268 21
300 521
375 437
489 589
303 956
779 652
710 301
873 792
809 134
787 51
629 183
40 28
525 154
398 813
323 856
169 903
26 820
764 59
57 84
460 434
32 405
723 891
465 653
870 32
754 358
959 275
246 39
811 5
798 69
313 502
614 82
953 229
484 914
588 670
42 372
83 581
939 361
720 385
833 525
559 765
20 895
646 588
850 120
970 431
774 838
240 155
421 873
959 99
737 682
147 105
461 354
593 3
724 709
315 8
363 644
301 582
416 108
160 723
904 550
993 471
423 786
634 641
174 392
740 150
761 474
518 509
814 834
799 862
653 797
569 883
183 556
220 448
367 84
593 370
74 923
72 376
620 767
158 648
422 933
750 297
985 212
446 613
953 531
140 444
806 489
602 144
927 518
909 456
196 37
617 420
489 12
866 707
504 480
972 49
557 23
372 774
24 786
660 350
717 807
503 168
99 373
895 750
597 293
503 376
794 537
402 16
291 339
663 844
61 127
760 166
705 947
251 797
524 923
159 186
869 342
372 195
956 890
432 564
507 352
567 800
258 711
395 896
285 679
115 981
199 969
653 132
514 636
545 443
464 299
407 501
224 372
615 904
278 633
825 311
843 377
989 900
250 457
489 655
318 765
366 577
584 346
242 960
314 406
890 260
459 480
137 236
556 401
286 558
1000 502
956 942
726 936
689 0
157 359
668 370
78 870
913 253
660 204
793 174
784 959
207 799
161 319
518 832
446 961
191 735
372 349
97 563
491 35
270 501
620 449
904 380
167 277
883 564
176 254
658 469
684 686
432 138
28 841
675 50
295 90
39 296
231 331
953 818
831 191
118 502
68 741
929 629
985 818
569 280
391 51
699 229
695 575
594 175
994 3
397 928
577 302
636 819
811 690
940 736
657 312
211 773
563 997
615 547
802 809
809 465
470 863
821 268
722 171
846 759
878 500
864 178
353 550
872 767
833 84
361 523
971 119
461 531
818 107
440 257
673 788
542 317
473 675
205 870
42 751
174 497
313 211
908 108
82 971
605 739
241 431
908 673
47 336
320 677
395 758
584 844
694 986
953 783
668 10
399 681
367 457
477 378
248 14
285 55
746 7
913 87
57 705
662 273
749 37
594 110
350 417
416 219
744 445
612 835
196 469
715 784
71 328
987 608
926 286
750 583
91 746
675 733
218 44
467 143
635 121
205 609
990 301
7 992
626 603
833 1
5 214
330 740
912 27
87 682
260 55
420 68
432 853
164 522
509 719
895 815
254 982
896 612
712 744
645 511
786 566
440 286
7 236
23 555
945 252
952 982
313 878
184 587
857 845
741 529
872 131
691 345
70 154
26 683
269 765
68 767
504 551
913 881
886 840
94 335
262 865
107 261
769 908
89 462
308 913
203 355
101 176
209 752
205 171
880 942
47 508
838 611
511 237
729 68
509 944
415 590
684 95
222 723
736 344
650 907
502 66
61 544
19 971
449 192
817 358
849 638
612 275
416 470
420 647
712 536
333 255
456 779
386 507
811 730
61 32
119 872
441 694
70 519
186 119
356 224
381 536
629 322
925 331
472 330
385 296
586 697
986 945
526 771
655 545
690 477
5 353
647 85
513 36
357 686
2 45
720 971
625 801
168 754
851 325
884 199
357 5
42 937
547 697
786 602
596 637
55 58
177 944
450 800
329 148
210 674
869 620
565 554
88 78
739 416
614 988
793 446
900 498
321 976
936 964
116 474
351 991
479 234
209 77
676 632
291 31
382 710
992 791
983 991
676 245
209 393
382 258
914 231
700 597
800 754
818 619
613 61
530 89
613 876
318 821
283 846
984 758
224 691
437 216
725 109
702 416
80 945
547 881
548 631
305 737
63 807
778 107
917 595
107 850
851 726
625 518
3 485
396 606
151 468
126 294
859 436
844 893
201 496
41 650
977 485
224 824
980 262
625 369
977 633
990 333
642 1000
307 630
269 733
705 78
508 259
514 966
330 479
461 17
635 473
143 20
531 426
499 776
874 822
744 610
334 196
386 217
135 265
954 201
956 12
933 572
537 208
789 9
821 935
318 110
270 372
730 267
858 209
548 112
902 528
353 166
273 906
539 858
427 375
853 513
264 689
366 818
637 569
342 629
443 332
65 201
938 664
986 445
757 553
109 351
334 536
365 948
840 233
529 676
101 199
534 976
500 843
498 314
371 121
336 500
675 224
853 972
746 201
251 932
174 166
842 691
977 359
906 181
563 922
515 459
783 492
346 920
848 402
288 8
670 992
75 644
886 289
57 879
647 691
355 262
340 574
699 457
552 834
510 891
28 179
261 170
596 203
15 307
715 630
806 424
1 152
402 380
666 159
562 138
994 185
290 169
551 660
470 61
650 179
42 567
786 274
569 509
123 676
638 9
881 160
774 376
34 711
655 425
488 418
330 173
13 506
425 419
487 86
546 902
365 401
487 819
847 63
149 541
478 797
884 985
873 859
14 286
140 748
167 424
233 186
852 668
366 851
918 976
16 64
799 217
911 160
313 604
917 435
106 63
927 704
331 282
905 59
603 248
583 461
44 978
795 315
961 654
819 661
486 358
95 284
136 79
944 438
39 597
884 59
289 986
417 341
