600 1555 600 780 8
272 497
83 512
243 317
86 193
67 381
154 469
59 544
257 454
29 376
221 338
43 234
264 390
146 179
87 330
16 305
19 548
454 587
141 507
352 488
5 233
355 426
98 498
443 559
346 494
229 375
311 389
314 409
277 482
466 500
211 465
202 343
54 495
145 255
328 400
300 430
231 257
56 397
121 407
335 368
259 506
161 191
175 471
77 515
461 503
121 409
106 565
153 526
127 458
16 236
498 535
41 474
197 210
44 444
220 572
407 556
255 513
66 569
323 592
230 497
119 410
194 504
320 560
164 542
305 502
227 482
397 495
130 546
98 514
360 575
512 525
248 565
87 468
84 598
185 225
284 510
76 574
152 428
216 301
285 592
464 478
55 210
301 593
18 555
241 457
45 277
150 171
75 398
101 472
64 485
215 369
95 265
1 416
55 522
66 370
73 317
120 347
234 565
108 435
362 480
142 162
45 579
356 414
545 548
217 447
121 336
106 407
312 445
58 160
34 246
14 89
35 283
488 543
40 548
205 475
114 597
151 406
187 438
404 534
351 415
12 308
437 475
18 210
52 289
366 467
380 416
53 74
349 419
382 598
290 388
269 276
138 481
247 427
301 357
302 339
200 397
257 423
373 486
70 599
170 494
159 406
133 219
251 511
423 566
111 156
228 516
39 315
21 218
16 502
208 523
20 469
268 315
0 20
46 540
146 530
203 221
10 208
526 537
249 361
268 562
311 451
158 509
137 350
267 364
47 417
174 258
199 408
116 299
87 122
178 321
236 457
266 533
20 325
53 551
100 358
88 519
162 400
69 166
157 598
132 560
390 443
165 510
297 473
124 310
92 348
238 278
126 344
16 312
179 333
478 543
226 280
170 348
68 177
584 591
386 432
294 339
320 392
125 488
188 304
142 526
357 457
187 574
103 578
122 588
180 388
80 125
88 403
233 335
224 457
216 457
139 564
347 380
206 509
218 370
66 218
144 572
114 420
191 318
173 302
261 389
86 519
45 463
184 556
110 342
182 476
22 532
307 356
540 560
268 439
360 487
3 59
235 575
292 502
385 583
119 405
396 585
131 503
163 230
417 533
282 449
143 329
345 563
324 455
308 325
325 422
393 495
83 125
75 571
259 396
190 591
131 211
143 246
287 514
518 570
119 469
120 416
220 507
409 419
18 128
442 496
351 442
293 455
36 331
264 559
337 415
471 555
456 599
281 418
6 296
77 324
511 576
381 438
157 441
215 454
92 494
262 273
424 541
234 344
73 527
222 432
138 204
132 320
13 191
148 546
251 452
56 352
21 288
338 575
51 262
54 159
28 366
369 438
574 582
86 541
13 113
57 213
106 556
185 321
131 556
10 335
378 510
65 233
123 586
158 270
127 361
223 333
11 99
8 570
277 526
56 543
126 466
46 513
57 424
58 391
91 365
493 561
97 416
96 262
354 581
312 539
122 486
2 359
24 528
177 504
44 51
279 568
186 594
254 314
124 198
113 413
193 245
14 327
231 523
158 389
201 294
383 449
181 300
12 462
153 206
110 176
275 563
99 188
35 250
306 318
197 480
413 550
23 91
13 358
185 499
90 383
102 133
242 299
25 445
294 467
278 496
188 259
405 469
8 426
125 512
80 430
17 453
10 173
143 244
42 417
18 258
326 480
85 106
131 407
12 325
274 538
361 493
139 479
195 591
209 349
59 325
391 515
213 263
5 528
10 484
167 242
222 487
234 248
437 596
337 442
326 329
206 277
237 481
197 349
455 472
81 341
250 498
96 255
257 542
253 527
189 308
326 344
255 439
161 259
100 174
421 437
48 505
133 310
222 386
170 349
453 491
311 483
336 344
70 456
368 448
7 408
75 370
479 577
431 443
197 362
173 566
52 411
232 444
441 505
252 418
63 446
360 420
12 180
134 311
189 290
13 100
207 351
286 311
79 582
0 422
405 410
102 583
24 47
154 325
54 79
185 427
86 531
179 243
165 284
71 257
471 522
202 578
225 427
475 596
20 586
254 461
134 451
123 469
486 520
234 564
103 181
283 498
59 582
14 449
46 392
157 230
456 460
372 418
30 61
296 530
354 396
200 245
287 498
2 203
147 591
130 163
22 551
25 527
131 461
84 505
207 451
61 356
277 412
100 128
139 344
342 569
37 38
252 339
8 398
330 543
199 599
104 387
203 477
143 440
74 89
34 557
210 550
76 168
169 425
223 435
82 240
181 590
159 446
274 500
280 554
228 233
124 566
48 50
72 140
212 491
357 593
276 438
250 324
92 254
59 422
501 524
232 356
22 109
179 530
158 453
99 501
136 164
8 551
353 557
285 408
261 443
239 406
83 525
64 299
148 175
323 577
111 135
184 575
223 584
292 312
339 418
314 419
431 579
420 596
94 299
273 444
433 598
258 280
106 184
269 574
82 90
397 478
162 334
102 379
246 452
33 382
7 199
172 277
68 69
43 577
74 580
401 458
129 282
442 540
161 304
110 467
81 178
184 235
155 337
26 49
182 385
433 481
495 508
194 511
336 565
281 302
340 511
5 229
173 208
104 439
450 555
532 563
51 273
3 79
223 312
44 491
52 452
94 242
64 313
258 555
214 488
185 551
20 298
109 532
77 489
106 336
142 412
171 447
263 486
394 545
285 429
168 438
197 419
195 266
83 468
173 484
343 578
65 335
365 524
15 104
136 477
126 326
41 252
63 420
352 397
270 509
268 454
155 491
408 592
130 272
50 380
104 310
392 536
27 359
179 190
521 583
68 504
257 566
316 595
177 331
29 75
498 514
32 481
294 366
91 251
142 169
203 460
347 348
202 316
126 139
234 577
9 486
139 577
20 422
292 305
397 508
96 271
72 470
330 468
350 573
58 525
315 562
122 531
274 289
135 239
305 312
451 483
115 299
110 220
344 362
26 390
439 536
82 190
374 424
399 505
216 357
39 587
390 559
31 166
30 444
516 517
23 217
402 550
31 127
18 55
431 482
345 427
88 92
397 573
223 253
420 421
118 263
321 341
285 577
88 541
147 584
12 508
65 229
347 416
221 360
14 129
313 516
63 589
29 568
166 458
237 489
592 599
322 438
265 535
54 574
15 387
176 426
187 269
21 229
78 141
258 450
270 431
93 374
29 398
383 529
89 129
266 288
42 116
455 489
309 458
310 439
417 490
95 140
90 529
516 523
123 510
79 574
248 344
278 286
201 339
399 433
27 420
403 552
101 140
297 384
16 241
126 244
27 596
102 474
527 561
107 445
15 583
268 423
76 187
152 240
69 395
207 496
263 373
316 343
342 366
7 116
57 520
224 274
171 340
189 410
313 477
194 576
30 67
435 584
172 206
145 273
396 581
309 395
225 341
16 435
365 501
263 520
158 483
184 456
260 552
100 113
92 346
229 288
188 191
47 299
4 585
419 494
103 202
226 547
141 572
216 361
244 329
293 324
307 537
392 513
145 439
82 266
49 534
397 464
378 425
319 512
41 78
269 334
224 538
302 566
200 573
183 533
101 250
352 543
179 223
60 117
148 363
67 444
144 294
33 598
452 504
116 199
125 468
430 590
465 589
11 396
49 278
49 390
370 571
172 227
21 368
312 435
420 558
94 199
54 151
82 428
153 277
367 447
59 269
69 309
381 454
218 364
399 481
134 286
142 537
241 490
135 475
156 475
4 524
46 320
137 459
552 589
292 445
299 417
325 469
133 474
13 413
346 348
82 591
235 487
7 42
421 446
63 558
8 355
286 389
72 382
189 388
394 476
7 429
349 522
213 481
5 115
241 429
190 584
113 550
356 400
113 128
523 542
347 374
168 322
28 484
366 448
264 404
53 89
104 133
51 96
136 359
34 251
408 429
332 444
389 567
101 324
235 360
152 267
23 112
111 164
330 488
219 418
215 381
127 561
4 251
16 108
425 586
203 338
33 72
407 409
62 514
0 169
165 425
181 290
5 313
481 553
38 80
48 594
197 522
240 428
147 435
342 467
111 215
359 360
385 473
154 189
186 204
112 367
19 22
4 91
172 482
502 593
111 542
108 417
84 441
90 568
405 595
154 308
477 517
36 52
120 170
219 310
57 553
6 499
45 371
4 11
152 370
130 148
19 40
28 201
436 530
230 441
252 474
332 414
268 587
227 277
330 478
28 335
303 367
47 528
62 98
23 447
120 209
148 450
80 488
72 472
192 255
12 79
200 464
104 379
63 432
29 53
183 417
355 507
205 437
97 175
387 536
347 594
414 509
50 163
99 524
35 101
300 590
117 331
98 515
139 466
146 529
98 250
562 587
168 369
43 599
258 547
213 520
180 508
564 577
173 231
432 589
378 586
411 452
336 362
288 364
303 447
48 399
48 163
196 439
176 571
140 283
295 512
109 563
31 458
105 289
24 229
350 589
248 336
114 386
37 295
406 437
20 169
207 415
82 529
166 361
46 271
377 397
18 100
26 404
266 364
105 411
47 229
133 418
94 116
387 392
240 279
148 226
74 499
95 470
374 541
32 594
54 137
25 493
138 594
254 503
369 381
196 513
78 144
32 399
162 537
150 217
69 177
210 480
23 365
282 296
31 361
36 504
169 586
236 357
445 493
115 313
240 568
2 136
245 588
3 325
253 539
54 459
127 401
474 583
148 471
214 388
66 448
135 168
384 392
21 364
118 468
21 65
195 533
19 507
156 596
150 447
141 394
226 272
9 57
446 589
187 276
290 300
30 232
389 443
181 578
245 403
87 478
388 508
48 380
204 553
384 560
214 290
153 307
9 86
143 466
178 341
145 315
67 145
164 596
432 465
238 286
66 368
143 354
77 293
10 233
224 429
245 573
430 488
270 482
196 255
373 468
64 115
50 130
306 554
441 598
77 263
108 183
161 413
215 257
257 523
464 588
465 552
384 385
238 389
263 468
141 545
415 491
225 247
182 394
40 563
213 237
139 500
11 524
245 552
39 562
326 492
513 536
137 159
289 411
131 409
243 530
182 434
62 498
197 409
85 234
159 350
396 506
187 322
329 581
75 152
179 584
440 466
201 366
58 256
372 474
108 490
226 546
70 242
89 327
166 309
37 512
152 364
107 539
169 334
73 243
191 304
358 554
44 332
74 185
19 532
366 569
26 534
51 444
264 431
78 182
160 514
191 306
278 567
260 589
10 516
141 220
353 585
117 289
212 415
291 569
290 578
134 496
53 570
517 523
75 279
186 347
198 566
244 492
507 545
129 580
68 576
114 487
18 471
79 549
206 307
276 400
110 507
126 492
340 576
18 522
385 521
88 465
17 332
9 424
38 512
130 497
40 532
39 381
335 484
377 573
423 454
231 566
249 289
117 249
146 190
396 557
260 350
176 370
298 586
110 572
482 579
57 204
186 374
16 490
43 85
224 285
176 398
101 455
449 530
179 317
22 355
7 490
487 556
226 363
189 343
123 405
399 594
15 379
394 434
133 379
179 253
383 530
17 44
45 482
420 437
209 522
137 573
34 452
71 542
280 547
163 497
37 58
152 279
105 466
261 390
25 107
299 528
316 410
70 460
28 448
79 393
124 439
324 515
73 253
78 521
1 120
122 373
401 561
434 473
349 494
433 472
275 427
12 495
167 460
170 209
9 520
108 147
302 418
481 489
97 120
210 402
212 483
320 540
163 505
36 177
300 488
71 523
403 465
54 406
445 539
50 416
110 426
30 356
124 268
421 558
198 281
193 588
213 553
250 283
212 451
183 591
225 321
398 426
15 392
203 359
251 504
118 391
391 525
344 564
0 544
155 415
135 156
41 521
229 528
60 69
413 506
149 362
32 138
280 358
151 239
23 367
206 414
4 365
111 257
418 474
116 417
92 93
8 22
395 576
314 503
67 438
131 222
167 203
350 552
76 239
390 404
91 367
308 388
13 318
326 402
287 535
237 263
354 557
411 466
49 567
275 345
149 336
158 443
376 570
91 112
189 578
86 424
19 545
107 253
422 544
221 359
68 395
415 451
89 568
63 114
301 361
98 160
255 273
290 488
189 316
85 184
165 378
39 67
223 539
406 475
123 378
302 484
5 228
91 511
316 405
292 301
402 480
244 466
208 516
3 12
415 442
340 367
5 65
134 278
17 158
321 499
186 424
50 97
371 463
0 334
43 456
315 439
461 465
76 322
270 443
265 498
119 154
50 148
84 399
204 594
211 222
393 462
129 499
246 411
297 385
327 568
242 485
172 509
353 396
170 346
84 433
87 373
351 496
167 485
367 511
433 455
370 569
61 276
67 273
211 432
44 453
141 476
136 517
171 303
184 460
504 511
211 461
247 341
216 224
209 471
329 402
70 167
6 178
53 376
146 383
41 294
495 573
271 513
135 369
385 434
78 476
17 414
292 593
113 210
82 195
282 530
239 475
350 446
303 340
9 531
176 342
165 463
80 319
27 136
61 67
2 477
221 575
28 339
266 375
245 350
474 521
160 256
255 271
377 495
364 428
82 568
143 557
531 588
109 345
60 177
190 529
43 323
46 337
88 254
96 491
459 573
174 358
55 197
285 323
98 256
335 448
338 460
292 493
120 175
86 588
47 533
214 352
236 502
132 384
11 585
334 544
459 495
405 510
149 409
19 355
47 375
98 391
427 551
184 338
232 332
200 588
517 542
499 580
124 423
276 328
70 94
34 353
291 370
142 334
76 135
518 551
51 491
233 516
141 144
140 470
136 596
371 579
205 406
295 525
182 521
120 348
27 360
56 478
69 249
455 481
269 400
406 421
193 403
203 485
88 93
128 210
83 118
236 241
267 370
448 569
263 489
178 499
429 457
105 500
52 117
413 581
13 306
65 368
115 528
131 314
204 424
15 385
53 518
360 597
191 413
15 384
230 505
143 581
298 469
64 242
451 496
328 356
301 493
139 285
551 570
158 414
129 296
294 572
59 549
131 487
549 582
307 526
54 393
95 535
138 553
53 185
180 308
450 471
127 493
412 425
376 398
256 391
61 438
60 331
85 456
212 453
379 583
375 533
357 502
420 597
52 331
28 302
123 298
43 592
345 551
472 183 175 93 335 541 225 328 451 450 128 310 91 33 434 148 472 439 437 241 55 514 477 121 392 516 548 565 182 183 109 188 370 419 164 375 43 77 393 522 546 180 171 150 440 413 141 364 265 93 100 310 356 297 397 81 31 391 6 502 103 326 86 239 581 299 426 529 588 249 497 310 317 368 223 79 581 426 489 479 411 243 350 136 313 454 33 566 179 530 546 563 44 590 565 89 412 319 392 166 40 492 431 118 221 50 20 81 1 599 568 355 14 135 175 185 41 496 453 589 274 221 573 157 216 583 276 285 441 300 325 410 392 385 115 5 139 369 255 273 186 420 278 391 178 580 194 284 63 226 474 32 335 104 125 121 270 548 176 102 72 98 485 282 570 93 71 182 351 294 348 573 558 94 361 489 493 217 97 246 304 454 435 253 407 252 311 274 440 34 133 137 447 37 239 197 219 368 168 486 491 172 506 481 305 100 146 392 17 539 119 330 316 304 478 75 421 279 351 186 388 103 253 441 160 325 331 324 434 425 300 585 243 454 597 533 295 43 503 161 225 325 278 230 59 299 5 460 217 328 518 146 69 341 528 122 220 189 234 543 234 402 22 543 57 95 365 33 434 123 349 496 573 199 387 330 544 99 489 270 44 195 30 441 515 483 460 100 3 12 121 516 130 148 143 26 424 563 499 365 452 475 405 223 217 8 429 582 182 463 441 322 228 291 143 53 174 440 107 142 22 273 399 2 146 230 290 289 136 335 82 509 258 586 544 116 588 338 572 6 258 62 592 267 147 424 418 521 507 553 279 373 47 35 146 488 280 228 387 465 92 170 448 375 101 255 545 543 266 233 10 160 538 384 33 325 344 267 166 246 501 181 82 64 181 77 382 357 21 558 564 238 99 455 432 524 255 289 326 383 287 427 39 332 392 596 396 357 507 79 42 86 509 231 101 485 182 138 122 296 370 149 596 255 297 502 60 546 494 338 521 301 490 57 346 568 74 421 374 361 149 579 362 128 267 164 494 594 6 476 31 235 269 240 446 306 276 11 43 62 13 211 223 42 560 384 475 219 27 447 220 77 154 467 36 594 333 523 488 403 579 264 561 65 352 594 94 8 94 407 56 269 338 331 430 448 130 577 593 192 147 168 541 200 116 382 434 560 514 491 51 301 134 405 270 189 575 20 279 569 283 310 241 404 401 302 572 522 389 17 287 233 541 545 148 42 91 533 310 28 548 518 481 524 2 83 348 274 588 514 535 271 307 131 135 255 117 431 236 77 529 325 304 187 190 110 131 236 69 100 229 453 426 310 585 527 169 466 107 151 292 112 244 564 258 580 158 335 350 72 313 526 478 477 170 325 477 567 429 120
608 158
163 399
551 534
549 211
93 851
610 653
849 989
467 750
886 790
256 291
685 608
70 779
518 177
53 627
766 927
938 488
478 847
837 201
119 548
964 712
572 123
682 719
945 757
31 906
597 721
467 967
971 17
526 481
765 611
792 824
753 274
387 933
134 271
1 233
167 839
68 117
217 867
192 16
249 9
743 377
999 758
901 592
511 782
397 649
834 234
783 29
934 353
562 738
122 321
972 73
75 369
848 293
240 835
852 853
490 294
173 551
380 157
210 301
171 55
581 218
291 907
710 310
92 39
425 429
571 620
680 675
739 684
750 330
199 959
262 938
453 646
661 476
19 175
585 999
869 896
796 772
599 312
169 154
925 610
518 240
309 35
939 985
693 841
235 88
61 280
372 598
292 303
296 145
292 400
793 907
727 873
108 897
265 416
237 402
476 672
9 89
877 317
89 418
134 89
9 818
83 569
89 162
876 529
424 45
886 474
252 782
345 584
536 946
526 833
940 793
871 717
617 439
62 908
92 608
433 472
559 657
502 723
292 856
210 146
527 63
165 439
323 556
284 175
589 65
757 472
279 80
251 671
411 963
125 593
816 939
40 389
338 493
975 408
843 510
980 177
596 387
574 508
456 332
169 288
309 715
43 99
950 670
666 139
182 725
906 635
785 370
674 919
593 842
79 446
262 599
53 989
529 309
762 762
719 133
520 113
919 274
573 449
3 270
849 150
479 351
141 10
72 731
683 198
49 349
612 474
669 29
319 940
496 624
613 343
631 137
197 447
82 977
798 122
715 547
54 562
123 465
832 714
229 934
901 980
647 941
470 160
400 62
965 579
564 813
404 577
898 896
208 351
622 278
11 756
476 80
650 876
10 692
821 391
343 308
184 926
634 829
859 415
215 570
760 508
455 711
333 257
795 615
436 5
508 558
175 326
547 402
777 157
953 208
648 546
177 472
155 600
358 454
904 233
208 226
376 97
661 409
366 858
0 951
734 718
792 506
898 689
472 543
373 481
581 923
361 804
954 934
11 466
764 99
634 618
631 708
16 304
697 502
765 245
659 641
354 652
399 545
420 804
163 221
919 118
571 369
742 831
448 793
521 644
646 986
226 703
360 284
179 788
985 920
328 631
325 890
117 120
147 884
867 592
579 966
278 456
843 355
141 50
684 440
65 518
39 777
390 367
927 60
814 333
224 178
860 23
24 53
659 784
730 749
750 430
619 242
830 123
907 336
4 411
779 311
329 809
993 839
654 285
735 91
995 129
764 804
13 533
785 535
745 961
93 92
620 2
380 731
943 169
53 22
635 744
272 833
412 93
804 690
456 904
148 182
833 619
203 54
784 984
981 469
594 98
543 694
373 32
415 900
746 543
113 952
43 730
487 896
2 628
745 194
487 108
304 987
808 460
911 179
520 891
601 593
287 491
783 424
497 16
613 974
28 658
268 44
974 342
917 944
631 318
388 687
119 149
555 150
209 629
745 904
697 266
177 681
321 100
241 885
803 252
610 908
643 190
714 620
282 577
929 315
466 573
801 581
135 975
978 967
829 674
469 24
278 652
955 830
229 454
186 373
207 407
200 498
418 338
980 233
383 126
118 831
153 742
899 745
729 244
404 850
38 599
512 528
466 514
376 894
257 631
51 490
703 767
58 861
811 648
94 923
710 686
653 380
785 718
756 11
848 563
253 180
227 374
589 763
824 828
410 237
636 64
902 506
124 388
697 368
19 206
698 901
974 437
957 514
401 454
913 438
450 124
891 127
910 23
171 109
946 410
488 250
975 608
234 993
100 774
387 198
826 784
93 282
678 238
412 994
167 646
334 347
935 0
560 57
526 358
319 516
426 725
286 544
494 57
220 804
695 71
79 678
798 209
953 247
126 419
540 771
824 539
220 528
466 473
477 412
583 186
722 464
240 339
659 97
855 742
946 872
722 810
393 774
330 12
825 73
390 427
83 244
997 557
550 854
694 984
510 426
674 328
822 428
213 766
45 306
977 277
871 78
785 278
490 937
439 389
56 957
738 654
720 927
95 504
919 207
201 838
869 220
697 411
115 184
407 611
392 812
358 989
432 284
450 602
327 420
487 216
741 38
348 212
360 408
248 731
851 651
259 123
560 92
10 123
145 487
51 205
993 522
885 565
579 417
949 637
572 572
326 174
350 720
221 601
133 236
784 61
884 193
717 576
529 578
250 221
405 509
346 70
186 182
483 807
884 263
219 661
435 934
256 488
459 229
996 207
3 375
73 61
847 957
300 754
21 861
437 835
309 445
196 898
71 327
109 743
934 704
452 184
817 160
600 24
131 915
238 43
908 393
108 14
146 127
626 572
597 528
891 839
303 365
235 246
931 571
172 507
669 510
45 835
201 96
706 163
525 987
572 702
690 871
711 958
280 227
966 777
608 792
1000 18
10 18
886 427
715 198
317 780
551 914
975 307
287 336
636 491
346 149
613 196
979 677
31 423
23 504
997 702
555 242
106 634
925 831
364 344
188 259
14 574
130 513
368 550
133 778
467 443
884 40
997 374
482 998
760 402
985 806
331 677
313 605
728 500
946 103
761 870
775 678
853 818
812 742
877 666
403 273
568 281
434 555
163 962
359 687
437 77
813 20
845 917
130 722
587 257
918 542
590 885
88 815
631 107
730 409
291 254
405 401
369 2
617 861
429 696
432 865
148 308
528 14
539 453
434 506
32 255
431 665
