600 1594 600 831 12
378 409
121 304
218 221
194 511
116 543
237 538
447 590
83 598
185 391
204 438
86 111
218 482
21 393
51 282
315 335
374 392
122 298
251 335
229 537
217 446
503 575
78 489
23 564
457 543
475 509
201 306
15 481
128 172
140 144
41 502
51 588
471 583
246 574
301 454
190 283
137 511
130 273
264 372
244 521
87 576
412 426
56 72
14 468
498 592
10 575
82 248
263 382
208 323
11 419
173 433
75 274
238 534
254 595
89 460
281 484
377 460
45 524
324 354
222 499
49 599
342 383
380 424
103 337
329 396
164 583
132 454
379 431
511 590
551 577
53 537
190 525
163 451
304 372
150 244
519 527
84 154
331 466
257 284
123 292
175 259
418 504
36 555
24 167
24 393
24 356
62 598
380 417
254 426
14 231
316 438
418 510
121 235
280 345
128 210
397 402
54 247
98 375
111 242
253 306
332 590
64 543
94 514
394 411
299 502
210 463
414 442
172 508
413 542
163 343
162 559
257 384
11 366
261 302
297 516
552 581
95 340
42 222
59 319
234 579
221 520
34 570
116 509
160 459
13 432
153 533
112 596
267 357
39 124
159 292
373 556
77 396
299 450
35 586
311 356
399 427
491 589
370 594
41 383
470 505
443 467
217 577
153 593
157 271
96 338
262 513
363 470
241 379
247 499
424 587
322 460
166 410
214 304
381 478
276 497
164 496
81 317
261 431
85 279
140 177
346 461
31 293
357 546
142 375
377 405
26 197
116 141
97 475
383 573
438 545
179 345
485 572
140 591
147 363
250 336
259 350
122 207
241 381
184 372
43 348
291 597
99 257
94 149
266 598
271 598
372 407
185 432
75 101
163 188
183 287
145 201
454 578
292 483
321 565
81 234
71 448
307 341
196 375
399 466
319 546
47 505
204 323
225 526
173 535
260 358
171 383
8 18
256 537
130 155
156 305
237 353
140 174
305 518
435 510
246 312
216 561
269 392
331 371
526 533
161 570
37 62
552 592
403 581
268 451
6 242
20 78
104 582
355 572
334 593
490 580
103 344
195 527
515 525
113 271
202 265
254 295
277 430
40 129
58 306
383 385
46 349
37 260
176 318
129 485
100 125
371 466
80 260
387 529
13 134
366 419
182 407
53 478
293 341
166 537
36 324
58 484
311 519
142 394
205 449
429 562
109 408
12 456
53 241
17 201
7 201
517 585
52 569
296 427
458 549
191 521
175 469
425 522
139 142
124 558
183 305
151 244
22 161
188 264
136 137
81 544
13 311
347 481
163 264
2 59
183 213
86 343
64 572
180 581
47 506
359 457
118 247
79 565
138 285
96 334
342 573
42 344
153 597
220 301
171 299
5 174
20 76
55 459
26 226
94 436
249 585
352 454
367 415
128 551
87 415
183 516
179 455
162 309
49 475
139 375
153 338
61 296
186 191
199 233
320 368
227 387
46 49
94 594
198 248
300 423
279 343
64 563
259 469
162 468
44 158
236 558
49 68
484 531
137 254
464 540
118 385
338 483
50 242
474 588
28 244
389 513
61 490
251 260
193 260
217 406
73 163
11 429
83 476
118 252
33 549
66 581
155 530
87 473
242 548
163 554
25 45
10 503
225 587
363 505
73 268
60 279
309 468
174 348
377 484
134 550
282 398
79 177
209 249
220 282
325 368
307 597
71 571
356 400
85 425
210 390
211 507
20 489
188 316
185 311
392 553
449 497
136 249
134 269
81 541
388 399
325 494
433 535
336 424
61 427
154 233
67 373
278 310
73 451
329 395
60 275
134 519
289 429
468 481
165 433
240 352
37 193
242 584
110 313
41 171
417 498
90 408
4 453
237 286
204 275
267 384
556 567
264 451
434 484
564 587
101 320
165 263
158 505
120 362
449 512
110 397
151 462
144 200
75 320
48 259
223 524
75 368
187 514
168 387
7 351
223 360
52 119
386 394
93 480
226 387
252 568
196 327
371 485
16 541
354 494
478 537
175 286
93 209
66 142
230 378
164 389
317 388
140 418
38 175
138 594
0 157
270 408
31 341
17 178
226 227
18 586
223 290
74 141
131 423
276 401
113 157
356 414
202 307
71 82
423 507
208 467
207 364
125 497
465 555
215 406
277 456
81 216
194 332
121 214
184 316
2 546
448 571
509 563
253 447
254 412
322 360
149 452
72 297
591 596
104 448
549 578
122 444
318 435
185 414
463 557
172 390
380 512
115 512
177 591
74 359
194 517
81 561
306 480
168 252
66 403
68 475
190 515
25 302
317 541
499 523
272 365
27 443
89 405
110 452
149 212
125 518
360 361
281 463
65 192
54 385
303 406
47 470
166 256
413 566
160 581
232 562
171 450
39 586
14 162
327 455
48 235
534 599
218 513
138 370
385 573
398 588
207 419
238 442
387 538
346 598
9 24
45 223
324 375
42 286
143 485
273 562
106 368
68 159
24 400
133 387
10 125
310 365
20 515
437 465
89 377
448 582
249 322
137 295
423 491
154 199
83 271
346 366
313 402
466 479
347 554
207 444
107 592
114 118
361 412
403 411
331 399
74 393
210 330
18 76
11 473
200 487
472 575
324 555
258 502
72 159
274 368
452 590
308 370
71 248
191 470
56 424
215 303
216 317
201 488
401 497
129 466
35 515
21 599
251 501
252 538
141 393
518 575
153 225
117 498
523 535
119 569
381 479
72 477
184 264
37 289
136 295
582 588
124 337
99 300
5 487
171 440
282 520
226 529
183 553
68 340
195 430
125 376
298 367
193 562
176 278
138 192
44 450
1 284
148 178
57 223
365 435
506 532
506 515
128 439
136 585
39 263
401 449
38 170
229 379
103 222
170 558
425 526
132 221
314 413
191 283
434 446
136 322
125 287
359 579
376 455
260 501
44 440
82 513
58 480
222 535
221 571
31 593
14 236
239 467
202 431
92 417
53 381
225 338
6 117
5 348
498 552
144 596
206 262
39 55
405 484
420 580
306 488
76 228
184 378
158 363
1 570
272 406
103 382
25 443
1 243
85 189
38 124
33 65
369 584
381 453
27 467
243 284
70 540
91 498
550 575
48 130
151 173
172 441
58 446
269 432
59 546
114 385
39 459
133 197
245 275
329 508
102 485
40 479
131 319
73 554
48 501
284 574
350 469
174 418
6 91
183 518
236 559
147 158
394 403
80 358
42 237
440 450
35 569
73 304
206 364
434 551
70 441
29 238
406 577
4 314
221 513
160 369
377 480
0 254
51 448
330 390
98 455
90 216
343 373
386 411
85 522
297 477
272 310
121 231
374 391
191 294
346 429
24 414
84 539
181 231
149 514
280 455
119 586
224 393
205 213
314 479
1 574
539 557
48 273
187 313
227 576
503 518
351 404
217 434
454 549
225 522
185 269
395 396
23 380
321 329
45 360
34 445
304 335
396 589
221 454
91 117
255 392
128 422
72 349
223 545
7 404
267 546
262 366
20 532
208 533
204 316
353 538
302 557
80 315
276 287
153 526
230 412
38 103
292 340
374 553
210 539
199 557
106 494
74 169
88 280
113 366
101 274
152 342
515 532
0 496
263 586
253 480
126 235
389 471
69 454
118 237
71 221
375 394
145 253
202 341
408 547
196 325
179 280
209 377
225 336
220 520
41 299
206 513
186 294
120 578
44 492
130 197
226 576
357 384
3 235
27 291
16 399
88 512
445 570
181 558
136 361
241 341
125 219
51 398
135 195
65 402
235 501
157 389
84 390
132 301
28 569
126 259
183 255
21 24
225 250
95 566
60 85
168 538
336 587
82 364
122 367
342 523
111 548
123 288
6 111
203 540
240 282
286 353
452 583
129 355
292 338
364 419
525 569
365 510
424 449
2 507
233 537
68 292
8 581
112 144
104 588
231 236
273 530
96 123
328 447
189 564
13 269
214 251
491 591
315 426
395 491
77 589
212 590
400 456
286 344
365 406
79 329
19 292
488 493
270 490
500 522
561 579
516 553
215 418
490 536
279 416
200 423
30 166
318 510
334 528
184 407
56 205
20 506
90 420
209 585
293 453
283 506
84 410
146 594
65 120
250 483
2 211
80 335
136 360
404 594
203 464
45 531
146 436
98 196
16 388
40 314
212 447
147 428
170 181
29 442
57 184
136 517
189 522
204 245
110 514
359 561
306 446
76 515
95 413
48 126
392 550
4 413
230 361
31 307
472 550
288 334
290 467
201 351
166 540
163 204
17 176
5 43
339 519
189 556
127 133
396 508
425 500
139 345
285 362
152 383
39 309
406 446
49 97
160 552
272 446
125 326
98 345
208 239
312 574
446 488
36 394
0 137
60 343
294 521
26 155
74 457
327 376
425 533
222 433
319 357
446 493
45 89
406 510
156 575
209 460
261 557
291 302
250 424
89 360
64 457
427 560
21 167
43 504
380 449
172 439
144 487
156 392
1 203
31 153
261 379
95 542
219 497
110 187
15 459
221 458
533 597
168 227
119 263
110 421
109 427
106 325
391 392
239 438
129 371
131 300
265 597
91 417
231 347
193 501
273 501
133 286
522 587
288 413
184 409
458 482
256 410
166 536
33 397
462 523
161 589
40 566
416 556
283 515
18 386
339 527
489 555
3 121
198 444
63 149
43 495
98 139
28 119
202 379
201 493
234 331
429 473
93 253
93 377
2 495
212 328
279 556
583 590
381 399
462 502
296 490
281 531
55 180
199 379
143 572
14 559
141 457
88 417
521 525
266 476
318 418
438 467
298 473
94 187
289 562
79 303
156 183
303 565
17 493
290 545
113 346
152 502
326 518
154 539
359 485
380 564
304 407
218 397
15 309
12 400
157 595
113 513
308 404
50 117
30 478
57 360
147 470
343 554
66 139
59 507
56 159
150 151
157 513
68 333
11 298
119 173
32 248
362 578
63 436
238 374
7 148
157 496
73 231
26 576
361 378
380 587
180 586
51 571
323 533
203 490
82 206
137 194
151 535
198 367
109 296
332 517
163 245
410 540
16 331
186 470
105 296
85 556
62 461
547 580
78 228
83 595
332 585
108 470
26 529
197 529
453 593
286 387
455 486
375 494
389 496
551 565
496 583
164 471
135 400
17 148
341 381
64 143
21 116
109 560
314 453
180 459
160 584
9 21
172 321
200 211
298 415
39 180
262 364
168 568
349 516
194 590
33 120
390 439
347 548
109 270
309 481
521 569
153 334
192 594
167 393
564 567
96 528
7 308
277 527
108 363
222 523
62 289
208 291
87 227
37 598
125 274
223 443
355 509
255 553
30 61
140 596
35 76
222 344
214 335
19 338
201 253
56 477
115 280
192 285
254 266
325 375
101 325
148 308
314 381
293 593
302 431
355 563
63 253
330 539
220 454
300 445
123 340
63 145
33 482
105 270
39 382
311 456
232 473
90 317
321 508
238 553
124 309
449 486
169 224
36 228
421 513
18 581
4 288
212 452
90 388
447 585
123 413
88 107
225 483
205 401
22 540
73 347
268 372
111 347
83 157
205 424
492 505
282 352
101 376
22 589
220 240
73 372
543 563
225 500
405 531
21 97
199 539
185 356
511 583
82 221
509 543
102 355
99 131
147 450
67 111
11 122
38 337
1 312
133 529
107 345
265 307
199 261
208 597
243 570
50 552
158 492
57 378
154 256
423 589
91 92
56 483
388 560
35 525
305 575
388 541
234 371
373 416
60 425
482 549
266 358
124 162
391 414
123 542
76 386
536 540
181 236
234 359
440 492
254 358
26 87
311 432
124 382
135 277
295 412
429 461
203 312
396 540
320 325
57 361
145 351
297 349
278 435
520 571
12 277
152 462
364 444
94 192
41 152
219 376
376 497
464 490
21 442
218 458
70 410
442 599
388 427
348 504
107 417
15 548
258 299
98 327
246 420
473 530
243 445
359 371
13 519
63 212
345 592
211 495
213 477
81 579
178 308
129 566
28 521
355 566
54 499
45 405
34 589
169 561
132 520
65 285
467 545
9 414
324 394
231 304
310 446
152 523
190 191
452 471
436 594
36 78
128 463
356 456
54 342
18 35
111 554
248 444
38 558
192 313
4 593
397 482
203 580
151 258
113 598
22 203
184 188
258 428
491 596
243 300
283 470
315 412
260 335
77 540
61 478
245 343
56 250
369 552
232 530
247 385
465 489
258 521
210 557
352 474
100 101
25 463
428 521
238 349
108 505
57 316
154 537
309 459
128 434
341 453
102 572
323 425
134 472
32 582
303 577
193 273
112 491
45 281
60 323
146 351
33 402
150 521
87 298
565 577
248 364
42 118
80 426
229 241
156 550
16 544
113 262
118 499
161 203
91 373
63 146
48 127
558 559
288 593
22 77
34 300
422 463
228 386
63 351
211 487
112 423
143 457
312 580
147 186
29 534
390 441
79 321
173 263
47 283
563 572
121 181
62 429
360 460
165 382
290 443
257 300
3 181
189 567
10 274
130 530
99 384
349 534
340 542
281 434
408 560
10 326
30 490
286 469
27 302
35 52
340 475
282 571
133 350
462 535
95 509
354 555
302 443
131 384
54 523
38 344
160 180
105 109
441 508
69 352
127 130
88 115
156 255
150 258
0 511
86 554
189 587
66 592
233 379
112 200
398 474
9 442
3 170
78 555
70 396
103 433
61 381
44 147
57 545
177 329
182 315
138 308
214 501
53 229
234 544
36 386
541 544
258 462
173 244
249 460
19 96
340 509
310 435
25 557
530 562
43 487
12 135
63 328
332 447
177 395
162 558
51 104
176 178
46 68
128 565
278 493
217 551
79 140
204 239
25 524
2 267
316 545
187 192
221 549
92 567
299 428
116 475
97 116
119 244
395 591
430 527
354 437
270 547
72 333
92 556
301 520
21 141
101 327
288 528
452 514
93 447
264 268
32 71
548 584
408 420
15 584
230 409
154 410
102 129
110 402
0 583
243 257
49 349
21 49
140 215
23 92
213 297
200 507
32 448
147 299
205 477
262 419
324 494
260 266
139 592
269 391
203 570
182 184
110 471
8 586
45 463
287 518
49 534
270 580
395 589
52 586
214 235
461 598
86 373
358 426
354 465
128 281
183 401
232 429
275 323
198 582
83 266
410 441
337 382
159 483
107 498
238 414
265 431
40 466
6 50
142 403
277 519
333 349
319 384
100 274
165 173
443 524
159 333
242 369
60 245
42 499
254 476
287 497
114 568
88 380
98 179
186 428
145 133 73 489 506 1 289 264 145 20 293 21 57 260 71 200 209 249 125 203 501 534 222 467 507 26 295 249 169 41 247 389 579 595 92 425 145 561 276 42 305 401 369 525 178 271 80 240 182 266 547 114 327 75 30 221 62 96 147 507 385 448 389 428 340 228 54 396 77 382 210 25 144 44 204 361 159 130 314 45 561 172 236 238 185 497 103 414 391 506 121 124 273 228 109 273 34 524 420 76 521 218 50 500 63 245 223 410 28 506 187 525 85 502 180 482 473 533 296 241 209 499 128 378 51 354 116 482 256 137 254 51 595 514 41 212 450 10 442 478 215 48 472 134 269 490 375 413 555 68 126 255 448 466 230 234 199 77 438 504 534 84 482 561 356 58 538 95 218 67 495 80 291 85 276 437 278 118 152 512 199 414 175 216 70 448 531 25 492 280 303 79 37 494 252 1 586 215 509 3 20 514 415 109 504 187 589 335 498 403 103 209 557 249 106 258 401 190 216 456 310 564 281 418 528 260 535 551 102 258 39 478 438 358 245 413 135 523 217 365 3 15 167 162 505 266 562 233 244 510 39 339 314 47 522 565 159 108 69 327 478 304 423 560 249 382 488 415 249 594 482 334 538 561 403 411 358 192 20 501 87 465 221 379 571 90 117 329 192 89 206 505 170 428 201 206 440 24 147 526 278 28 543 345 95 386 543 195 99 375 111 459 472 154 22 27 496 588 71 319 400 401 0 133 525 555 110 158 98 20 91 193 84 530 451 81 331 445 360 121 597 162 324 129 107 435 143 336 592 444 461 308 273 308 98 70 139 202 33 483 480 588 400 527 280 423 551 380 158 549 388 31 296 527 141 308 537 403 108 186 30 64 55 398 37 549 509 223 504 104 237 529 125 299 15 594 331 153 331 90 195 25 453 451 486 428 595 509 237 53 30 377 308 327 19 544 402 390 388 416 230 430 378 45 267 399 466 10 429 270 334 537 577 273 293 432 450 365 111 213 24 386 403 529 554 345 27 428 261 28 27 114 158 486 94 153 27 220 410 570 229 597 365 591 165 358 183 35 343 191 312 87 554 335 387 337 512 586 180 401 212 255 551 78 391 165 578 457 222 481 509 36 396 215 283 110 437 334 93 40 38 354 47 403 21 137 286 408 598 271 535 290 165 335 445 240 359 318 401 80 162 10 7 174 84 250 429 208 515 457 34 309 4 293 454 560 290 599 409 434 53 151 155 281 127 481 565 483 550 118 56 534 66 369 584 591 221 272 581 30 298 409 211 441 23 368 220 373 533 22 53 545 15 43 221 415 464 370 85 139 50 43 157 103 184 28 379 180 550 118 87 70 543 465 375 351 261 405 506 189
257 294
242 955
10 890
560 234
536 761
48 793
722 419
57 464
787 281
803 915
997 628
328 82
895 974
976 857
613 298
663 323
471 917
49 513
832 316
640 737
964 298
760 921
212 836
708 547
837 963
339 588
476 75
413 590
834 180
827 820
323 807
509 709
189 24
85 209
151 883
866 242
924 368
381 244
628 194
706 257
523 834
819 30
646 84
5 755
927 54
321 563
752 820
979 197
509 209
776 865
761 424
106 39
832 230
428 763
718 41
728 281
719 720
426 469
171 548
26 931
597 579
395 833
370 198
127 417
645 907
55 256
810 402
691 432
706 805
5 143
235 753
176 77
748 732
574 379
675 971
971 552
877 303
188 803
948 329
121 683
425 300
501 967
190 114
296 251
273 718
628 569
602 441
398 43
757 525
322 515
401 954
702 471
685 512
201 469
110 352
613 818
608 711
747 885
883 484
126 970
934 602
924 553
592 872
685 171
137 19
350 860
986 496
769 490
979 145
368 888
138 293
634 403
84 828
266 201
627 9
784 539
708 891
740 447
631 42
798 186
53 227
535 264
309 57
592 765
678 245
922 627
539 206
526 154
256 627
556 867
488 182
109 913
129 127
518 113
993 827
929 993
302 407
279 353
5 321
860 452
98 718
719 935
845 409
614 910
74 801
120 466
79 397
934 106
4 449
142 358
809 128
765 113
781 40
556 688
323 729
438 98
940 750
247 246
954 67
700 775
757 338
215 868
651 266
560 475
201 277
719 198
294 786
793 970
540 10
631 986
594 200
873 16
220 672
759 160
67 732
637 152
22 528
146 733
6 480
842 505
772 253
591 235
444 374
859 732
463 431
903 865
907 105
87 322
499 485
668 580
910 199
927 161
43 310
413 246
234 357
994 997
925 489
483 142
220 35
364 708
66 853
87 483
447 668
263 892
525 566
764 666
209 159
279 84
516 624
238 451
333 656
35 858
165 397
838 713
495 283
82 680
465 997
158 607
147 241
878 580
73 105
155 146
706 110
392 501
693 999
629 661
472 40
468 0
915 310
405 748
384 415
585 312
379 110
374 746
538 938
513 244
590 277
591 72
855 795
498 599
53 86
431 735
708 375
200 938
789 148
551 522
273 979
677 27
217 105
294 441
705 683
469 270
600 39
167 481
338 318
914 759
317 756
159 989
842 98
572 171
404 281
396 664
242 159
773 198
503 428
471 655
356 260
20 987
532 421
966 812
323 881
272 231
110 580
467 208
983 600
561 568
843 685
946 945
37 558
602 537
813 502
226 570
94 67
948 198
208 988
19 290
587 106
891 643
564 761
398 181
434 520
451 619
662 764
482 732
892 144
318 365
380 860
833 741
362 52
862 41
158 946
99 129
371 605
115 644
514 305
955 709
161 521
493 675
1 408
680 288
95 557
929 883
269 941
73 284
529 798
436 347
494 512
437 963
20 592
61 921
951 532
194 684
329 459
558 598
918 426
956 487
954 651
898 511
159 424
175 721
313 677
506 900
237 392
747 781
564 720
466 319
677 652
663 214
628 688
973 931
660 806
453 713
747 33
595 488
662 121
830 478
304 188
606 371
35 763
781 783
557 124
91 439
17 61
554 69
954 424
604 847
853 935
72 948
379 297
607 950
345 485
350 410
31 211
972 111
246 108
82 590
287 156
268 26
986 527
727 353
38 379
550 907
546 381
651 505
898 812
899 456
878 548
231 502
430 427
429 698
735 603
432 800
722 230
796 10
101 990
704 2
875 347
529 46
424 904
218 222
269 669
875 840
937 793
740 979
885 392
154 763
186 760
112 239
66 36
466 880
869 1000
814 670
96 265
825 379
62 418
298 540
125 604
523 358
360 928
409 385
272 754
846 345
360 359
563 791
877 886
338 5
624 508
729 509
35 644
312 105
332 957
180 227
280 612
111 882
722 636
593 621
383 338
408 858
867 87
340 153
969 967
432 643
935 850
706 151
188 571
55 586
110 389
987 427
502 549
241 652
936 5
244 715
839 881
395 550
243 71
167 920
144 565
184 440
163 42
777 592
897 30
549 446
189 330
508 770
58 133
820 542
910 927
681 931
142 181
705 304
281 470
332 200
773 80
311 614
267 859
992 380
499 869
440 560
606 336
602 149
963 170
180 295
1000 733
396 83
27 32
707 845
321 277
779 711
365 803
487 828
204 514
642 342
127 213
690 734
215 542
584 914
810 585
34 827
133 518
977 345
314 846
124 825
959 38
86 525
981 454
3 833
229 267
836 611
784 458
705 65
630 627
474 238
822 65
994 671
30 715
1000 116
960 230
37 888
213 707
673 849
55 618
243 326
758 559
219 191
119 316
909 238
858 767
267 388
916 700
995 890
102 96
878 168
651 609
735 70
362 552
877 196
588 651
994 955
589 733
499 47
420 125
256 561
932 261
553 630
812 790
733 142
262 830
341 781
556 39
342 684
216 809
473 945
615 784
678 890
506 933
472 532
31 959
332 923
668 365
108 179
982 765
190 605
762 382
890 773
592 412
954 381
645 538
348 632
619 243
623 271
395 922
532 1000
436 176
644 861
705 587
189 653
553 828
675 548
593 0
850 207
183 886
128 72
620 882
731 10
245 984
998 701
445 15
161 634
71 183
561 969
302 933
780 313
164 10
222 298
694 343
269 417
802 234
694 618
76 7
178 857
207 360
120 762
812 448
540 734
69 369
295 287
101 791
521 657
310 226
813 852
