600 1555 600 614 12
319 512
65 287
123 545
345 430
65 464
172 320
3 453
126 461
18 41
272 495
214 428
166 538
555 556
1 458
84 526
34 354
32 278
195 202
407 433
13 281
284 385
121 375
162 287
139 177
213 456
261 522
148 367
41 262
245 549
108 418
101 494
241 313
225 471
240 311
115 312
23 414
520 538
11 116
9 371
32 118
22 163
455 533
173 484
195 244
29 180
77 482
165 552
15 53
230 262
308 421
260 529
55 238
79 397
121 343
59 532
330 383
376 598
544 587
279 469
354 547
516 554
427 438
483 596
125 452
362 501
37 149
345 599
208 324
99 250
448 576
426 467
71 266
36 269
277 298
274 296
405 485
328 523
241 492
110 324
319 570
302 396
235 441
321 386
327 468
158 412
78 265
63 135
347 575
97 298
350 593
291 363
67 502
176 583
27 246
387 571
80 122
93 128
277 459
13 313
361 387
200 593
210 488
282 324
212 350
64 556
84 512
267 505
510 594
31 143
260 428
397 583
105 202
19 495
8 345
181 454
49 313
98 168
228 506
151 211
30 246
197 373
147 258
283 473
73 381
335 415
206 364
242 400
267 534
69 371
14 76
38 536
194 315
244 514
408 570
205 525
162 417
89 171
158 223
257 442
251 329
109 444
329 451
268 300
356 380
212 429
144 465
36 325
167 222
240 501
1 403
445 450
0 27
381 532
137 502
270 535
15 305
57 386
6 510
231 338
196 430
375 529
35 231
330 512
295 402
150 371
258 404
178 304
38 222
74 184
500 524
42 275
297 544
307 353
373 573
247 379
225 591
11 390
117 354
43 376
98 521
148 541
168 359
84 139
229 534
196 203
394 515
346 545
213 535
54 133
319 330
253 318
100 224
82 320
23 268
311 427
376 478
25 581
111 566
220 260
124 549
281 313
72 175
292 452
116 574
378 450
39 381
112 233
0 291
28 269
432 555
401 562
176 533
259 335
308 367
476 490
227 481
84 106
82 357
18 578
141 327
22 33
5 421
106 526
146 326
174 330
252 326
502 527
265 516
45 249
260 286
16 448
123 474
118 278
25 91
16 270
89 188
439 454
145 485
239 531
389 487
143 450
52 248
431 531
35 369
344 459
279 314
168 520
341 423
510 583
283 292
182 344
28 125
189 520
309 463
110 356
307 366
546 568
107 127
108 570
480 505
88 485
545 583
441 493
118 177
74 314
69 293
2 461
261 493
548 564
329 357
259 408
81 263
260 322
199 524
45 419
181 597
77 444
386 507
286 428
271 312
27 107
226 559
94 204
134 233
101 267
126 208
24 573
108 319
47 347
53 391
172 271
104 121
43 478
368 409
184 492
125 473
321 570
225 522
453 585
321 507
121 473
377 550
358 506
2 340
227 359
363 586
142 589
84 599
468 522
114 557
241 405
61 130
296 452
125 561
207 470
141 521
198 421
175 423
145 405
24 239
402 461
129 224
436 489
67 438
13 33
126 200
114 594
276 586
54 513
334 357
86 173
251 353
71 399
159 317
154 521
383 551
208 584
236 590
98 189
20 589
26 499
59 566
280 402
269 491
540 546
85 121
324 584
173 466
73 189
383 417
400 591
61 457
143 451
338 518
8 512
192 472
300 301
320 457
350 379
373 531
8 383
151 261
29 406
456 535
278 587
95 508
151 399
43 166
378 451
93 142
165 510
327 522
206 506
42 359
493 591
239 431
343 500
77 326
19 470
107 246
121 365
314 469
342 499
147 166
214 465
232 556
497 558
380 461
255 379
10 39
40 467
55 577
182 459
376 398
137 311
247 284
299 528
249 455
196 429
234 500
143 437
302 514
293 455
238 501
211 560
18 202
250 398
411 448
273 532
220 298
26 236
283 452
220 573
116 519
383 543
54 577
122 550
293 565
89 580
151 493
200 351
185 218
316 449
134 562
216 318
95 459
71 589
23 169
92 231
426 445
180 557
514 578
34 219
220 530
55 501
147 317
271 472
39 59
100 575
244 578
96 360
48 371
372 376
257 432
228 494
93 432
180 239
157 532
117 361
203 368
127 596
96 171
217 596
193 283
62 435
62 461
56 356
152 491
206 525
385 447
12 553
336 520
14 341
171 360
393 433
164 391
117 221
234 375
241 281
257 460
276 291
126 256
425 586
65 595
274 443
70 320
210 291
342 477
58 363
337 422
174 463
142 399
237 270
1 446
1 202
131 217
242 569
90 389
512 599
243 594
66 294
92 236
442 460
75 497
277 530
2 380
19 129
255 513
392 410
391 395
9 69
63 527
189 381
35 266
430 496
328 406
122 194
268 563
238 447
143 517
221 354
119 453
91 537
165 318
302 454
106 139
57 309
25 132
232 560
339 495
205 414
97 489
199 387
64 432
290 415
355 451
216 238
5 511
46 331
213 333
157 372
289 476
20 83
429 593
58 368
97 182
400 471
20 370
242 471
303 543
228 442
99 219
297 326
125 269
52 417
27 243
23 69
200 255
47 374
211 493
160 423
446 458
355 426
149 408
37 408
16 411
40 355
86 94
126 584
210 276
8 599
354 542
314 387
133 379
67 311
97 436
105 592
548 569
32 332
174 383
100 138
97 277
95 349
45 253
281 405
318 552
251 307
207 515
62 340
384 541
204 355
230 527
256 282
196 212
47 116
348 534
209 592
101 228
58 476
216 362
159 538
289 483
253 453
424 576
38 96
293 390
63 113
179 319
75 592
283 365
32 139
234 343
234 529
134 310
202 458
153 331
103 582
567 594
419 455
290 579
108 149
181 479
23 83
22 219
251 355
296 443
196 496
270 456
333 588
124 245
158 462
153 407
3 585
6 567
272 440
162 309
201 236
335 507
298 529
55 447
449 556
449 555
85 104
131 385
327 521
102 483
232 441
60 480
85 473
40 204
112 443
236 338
221 349
543 551
46 122
79 583
138 172
285 577
220 277
113 497
314 571
81 136
169 565
407 457
248 425
187 259
167 242
287 464
212 368
435 558
367 427
293 419
348 525
80 541
318 362
78 554
120 347
148 511
14 470
415 507
142 304
251 357
385 483
316 580
13 49
99 337
469 571
223 462
332 444
34 539
225 548
244 597
361 571
29 243
132 155
174 570
214 286
53 305
47 393
501 585
95 250
410 506
224 440
323 359
187 321
167 218
100 407
282 496
432 560
305 391
233 562
161 290
71 261
169 348
363 490
29 239
12 420
198 541
290 386
330 570
353 357
148 427
367 454
341 480
322 375
132 254
33 88
75 209
158 317
190 232
241 279
15 237
69 268
282 584
279 542
152 306
102 247
186 404
261 327
304 392
294 553
211 441
21 199
250 349
203 430
263 276
291 490
210 328
63 230
437 451
307 312
25 557
390 423
100 470
445 487
14 100
208 380
241 498
75 113
384 585
25 275
249 253
120 433
118 391
502 582
68 392
62 333
276 363
39 189
175 505
332 544
94 173
404 508
412 462
24 431
273 538
317 404
165 217
14 434
11 574
474 518
0 107
362 453
341 347
112 292
572 592
325 491
276 425
119 318
10 59
2 62
492 498
301 474
72 423
87 494
447 577
319 418
522 591
24 406
270 576
88 145
21 233
266 369
217 318
383 512
32 109
280 527
285 351
124 149
23 565
67 302
81 276
204 466
130 421
199 500
547 571
262 572
230 572
258 317
255 593
449 580
32 177
141 509
80 503
119 253
136 325
70 353
377 574
74 279
70 307
430 543
44 461
510 552
61 421
46 61
122 503
413 472
200 256
264 367
226 529
386 464
27 488
337 376
159 223
350 368
65 152
46 153
67 527
146 444
322 529
50 126
96 235
323 590
171 188
302 367
130 439
64 560
263 328
52 551
263 523
86 413
80 384
268 371
230 514
493 522
99 598
177 391
540 568
279 492
12 66
127 475
227 590
213 588
201 518
191 235
146 482
456 588
247 483
7 81
285 513
35 563
44 126
452 553
256 429
373 412
195 329
21 365
130 308
68 432
102 350
169 414
7 299
81 214
264 302
223 317
174 309
63 280
82 439
258 508
252 388
131 318
14 480
236 499
399 589
299 328
128 211
10 189
37 259
403 446
168 336
278 424
300 371
160 505
94 366
240 285
17 310
85 125
444 568
168 481
231 301
337 372
21 292
202 578
66 420
203 409
215 329
141 156
93 304
206 229
57 463
103 351
303 363
340 535
65 561
266 327
205 348
99 422
238 362
52 287
292 443
219 352
92 338
74 492
501 541
4 413
36 136
24 528
197 531
322 465
7 328
99 221
73 532
145 281
249 419
298 559
529 559
33 163
31 451
76 394
211 399
45 377
0 210
96 441
137 240
114 243
464 595
355 378
371 533
311 541
115 172
198 511
34 352
214 299
475 490
374 423
385 577
331 457
406 504
172 457
66 290
526 599
437 450
45 585
228 257
69 565
215 357
452 473
326 540
178 205
324 356
46 315
100 129
155 197
166 273
481 521
136 214
287 325
93 211
90 467
265 554
328 504
188 190
373 530
46 194
212 593
226 361
292 365
187 335
120 393
68 304
114 180
76 434
43 147
45 453
18 262
5 367
257 358
246 596
245 252
561 595
110 599
103 402
194 393
163 422
337 598
146 540
86 416
55 240
63 402
369 563
134 443
99 539
237 576
218 493
474 545
377 519
13 88
359 481
58 382
147 478
404 412
199 233
12 452
117 547
309 383
257 555
200 429
3 45
10 111
85 214
205 304
20 369
199 401
15 340
176 346
354 539
467 487
497 588
125 294
53 237
53 576
153 457
310 562
4 192
192 440
156 288
38 167
30 567
308 454
37 124
186 412
25 42
290 595
249 397
91 114
186 277
225 521
51 280
69 455
139 444
203 363
185 235
66 553
135 402
83 369
495 515
287 417
332 587
14 347
17 401
172 407
396 514
215 479
475 483
121 500
201 477
25 342
407 575
85 465
155 254
35 509
95 182
155 412
150 176
296 420
206 392
309 386
226 524
358 432
287 491
434 515
214 528
184 486
341 374
471 591
338 474
266 370
197 412
259 321
223 336
7 214
7 263
179 418
90 484
476 483
185 493
94 413
519 550
298 436
135 461
218 591
300 563
98 481
307 355
90 466
265 297
183 566
188 580
48 474
231 563
28 306
85 136
48 150
72 534
179 568
87 206
253 552
157 273
135 435
2 56
165 596
356 395
276 523
201 338
138 224
48 346
117 489
45 550
345 383
68 410
243 504
13 145
175 267
5 308
368 476
65 306
477 518
17 74
260 465
126 402
297 516
106 177
240 541
81 425
116 374
316 556
405 498
91 581
6 594
194 519
154 564
119 362
98 154
103 126
190 441
201 499
361 547
140 303
170 574
231 509
124 388
439 457
68 358
18 105
62 135
82 479
252 540
57 321
20 266
510 545
55 285
107 475
140 248
163 219
58 490
446 517
76 480
397 533
209 497
364 410
257 506
430 599
122 421
18 592
23 369
73 520
71 370
46 421
305 395
129 272
70 312
149 570
289 475
79 253
32 587
150 346
370 589
138 271
186 530
273 372
223 275
4 440
299 406
235 493
58 203
275 359
348 565
245 546
84 179
222 242
245 540
27 504
248 303
103 285
79 552
99 349
49 352
73 538
123 342
108 549
217 385
153 433
328 488
363 382
15 270
26 323
378 445
537 545
122 519
96 188
350 476
356 526
125 553
367 438
87 534
150 533
54 285
91 557
415 579
188 316
159 520
133 255
155 462
420 452
233 443
167 235
342 581
418 546
152 287
161 294
333 558
348 414
78 326
98 111
160 175
394 495
454 597
248 586
312 366
182 349
233 401
173 204
167 185
217 483
441 560
45 574
537 581
264 454
63 435
254 531
93 560
62 558
236 323
164 424
118 424
262 592
29 114
361 436
67 396
352 542
26 42
16 576
122 315
303 551
486 492
21 500
74 401
48 300
100 347
87 228
248 325
346 474
178 414
488 504
285 582
87 229
285 502
162 464
178 589
433 575
63 572
106 391
41 230
199 361
227 288
22 352
250 376
256 584
445 517
545 581
87 506
101 505
347 393
268 369
359 590
17 486
17 184
0 475
321 408
444 544
40 426
40 90
61 331
70 334
36 491
77 297
361 489
378 426
53 164
29 504
247 577
56 305
60 76
34 542
105 403
70 115
66 579
288 481
361 524
127 483
38 191
345 543
202 403
137 285
205 206
141 288
222 536
180 254
304 589
192 224
295 502
223 359
64 555
25 26
454 479
41 514
294 561
46 433
284 577
120 575
56 340
139 179
40 466
267 494
289 490
41 578
36 85
423 480
19 100
250 598
339 440
161 595
132 557
51 502
85 144
31 329
390 565
312 472
386 595
428 573
357 479
280 295
275 462
302 597
206 304
24 428
28 152
519 574
6 30
15 535
230 396
156 236
204 366
190 556
384 501
312 413
496 599
226 234
206 410
249 533
4 472
179 444
511 541
44 402
210 523
389 467
301 563
102 476
123 477
144 322
374 390
466 484
411 424
103 295
558 588
131 216
28 561
303 586
343 375
25 155
219 422
248 287
196 409
170 293
0 490
313 542
113 558
254 557
234 524
371 455
228 460
43 273
469 542
118 164
309 464
308 439
503 550
306 561
244 302
80 421
90 416
187 507
186 459
72 565
24 299
111 183
154 183
196 368
334 353
361 559
439 479
362 585
329 597
333 340
358 410
277 344
74 387
215 597
113 435
147 538
326 482
77 544
220 373
266 509
225 564
165 246
192 271
444 482
83 589
27 567
305 356
313 352
282 429
183 548
204 307
292 296
50 380
19 515
22 49
158 404
208 356
556 560
168 189
79 249
218 400
92 509
445 467
52 140
68 93
101 442
47 194
224 272
60 505
126 351
182 221
246 567
290 294
255 351
140 551
471 569
32 444
351 513
396 527
95 478
302 438
354 469
74 199
418 549
468 521
121 322
471 548
478 508
9 455
76 515
284 483
265 326
288 590
131 238
79 510
5 148
52 383
365 500
10 98
537 594
37 388
4 339
92 141
384 503
195 578
109 139
96 536
239 254
286 465
546 549
123 581
166 48 208 238 312 518 592 393 13 60 58 17 459 354 57 239 452 256 392 112 64 269 2 260 515 557 263 118 587 329 420 505 236 301 300 541 188 220 182 31 473 460 273 135 110 321 583 405 394 275 130 490 525 160 499 466 534 260 42 331 225 430 98 560 468 35 596 6 539 213 299 89 222 146 158 375 133 531 460 393 566 483 74 106 408 125 271 157 339 199 25 46 430 380 44 358 459 181 460 152 510 573 538 564 597 254 66 443 197 385 370 591 26 69 540 315 504 12 462 137 468 63 47 372 196 527 578 275 256 452 221 398 38 449 544 366 123 473 28 402 423 525 385 36 596 236 36 577 92 249 401 279 140 391 566 395 289 288 585 230 290 258 339 585 239 161 349 503 143 245 493 92 189 426 453 62 349 428 212 109 571 107 263 535 510 72 111 151 333 118 467 318 521 416 548 140 114 443 318 279 593 496 251 515 425 124 99 538 153 330 104 518 249 225 564 333 355 42 399 429 162 60 115 145 463 282 224 559 311 592 309 107 500 430 54 576 111 247 108 523 34 267 248 79 456 560 80 270 16 442 234 440 317 531 386 397 542 5 428 318 37 448 458 144 211 525 527 503 200 261 553 189 380 589 326 264 551 60 170 584 242 308 47 156 175 503 575 145 169 45 75 299 26 488 346 562 254 216 270 220 111 381 473 16 413 255 155 136 313 568 171 505 352 15 447 8 497 363 471 283 153 46 221 81 62 111 120 105 275 536 90 475 322 10 79 149 217 555 25 443 417 95 305 301 213 262 196 266 319 190 489 16 374 184 577 436 534 495 558 58 386 521 505 593 245 178 295 170 166 370 313 247 211 564 430 161 100 159 464 45 152 327 116 577 482 311 482 135 390 594 109 431 33 569 23 35 239 388 79 589 299 348 204 214 483 411 553 102 568 484 418 139 329 107 397 203 222 84 12 342 254 564 430 520 579 188 349 20 396 293 269 243 318 343 599 491 246 140 128 132 496 375 401 276 599 81 468 251 537 416 587 337 471 206 60 512 521 298 252 245 56 186 62 365 546 86 161 516 284 195 454 74 193 47 447 310 311 232 69 599 366 206 266 59 337 77 514 373 141 209 279 212 506 524 416 571 39 57 202 260 158 83 4 500 179 7 579 520 273 114 370 154 130 60 204 519 121 88 188 372 478 485 576 299 344 151 121 141 485 486 36 388 475 88 535 255 458 486 180 129 200 363 46 391 244 126 12 34 7 289 465 564 168 235 119 392 597 557 270 312 484 306 118 62 479 349 105 428 323 599 47 327 218 7 540 132 539 319 66 54 246 206 482 565 46 368 395 317 49 526 176 430 505 370 394 196 170 313 26 558
410 491
699 991
419 884
652 536
974 741
671 717
522 426
303 418
231 695
711 395
549 51
765 482
60 442
73 35
899 528
355 926
283 998
34 208
642 941
962 637
767 250
100 270
156 29
770 324
364 368
495 286
532 275
445 450
144 503
434 396
516 460
738 937
176 911
130 6
167 87
711 224
196 475
6 751
839 33
515 62
886 913
651 907
517 221
370 40
451 807
661 497
750 654
801 521
655 343
113 39
403 815
548 823
227 573
295 904
506 699
538 662
389 884
102 686
381 592
523 24
976 476
771 690
435 923
508 893
949 155
143 571
17 502
601 811
922 217
751 386
864 796
762 174
863 406
458 69
116 196
556 958
976 525
90 966
7 912
571 447
685 637
295 475
802 752
760 288
203 784
203 433
993 890
924 357
46 1
986 17
924 960
507 336
651 189
858 184
974 842
328 111
924 47
273 210
560 95
250 53
886 621
977 416
448 612
493 768
175 421
615 985
268 817
447 482
108 785
177 881
276 751
564 25
55 333
501 944
476 375
880 754
753 520
221 151
228 897
600 530
827 594
165 352
718 597
570 341
37 791
116 455
420 774
466 518
888 157
919 656
732 727
550 558
455 301
478 666
9 277
476 884
244 450
579 695
874 691
195 847
265 578
651 146
850 220
763 964
207 376
25 40
75 890
400 122
632 708
64 762
639 389
800 159
171 548
826 656
608 79
459 260
611 181
405 3
417 224
451 117
924 450
91 578
164 619
187 3
253 915
530 497
397 72
803 48
523 123
799 373
737 471
948 10
850 723
957 909
175 687
899 410
602 389
229 863
820 267
162 812
444 356
737 793
253 167
610 29
61 173
812 92
352 205
44 675
961 52
511 92
948 97
890 47
946 727
131 383
764 565
727 897
354 690
394 270
702 665
117 232
418 739
598 259
682 955
312 651
905 882
816 306
901 282
942 591
372 804
556 994
373 498
857 129
392 678
419 976
285 390
749 834
574 579
529 536
784 74
194 39
307 278
247 105
813 1
469 183
919 698
706 67
198 242
568 153
966 331
878 320
556 891
663 237
900 100
45 286
170 280
845 76
570 230
309 955
583 617
401 362
598 669
36 109
756 3
460 418
697 857
68 828
484 486
483 633
271 543
638 457
307 81
817 857
24 876
602 483
431 323
452 713
391 757
986 253
392 160
5 689
254 329
747 125
609 933
329 449
661 812
39 951
716 181
926 389
723 321
152 471
344 989
910 727
981 671
436 27
20 384
484 218
319 518
300 233
183 971
83 121
509 836
41 67
368 729
125 350
490 577
526 727
266 363
190 579
604 145
439 563
34 578
355 529
86 362
764 425
66 515
520 792
58 392
51 981
246 289
347 398
693 348
675 292
641 847
291 593
862 256
307 868
124 531
878 837
698 747
157 657
10 233
575 742
909 780
89 73
121 160
753 603
992 90
429 154
569 517
152 767
846 753
79 714
223 332
545 207
318 767
228 501
46 905
705 142
373 440
759 875
192 736
800 679
139 941
449 956
802 801
1 644
496 155
262 24
631 231
990 700
399 921
868 512
558 308
159 309
289 179
251 672
628 360
858 562
838 346
301 125
415 650
448 755
142 58
845 823
202 98
864 880
329 809
784 828
966 230
508 185
916 6
185 214
608 584
351 563
932 285
101 307
948 822
650 752
391 630
729 259
761 214
676 397
349 13
361 283
820 483
191 317
319 37
700 524
828 907
454 644
356 842
487 25
342 595
204 659
653 621
521 595
78 632
163 190
0 826
954 988
805 440
264 881
894 241
804 568
993 552
300 834
599 845
610 429
337 80
820 188
758 38
75 221
483 815
665 993
384 209
3 74
388 412
862 641
47 730
346 644
937 255
222 980
371 247
977 800
799 333
13 600
986 979
210 617
128 815
695 469
22 424
736 689
235 1
867 466
221 939
254 486
857 964
606 737
296 347
397 716
285 695
376 340
944 194
806 626
940 541
480 915
250 237
803 937
622 765
766 737
957 697
866 99
1000 330
24 342
138 897
833 998
734 1000
543 627
260 974
999 122
804 983
787 896
94 418
633 511
682 783
680 432
380 999
802 710
715 962
326 176
992 300
434 846
452 210
138 711
134 627
226 402
921 920
889 958
685 97
118 123
906 571
719 27
940 760
129 419
629 324
429 533
416 593
592 296
358 106
763 770
911 483
580 125
82 922
470 552
987 944
15 0
19 163
894 1000
397 461
226 202
391 560
183 508
49 137
795 124
964 374
997 633
325 730
522 975
5 121
564 278
137 275
612 626
563 771
675 582
419 432
979 446
934 321
33 630
362 142
678 205
551 408
657 678
227 750
481 721
618 884
980 605
11 999
772 998
628 279
730 551
482 128
643 113
719 113
348 481
147 238
852 304
240 802
559 859
327 366
213 292
334 246
395 316
462 0
650 423
883 368
375 959
866 0
506 380
429 61
216 61
55 860
628 669
120 89
282 662
126 985
569 381
112 844
188 147
647 23
83 802
698 557
260 622
569 486
55 475
0 958
991 188
963 125
471 329
481 968
225 259
920 138
80 545
41 246
699 253
646 60
788 405
590 5
481 441
144 844
690 5
113 734
151 135
548 928
306 317
721 500
856 610
283 932
514 635
698 889
14 534
996 52
540 350
522 758
583 415
358 770
645 576
310 552
166 998
453 995
810 233
582 190
739 75
591 960
420 690
494 408
117 593
496 517
710 819
280 65
263 717
