600 1602 600 871 17
434 506
469 541
207 476
94 257
52 573
86 362
38 512
80 317
173 222
282 460
74 118
397 514
194 198
252 503
203 423
258 533
276 302
171 175
216 366
332 460
208 355
94 217
83 453
88 259
41 85
3 423
392 508
123 129
108 599
144 351
267 380
17 454
230 334
16 50
265 439
474 506
88 346
42 317
13 541
55 546
38 95
167 489
413 568
379 518
234 413
5 244
5 290
210 398
256 264
169 460
139 411
44 397
255 322
190 268
126 396
45 160
216 547
362 444
55 354
166 263
15 304
388 491
444 533
81 190
148 221
116 368
86 347
336 455
328 492
426 512
112 190
292 371
79 566
23 222
143 520
153 506
6 233
36 483
394 419
141 269
36 396
340 572
363 484
33 34
72 246
263 567
25 91
188 337
23 234
93 354
360 518
104 363
421 559
48 92
142 490
103 108
237 460
464 506
165 553
56 483
64 533
421 588
400 555
341 342
76 581
127 436
92 294
1 313
39 571
107 176
143 563
43 387
345 391
175 574
72 471
194 239
127 502
75 492
145 453
22 500
107 160
503 579
280 534
336 397
362 496
383 422
29 197
284 552
1 464
429 458
313 575
237 488
140 468
578 588
145 372
271 349
263 461
3 146
187 593
253 422
132 361
50 562
401 450
49 430
255 344
193 240
15 176
254 346
31 485
155 322
185 534
241 345
418 589
212 281
47 442
409 595
149 258
84 116
154 496
299 492
102 248
214 385
377 380
11 594
152 444
481 487
16 562
537 542
5 100
211 445
397 479
109 493
338 428
0 557
29 558
312 412
91 462
79 440
38 540
313 384
58 94
41 538
66 426
455 479
120 331
280 334
304 535
175 366
321 375
156 350
31 248
154 536
153 434
286 327
137 225
457 552
4 271
79 192
298 364
146 223
317 590
125 437
2 157
230 374
65 272
56 371
121 125
241 473
282 443
21 525
145 168
43 570
76 477
365 518
305 316
64 294
232 388
87 395
486 555
357 395
205 436
30 510
135 195
46 294
453 487
316 506
28 158
494 521
12 204
220 407
4 426
54 435
84 569
17 109
152 533
89 200
201 568
98 119
116 133
431 514
201 417
65 188
54 100
193 248
5 435
293 402
456 520
458 588
266 566
186 466
246 329
81 475
180 448
340 386
137 476
305 393
128 390
68 371
93 348
19 282
91 180
308 566
306 470
14 160
242 268
51 248
280 458
149 583
221 238
488 526
165 585
94 133
21 301
45 363
8 368
113 344
579 584
31 95
11 174
484 489
27 579
428 526
269 273
425 536
121 476
52 453
152 347
47 118
398 402
28 496
157 262
175 587
293 586
182 516
497 521
559 588
24 28
17 409
334 478
309 323
352 411
243 544
186 462
159 278
419 558
58 505
137 416
62 456
373 536
124 240
131 365
164 484
128 524
45 107
372 453
123 356
274 343
177 576
223 404
534 597
413 500
341 411
233 341
524 544
191 193
21 527
210 306
113 596
265 463
426 508
251 497
33 410
230 438
346 528
180 213
267 450
229 374
545 597
18 42
393 473
166 319
261 307
115 134
121 315
203 265
178 213
262 315
157 235
270 410
102 549
378 557
29 277
167 406
82 310
31 550
127 141
159 582
316 474
112 498
328 528
149 162
330 522
169 237
73 552
82 527
27 250
230 478
245 519
216 480
168 370
8 285
233 342
331 499
18 299
18 590
334 374
280 597
36 490
317 330
93 360
157 355
65 364
382 514
497 570
28 154
97 382
30 480
58 204
48 479
142 250
382 459
530 543
41 136
542 562
96 443
54 318
60 251
539 548
251 521
399 544
266 296
85 158
70 358
159 309
156 206
342 445
369 588
403 530
339 355
512 598
369 438
46 438
54 501
169 420
66 598
229 455
84 322
51 90
244 367
38 598
73 529
100 235
47 74
30 377
485 593
270 563
17 300
9 516
110 150
44 542
32 44
56 68
216 574
227 324
386 511
250 523
74 594
128 323
274 377
175 548
139 412
286 477
19 169
24 496
339 447
114 255
134 552
339 554
301 525
18 317
462 592
286 394
140 164
171 548
55 111
439 463
148 372
315 564
277 325
99 538
89 350
10 71
4 349
155 213
286 457
34 174
280 578
72 525
63 166
75 402
267 326
37 45
208 416
296 561
258 463
338 492
427 578
14 520
89 111
135 387
44 188
470 526
211 233
535 592
317 432
52 324
421 445
34 296
147 562
287 332
90 110
46 48
205 513
247 383
136 543
122 325
249 415
296 303
163 247
262 564
39 439
247 504
35 134
366 574
183 527
284 482
39 162
27 142
49 401
109 499
411 595
386 598
225 476
7 529
85 538
444 583
180 189
420 526
199 324
158 537
148 238
381 515
418 594
278 476
151 395
273 319
300 454
381 573
47 199
283 331
181 255
258 444
425 538
129 443
238 446
527 551
293 306
327 558
217 451
361 542
351 557
103 592
144 557
104 484
101 405
2 367
249 582
309 415
88 432
25 180
437 564
119 540
211 421
64 152
452 543
23 167
203 421
199 227
213 304
20 509
151 414
89 545
155 448
522 591
87 481
170 321
351 446
8 133
234 494
317 390
316 358
438 478
379 493
237 420
323 519
113 415
7 35
206 331
82 90
69 492
298 584
272 298
323 544
13 292
91 560
164 535
32 542
27 297
119 187
3 203
263 531
316 464
114 322
185 289
271 469
51 82
414 515
62 126
10 198
89 597
222 406
16 28
60 234
174 459
110 163
373 538
468 599
273 467
418 442
381 556
126 275
160 417
262 554
215 298
240 248
186 592
319 502
250 371
240 550
219 368
4 40
163 549
270 285
71 475
365 379
161 474
477 581
89 101
34 59
33 296
136 388
360 464
535 599
330 356
133 368
11 172
220 494
36 56
278 309
163 383
314 586
49 449
263 468
235 564
96 256
150 329
125 582
73 394
556 585
265 421
42 123
402 586
293 314
30 68
329 532
266 424
278 519
273 325
219 385
84 368
280 589
100 290
88 390
100 260
57 287
79 308
15 107
224 349
511 549
204 370
23 500
331 546
373 425
57 338
109 120
363 489
50 294
161 256
160 520
352 509
433 493
218 347
157 290
59 505
150 246
93 499
10 256
305 313
13 523
19 443
207 245
360 499
163 511
1 384
98 530
302 311
41 388
111 283
233 445
13 577
46 92
68 292
491 508
183 301
257 557
176 304
222 461
322 344
112 446
83 487
72 231
53 436
37 363
336 479
147 537
175 179
168 372
56 142
78 411
97 106
389 522
40 66
440 503
186 560
148 370
316 393
9 276
215 514
252 308
190 446
361 388
48 229
555 574
77 188
71 198
235 560
469 523
192 298
85 537
146 302
377 507
483 510
490 563
329 504
125 596
327 501
177 407
160 219
440 579
68 510
77 349
113 582
207 519
351 378
76 286
220 576
297 490
217 285
321 465
120 454
344 596
93 331
106 424
326 555
412 509
406 567
200 442
71 395
35 115
402 428
390 524
268 498
24 50
271 541
331 376
236 274
22 45
26 407
116 569
307 530
67 422
70 161
214 285
246 471
496 536
212 412
10 515
118 227
190 238
357 453
177 436
54 581
458 580
90 527
287 338
118 199
153 360
272 397
399 519
137 353
148 378
71 81
359 436
37 104
132 542
417 568
44 495
77 584
224 271
26 436
20 412
181 344
25 235
115 122
119 593
160 385
49 267
85 425
466 592
63 263
366 480
281 412
166 273
305 473
241 420
236 383
431 455
367 477
374 517
180 462
168 227
153 348
302 423
110 231
144 569
184 469
44 132
296 410
62 366
196 332
233 427
10 414
146 311
249 309
176 219
40 271
279 295
96 356
22 568
517 589
178 448
401 449
312 493
90 231
453 573
254 328
334 589
348 360
432 590
13 572
137 554
324 573
102 511
220 222
61 432
51 102
138 287
186 260
182 445
34 266
347 362
417 520
397 455
82 193
196 338
511 598
94 451
478 580
24 362
203 276
258 583
382 594
62 483
242 323
281 312
97 424
318 501
108 592
20 493
210 470
44 272
66 512
381 414
104 164
65 584
73 277
187 530
162 463
205 319
217 410
245 346
268 309
264 474
512 540
461 567
106 215
441 522
110 504
25 437
88 254
166 461
106 192
436 513
167 408
93 546
131 499
396 565
216 377
364 584
125 315
156 376
1 316
46 229
152 218
98 403
292 572
112 351
406 461
450 486
180 535
356 389
13 469
74 442
183 191
107 219
127 513
18 196
183 310
8 217
456 539
405 589
36 565
256 356
84 114
102 163
380 547
188 584
455 514
67 236
98 512
45 417
48 495
53 177
418 431
81 242
181 415
177 359
36 142
383 532
89 206
94 288
340 511
164 291
337 388
46 230
242 475
232 508
47 553
348 515
202 515
75 117
176 322
166 467
6 411
29 103
142 297
310 527
7 277
232 403
396 490
210 428
225 245
209 382
61 492
306 314
276 423
69 328
223 228
20 109
114 569
83 357
476 554
319 461
4 508
345 443
75 293
447 554
403 543
318 592
297 561
179 251
197 531
458 578
404 516
243 259
7 73
111 200
71 87
61 254
547 555
368 385
153 464
229 230
195 555
326 450
108 535
126 483
69 117
398 428
465 472
222 319
9 182
104 107
256 474
429 588
162 228
320 410
143 275
380 507
366 510
105 346
275 520
120 300
101 545
226 353
143 214
37 107
280 289
239 591
68 483
329 422
369 429
409 509
115 141
343 383
32 92
262 339
261 543
279 572
378 446
210 314
126 143
155 178
327 394
266 303
136 232
64 421
209 459
408 500
11 209
301 551
78 509
83 87
27 252
95 248
320 490
375 465
21 231
157 339
547 574
308 503
105 375
234 521
460 488
345 393
51 110
105 226
140 567
103 531
247 532
12 227
269 325
28 536
60 521
146 404
169 345
26 319
140 484
62 510
400 574
391 443
257 370
295 383
139 182
408 489
25 335
229 479
328 465
384 518
344 415
189 304
294 438
132 337
194 441
13 371
10 356
212 312
152 294
13 386
138 428
62 171
184 224
70 316
199 585
12 370
179 497
95 102
469 579
324 556
109 365
26 222
55 283
130 430
206 376
25 448
167 567
252 579
182 342
321 528
26 205
245 399
129 332
178 180
72 110
390 432
326 547
289 427
122 141
61 590
184 579
42 196
185 409
386 572
239 441
23 408
53 407
172 227
23 406
182 276
149 463
41 361
169 282
457 477
44 65
137 447
201 413
384 464
27 523
3 39
146 423
198 389
29 419
377 480
379 575
6 289
29 73
131 360
494 576
164 599
175 195
243 346
243 524
201 520
261 530
235 290
440 584
14 385
244 435
279 383
128 591
289 595
261 373
225 353
133 451
329 471
129 282
298 514
135 359
405 442
229 333
287 526
55 585
464 518
283 546
8 385
260 560
52 145
59 227
4 66
207 278
67 430
77 579
69 465
200 405
509 595
270 320
170 465
31 240
130 236
81 268
76 501
279 343
105 353
272 514
281 433
277 529
91 186
468 567
6 427
22 363
327 419
63 197
7 325
119 530
59 204
63 277
173 407
323 399
66 386
127 273
347 444
120 156
485 540
50 152
254 432
180 304
244 290
101 280
384 575
253 471
202 264
234 500
98 392
27 469
214 563
204 505
280 478
174 209
39 265
121 554
60 548
274 383
155 596
71 239
103 197
35 122
124 193
479 495
33 58
43 497
63 531
358 391
159 249
215 382
100 186
253 329
414 573
198 356
43 359
15 104
140 489
208 339
120 499
103 318
236 422
299 590
379 433
61 299
42 330
3 223
124 593
111 553
275 456
402 492
365 493
124 191
80 432
289 534
380 430
118 172
54 466
32 495
272 364
462 535
96 123
3 228
427 559
99 543
24 86
72 150
4 491
259 390
335 437
297 320
136 403
359 387
103 558
281 575
49 380
295 511
307 543
15 291
252 561
117 465
421 533
171 539
97 174
358 393
277 467
134 482
148 257
373 452
289 578
78 595
77 337
204 257
15 164
455 517
84 219
140 599
559 578
16 147
367 435
54 186
162 571
273 502
485 550
138 526
14 143
95 598
155 344
128 239
257 288
179 548
101 589
318 466
300 350
70 391
201 456
150 504
279 340
25 560
258 265
190 498
12 59
195 486
370 372
337 349
133 569
126 565
311 404
418 517
361 537
34 505
342 411
318 558
169 241
165 199
67 253
133 288
26 53
232 392
348 434
179 195
39 463
151 573
0 288
348 354
354 381
397 495
441 591
502 513
106 298
501 558
171 366
330 389
320 563
243 245
420 470
6 595
6 341
170 528
147 158
407 576
97 266
334 517
59 172
346 353
115 284
348 381
435 581
309 519
416 447
489 567
7 122
8 214
27 561
99 136
8 451
222 407
335 596
309 498
448 596
276 311
261 452
221 372
287 428
267 547
60 456
483 565
199 553
97 459
504 532
124 550
245 476
429 438
58 217
239 475
96 161
494 497
226 416
236 377
33 217
369 421
387 497
159 476
300 409
128 475
40 541
41 537
279 292
2 355
195 574
2 244
291 304
3 265
74 418
179 387
363 408
158 536
156 300
25 596
170 328
78 352
121 159
76 327
135 486
185 595
163 295
183 551
82 248
141 284
183 193
287 460
43 494
415 498
161 443
350 534
357 573
452 538
337 361
145 324
128 242
185 300
137 226
100 435
55 165
292 343
561 566
303 561
145 227
119 485
238 481
50 218
405 418
213 322
123 196
79 266
108 468
12 168
375 472
200 553
113 125
211 559
132 188
349 579
237 526
29 63
112 181
57 332
206 283
105 528
117 293
10 202
51 163
265 533
80 390
117 492
261 593
31 38
390 522
387 570
500 568
187 261
60 413
390 591
374 455
73 457
31 540
253 449
79 503
375 528
13 40
285 563
253 401
236 380
0 569
312 433
86 218
67 130
252 566
314 398
9 404
59 174
98 540
70 474
9 311
323 524
63 467
7 552
131 518
24 218
79 424
232 491
40 386
193 310
28 147
130 380
111 206
325 467
241 393
71 481
185 350
121 262
556 573
324 585
235 260
480 510
32 562
92 562
225 346
110 247
129 196
194 522
11 59
81 238
173 220
206 350
194 389
550 593
139 342
149 362
105 472
32 48
14 214
62 539
431 517
391 393
371 523
102 598
292 377
251 548
216 380
11 118
431 594
70 443
114 144
139 352
352 412
108 531
67 449
298 440
295 340
147 542
259 524
217 270
230 333
238 378
410 561
450 555
226 472
60 539
208 483 266 31 346 447 286 24 394 475 400 172 176 587 68 131 491 349 115 321 366 482 41 106 75 41 536 3 425 378 59 86 564 555 460 153 265 190 68 513 282 528 108 278 246 413 116 266 402 372 269 405 289 29 96 152 21 583 185 317 490 497 201 51 289 253 48 96 596 153 446 373 171 426 216 594 251 333 153 123 596 530 563 593 297 163 493 197 534 433 191 74 173 335 23 325 279 298 103 476 594 0 462 70 121 377 101 218 105 210 12 103 487 144 91 487 206 420 305 316 108 8 11 440 213 47 567 447 169 404 79 154 328 126 82 255 171 442 527 402 60 426 567 230 572 514 428 459 275 405 427 234 292 264 370 321 256 230 524 441 265 480 168 598 351 443 516 61 222 339 509 175 92 39 138 333 404 565 294 484 585 383 528 253 335 2 55 513 599 411 567 307 565 168 459 109 267 333 281 554 175 504 456 507 429 178 442 462 472 386 36 382 5 124 211 50 183 572 430 575 170 31 284 521 114 528 286 48 411 177 321 218 11 25 309 274 542 45 548 25 21 549 284 314 59 223 98 128 391 54 33 331 32 287 199 64 199 405 407 314 160 102 14 162 2 159 433 407 101 383 541 232 65 218 573 61 348 575 351 522 38 332 114 447 80 348 377 319 263 270 360 570 151 551 363 472 399 572 27 414 342 256 577 73 18 99 290 245 336 35 415 369 517 408 188 511 424 479 494 453 87 434 549 83 330 91 237 46 245 411 501 81 146 193 464 445 73 124 507 596 307 398 91 118 139 95 134 325 302 74 515 181 564 54 86 13 429 254 459 36 465 246 598 185 544 438 100 546 31 205 500 310 278 302 527 431 93 495 412 200 102 352 487 498 417 568 233 26 458 313 339 24 146 343 436 13 374 16 487 287 283 37 215 363 599 209 452 409 530 457 306 98 333 314 141 207 394 293 424 128 80 86 544 518 165 254 109 259 285 452 134 363 340 495 266 595 546 598 383 281 180 4 288 189 468 426 8 240 163 257 302 135 225 243 102 231 282 24 466 456 91 34 421 227 90 171 567 188 529 575 462 502 133 109 546 94 374 335 237 187 97 9 152 562 438 526 274 402 347 118 342 510 207 234 228 573 155 123 135 293 370 596 277 125 46 263 240 568 213 4 176 428 424 55 400 567 226 2 62 288 132 256 342 339 13 405 471 512 436 595 422 212 168 270 303 63 451 372 271 562 97 270 138 87 67 580 179 171 452 303 176 397 237 212 228 404 564 227 269 190 113 555 266 347 122 382 159 385 532 517 460 452 181 112 99 183 26 25 312 155 156 581 512 433 261 149 446 467 302 239 3 145 208 267 379 468 292 320 295 198
495 610
967 586
446 995
930 71
359 199
387 937
875 253
98 927
389 565
981 162
787 658
609 416
580 515
291 272
303 551
321 722
621 62
916 368
800 833
941 751
938 387
49 37
237 632
147 667
646 27
408 847
75 727
344 355
593 26
196 893
172 340
257 93
597 150
481 453
524 437
50 926
282 417
299 684
252 124
859 57
317 216
507 113
821 809
76 618
558 194
300 640
683 179
658 422
625 180
26 343
652 92
159 125
677 555
29 705
319 940
743 474
248 379
872 864
504 494
574 463
163 560
773 897
215 457
166 834
756 156
530 217
309 176
67 261
219 353
815 971
886 704
671 699
34 97
143 953
627 385
857 967
273 969
455 217
931 294
469 319
723 837
618 709
145 63
673 638
406 651
504 71
682 37
690 667
697 847
788 364
119 86
367 845
650 149
811 526
484 542
224 117
833 739
521 370
338 119
443 34
363 918
737 332
199 131
240 867
294 716
675 933
534 315
330 676
246 815
905 434
112 123
743 412
519 700
462 793
434 675
15 916
422 620
847 997
630 447
327 63
848 428
528 866
71 885
836 786
209 11
464 827
237 480
19 826
655 770
867 784
81 288
888 487
512 177
437 586
56 954
36 546
436 95
573 933
938 894
964 235
236 752
4 862
297 383
282 518
477 650
655 532
965 74
579 70
604 595
818 10
56 150
720 596
738 98
863 576
571 5
418 773
803 391
477 936
555 48
518 834
320 583
856 710
854 12
160 169
288 747
710 448
116 795
186 695
622 524
957 780
740 970
176 484
607 469
96 694
548 413
124 451
372 704
27 668
374 781
92 537
360 807
454 697
945 182
125 11
373 276
862 306
328 876
338 32
500 211
345 784
559 683
175 2
505 313
182 46
728 725
57 492
841 828
193 863
752 701
664 460
703 387
243 577
812 646
867 125
535 534
39 732
780 410
588 830
537 991
594 373
979 947
829 183
998 447
383 753
341 549
572 305
123 395
433 522
662 65
364 677
99 663
637 605
107 720
980 27
391 255
618 912
622 977
630 487
952 22
638 227
686 235
76 78
434 143
854 194
152 610
417 911
113 264
957 814
594 656
689 760
227 47
986 738
605 735
664 860
395 964
601 859
22 198
119 167
173 87
502 771
303 351
126 542
387 361
36 241
734 900
429 714
826 712
524 588
797 63
670 831
387 902
389 18
505 918
165 797
841 652
811 102
480 381
42 374
564 730
52 855
378 473
375 233
546 241
78 826
141 280
239 513
917 152
152 889
558 820
183 254
741 279
1000 486
894 768
785 449
16 990
369 507
216 979
909 876
498 566
847 278
421 944
313 771
229 291
879 993
685 133
183 196
469 418
327 401
513 283
799 882
851 371
8 5
943 96
431 398
350 757
962 644
992 996
416 47
412 335
534 773
119 39
948 130
977 425
982 545
957 985
477 900
915 652
755 818
276 899
91 762
340 435
763 987
396 717
627 773
690 513
110 872
44 405
254 935
778 950
53 179
795 799
810 467
888 819
665 212
689 279
436 826
599 253
473 185
863 900
515 948
235 219
876 212
909 219
141 253
436 741
962 721
668 903
710 45
788 558
413 208
822 358
516 656
972 298
631 949
764 520
505 992
798 725
692 617
922 680
17 610
840 527
505 141
720 4
243 679
502 256
911 464
155 424
355 1000
390 615
762 200
611 549
260 312
637 567
464 10
652 260
715 983
816 437
144 312
556 621
953 489
86 342
756 569
600 339
127 218
939 537
353 578
266 213
41 578
467 145
759 747
697 820
936 711
376 116
974 676
193 956
726 631
299 473
571 258
931 958
626 802
54 464
0 296
877 944
392 93
991 84
701 350
156 735
60 678
207 664
903 336
435 461
915 246
996 354
206 577
769 608
491 735
581 993
270 611
666 343
216 930
993 846
805 162
72 226
922 114
503 341
502 24
334 162
843 219
927 927
739 222
67 322
637 309
732 871
971 454
844 617
343 958
9 727
433 887
728 185
831 68
466 285
725 759
675 376
898 730
756 55
891 185
544 660
569 965
400 802
48 290
2 415
448 553
419 16
665 597
885 404
627 277
212 544
182 981
771 231
571 391
922 813
128 770
334 816
815 38
908 575
794 1000
297 879
137 827
224 788
345 296
997 910
8 225
688 998
993 700
870 665
645 727
551 883
245 988
715 242
611 223
168 397
624 661
46 985
228 414
250 724
266 67
28 472
633 634
951 850
214 694
296 441
410 157
820 938
945 433
103 618
584 224
618 3
77 560
526 732
861 471
175 631
294 923
45 806
432 314
86 158
525 476
889 634
108 365
376 157
931 345
201 404
214 188
309 137
23 779
598 283
794 593
996 204
677 317
900 512
584 803
272 568
121 573
740 785
313 307
667 799
11 78
963 876
87 33
708 952
132 911
389 66
213 818
96 199
770 121
827 331
299 795
544 3
532 94
477 44
151 523
295 104
309 250
550 144
439 62
630 833
767 323
783 479
84 390
124 507
187 166
251 27
52 10
99 982
691 425
537 915
47 436
740 536
522 626
246 896
814 218
377 874
403 407
606 120
343 465
448 918
259 440
424 369
186 753
205 619
461 614
70 587
911 34
230 259
712 568
94 433
979 503
44 636
255 281
796 258
382 320
748 251
298 987
504 802
776 15
475 251
716 503
908 987
139 483
789 203
704 309
764 859
710 796
300 841
311 25
623 356
896 307
431 797
798 327
244 170
261 779
