600 1465 600 915 22
97 464
262 503
205 345
97 313
151 277
438 504
32 580
199 383
410 458
284 468
17 598
38 60
252 463
204 572
228 557
166 533
92 306
303 362
177 418
69 359
298 313
136 497
250 501
102 421
68 299
441 451
88 127
316 472
299 308
177 559
42 496
128 155
81 487
135 395
82 191
227 561
244 374
158 445
348 541
143 291
4 277
7 584
494 540
96 425
28 319
195 448
163 443
360 566
199 462
31 175
39 96
73 552
30 530
174 179
309 449
100 351
104 520
122 256
234 307
306 440
256 595
320 555
72 132
263 534
35 89
72 342
63 302
393 575
54 85
261 331
434 530
436 512
437 599
203 486
153 274
298 464
395 565
114 427
369 441
206 209
346 406
221 351
52 340
19 517
266 564
149 567
3 101
58 396
88 500
233 411
283 334
435 558
282 457
101 398
69 210
84 453
68 81
92 465
225 319
222 438
377 540
228 310
144 306
230 520
71 485
285 403
213 355
455 503
339 377
182 309
86 281
40 219
178 261
175 495
3 22
32 181
172 178
305 514
171 194
255 327
326 328
253 291
41 488
104 487
451 553
244 559
38 362
173 287
188 399
40 528
136 185
389 474
272 295
314 464
43 231
282 429
379 491
34 422
335 417
307 374
66 589
33 570
165 240
341 454
253 286
193 389
191 521
273 275
19 527
354 464
310 312
41 515
220 378
24 220
1 553
309 387
293 522
77 204
63 147
153 466
369 599
105 418
369 437
317 576
327 431
507 576
7 63
45 515
211 277
259 293
84 167
83 381
250 468
455 585
189 289
41 315
206 568
31 483
185 566
100 289
427 531
76 392
109 303
324 543
85 479
428 462
79 469
27 94
6 322
160 227
213 492
272 437
172 278
162 504
264 568
243 448
469 505
85 140
392 428
466 521
130 522
321 500
223 279
12 313
243 436
255 374
405 492
388 440
80 403
209 480
69 502
115 236
208 327
139 595
69 589
97 445
179 482
138 429
39 576
263 390
83 451
39 507
408 589
3 436
359 397
174 482
335 376
55 370
16 378
35 541
290 343
94 412
111 280
395 423
170 405
168 348
51 304
100 503
169 366
142 311
175 349
85 544
46 391
126 311
233 280
327 355
252 486
55 225
82 249
75 263
89 541
163 417
109 362
115 496
156 225
63 584
87 93
548 561
64 245
440 467
88 444
161 548
13 348
423 473
0 339
237 276
377 507
117 346
41 409
182 245
37 324
430 535
19 86
246 264
220 536
6 559
113 162
429 457
177 307
447 567
232 485
171 560
53 388
422 485
388 489
59 574
116 257
294 436
78 468
123 540
172 594
219 240
61 411
220 271
223 419
61 233
219 575
139 365
11 380
349 537
81 308
33 147
159 346
216 402
158 413
188 407
92 546
376 414
78 592
298 354
226 586
340 530
250 564
107 508
65 181
25 362
191 496
96 457
129 240
112 231
232 453
203 530
29 45
30 252
388 546
125 171
14 450
485 578
11 437
321 445
418 493
263 416
347 531
148 381
121 188
138 203
307 336
209 309
278 460
170 386
257 533
14 15
168 542
314 582
153 241
282 364
401 509
197 500
384 572
23 53
173 454
417 443
349 563
2 302
84 499
180 340
505 597
424 480
173 432
22 436
101 344
156 357
156 402
17 153
190 212
248 531
393 414
201 594
143 442
135 157
270 387
60 231
78 250
21 506
326 508
91 436
5 287
116 200
202 342
41 395
151 252
262 572
386 431
59 515
138 282
421 484
49 306
192 379
321 505
69 289
351 455
476 584
210 256
37 205
425 519
379 428
102 484
285 558
34 253
2 147
166 228
21 351
41 423
402 551
50 543
249 521
221 289
365 485
92 245
278 594
135 571
16 172
98 207
183 222
179 538
148 369
93 96
104 108
352 520
449 568
373 427
179 300
433 535
234 593
97 124
145 230
107 476
85 579
235 323
136 540
8 190
403 569
125 508
303 325
40 586
235 398
14 468
124 464
325 328
7 147
373 531
364 486
312 363
30 203
174 372
237 309
229 493
85 274
300 440
304 360
241 574
194 560
314 554
258 297
52 317
83 533
425 586
261 460
381 533
238 262
294 458
127 332
82 496
321 524
464 577
120 131
120 452
155 585
455 506
52 152
206 480
6 244
242 405
284 450
150 228
316 324
206 309
143 511
497 578
160 572
133 404
339 545
485 569
17 450
71 310
334 563
94 103
148 451
306 489
34 291
544 598
359 538
574 582
481 488
258 569
295 381
397 513
322 419
49 168
86 224
140 479
256 422
228 595
28 537
420 571
192 510
519 586
291 442
116 408
502 557
234 336
17 126
263 373
121 383
38 43
288 329
421 444
51 283
170 213
80 136
201 430
356 382
185 288
158 305
6 255
297 558
428 491
381 495
131 411
285 297
123 497
108 290
241 481
137 283
2 63
194 375
240 575
112 539
12 514
124 505
160 522
74 274
45 582
70 582
52 530
221 359
32 356
413 445
50 205
422 499
494 564
269 308
97 354
125 371
402 461
302 508
347 396
411 452
26 376
160 204
36 454
331 439
196 222
3 398
312 435
226 341
75 404
261 430
255 587
23 550
15 592
85 439
38 337
522 572
283 285
479 598
274 466
383 443
381 599
31 563
29 469
420 591
106 210
60 362
18 418
195 426
437 548
4 519
244 307
60 350
200 408
85 331
285 304
25 415
12 305
20 527
202 215
129 165
134 401
44 235
424 433
499 552
173 367
400 413
58 387
344 580
30 518
196 438
480 568
325 350
528 575
307 559
269 324
372 391
172 378
485 499
446 513
282 463
133 450
8 196
123 494
284 311
14 284
174 590
29 41
562 585
184 193
101 323
120 217
335 379
112 149
336 374
149 231
25 520
360 551
62 550
8 588
250 358
304 403
425 457
108 192
326 462
72 110
299 301
94 323
57 118
351 513
335 510
207 473
173 239
154 550
201 460
153 544
286 373
84 592
428 443
44 436
378 416
72 259
16 270
152 576
239 528
126 577
208 587
56 148
151 394
27 169
29 79
37 308
157 241
1 100
462 560
345 510
1 289
300 474
338 446
353 493
169 514
77 572
459 572
372 490
444 581
68 104
12 158
408 502
231 350
189 359
130 384
164 508
329 360
117 213
254 407
24 270
28 55
105 294
98 565
297 310
296 380
17 142
101 235
14 404
39 288
240 393
340 514
28 349
167 497
468 592
83 257
252 419
142 284
177 353
368 484
8 532
474 538
8 504
10 195
271 373
28 225
133 140
174 490
384 459
239 575
406 454
113 438
39 87
12 298
69 590
27 223
201 535
152 583
165 393
22 44
316 367
20 207
400 445
254 437
72 296
476 508
55 156
54 261
43 112
391 573
196 532
239 287
69 408
88 332
12 333
122 365
264 480
136 566
206 449
57 471
119 513
32 57
71 365
283 435
75 253
31 146
24 271
45 59
105 410
270 330
310 533
324 472
45 70
133 479
234 516
171 375
18 410
422 442
378 534
8 99
241 488
179 474
472 543
260 263
41 135
186 417
135 488
30 486
539 567
150 533
98 420
265 317
180 545
22 398
118 273
77 503
157 466
139 228
38 415
86 411
329 461
163 383
275 305
107 328
290 379
281 525
5 367
62 114
261 278
187 419
13 113
266 298
273 514
386 405
154 482
56 83
57 526
304 566
397 446
49 162
46 490
138 364
509 591
521 571
143 391
322 394
237 549
46 372
254 272
45 597
287 367
117 492
215 371
153 574
123 501
162 184
130 293
160 498
435 483
70 124
31 349
158 313
74 430
10 559
379 417
256 557
357 414
208 213
126 268
463 486
390 534
184 300
367 432
230 303
188 272
321 478
161 380
318 432
4 208
23 248
497 501
154 388
24 387
156 165
261 439
111 527
299 352
248 347
50 393
191 236
201 261
80 578
24 176
344 382
77 262
220 385
42 249
131 217
175 381
224 496
201 433
249 571
103 323
292 349
98 423
255 431
191 430
169 530
58 245
208 355
350 362
256 267
330 449
245 387
163 186
186 537
321 469
348 438
140 378
157 488
124 314
53 347
155 262
88 321
87 96
120 224
183 212
396 547
203 364
383 428
309 330
167 592
247 553
306 529
514 530
53 396
82 521
0 545
45 505
165 357
281 496
272 399
443 491
121 295
7 328
128 585
182 387
189 221
253 552
20 134
338 538
389 504
227 548
339 477
197 361
1 589
155 238
303 328
12 340
56 381
534 536
159 214
423 565
42 82
18 229
312 533
430 579
194 202
66 116
205 393
94 169
114 511
132 254
301 352
109 230
294 410
243 512
547 596
110 342
159 432
345 487
277 425
454 528
110 130
225 402
27 412
360 461
79 409
74 191
34 499
291 511
147 350
37 487
89 348
363 533
500 524
347 547
81 104
35 438
108 520
177 493
184 389
404 552
0 298
241 466
47 213
215 342
337 475
378 385
50 324
167 453
62 391
187 426
51 360
11 548
144 440
44 398
226 528
148 599
312 558
216 586
301 415
319 563
35 555
197 523
322 426
128 456
93 216
193 504
59 582
225 551
178 378
36 117
178 439
51 551
250 268
198 392
4 47
145 328
23 62
134 509
145 198
87 216
15 552
57 580
77 247
137 334
413 581
172 330
138 583
373 390
215 375
158 421
132 380
113 504
70 597
271 536
214 346
155 456
84 552
260 373
93 586
187 279
151 322
481 515
108 230
245 276
338 397
413 478
110 259
62 573
49 300
147 325
79 197
277 394
385 534
4 211
207 423
39 152
79 473
385 536
185 507
159 173
140 416
58 90
503 562
213 405
360 402
161 227
48 300
268 464
150 166
80 566
388 467
319 556
311 358
345 393
325 362
131 452
445 470
40 226
28 370
49 542
279 426
267 422
15 67
322 587
85 598
141 546
25 230
170 355
287 393
50 367
246 480
337 415
104 510
276 549
236 535
401 517
246 424
103 471
91 294
87 461
267 442
251 368
1 247
99 128
99 446
132 194
25 301
483 495
328 476
77 160
248 427
23 347
133 263
214 432
225 334
88 478
135 420
401 525
221 397
258 485
159 406
316 318
27 366
142 450
104 345
145 343
242 516
140 178
356 580
238 459
132 202
31 334
130 259
489 546
136 218
139 310
103 169
251 444
326 428
47 226
18 353
277 519
39 583
201 246
95 222
334 556
228 502
212 456
33 567
151 463
361 500
52 203
323 580
57 323
99 513
121 292
126 464
351 503
363 495
247 503
323 344
79 361
281 509
55 357
568 594
146 435
280 527
309 549
90 396
74 521
154 174
287 575
295 349
54 430
377 494
497 540
187 322
141 465
341 528
292 537
289 589
336 431
73 499
450 598
217 433
127 197
124 597
9 578
20 517
227 441
59 481
310 558
141 388
557 595
214 492
154 467
89 438
71 139
400 470
20 401
242 386
508 584
330 387
340 545
160 259
54 331
436 448
301 337
421 581
71 297
31 435
256 502
317 377
21 119
471 526
327 587
529 542
65 444
178 278
188 254
283 551
68 352
460 594
249 281
294 512
243 418
118 526
365 422
125 164
465 546
185 218
13 168
107 326
265 377
90 141
86 525
177 243
34 73
478 581
54 579
115 224
277 587
49 184
394 587
195 559
166 310
164 560
6 195
134 591
160 441
66 451
155 562
504 532
194 407
100 247
202 375
116 533
50 287
242 336
236 430
165 414
234 242
164 326
88 581
185 329
104 192
1 66
117 406
369 561
19 525
283 558
390 536
87 288
364 463
145 303
171 371
205 324
99 585
376 417
506 585
269 316
235 412
518 530
321 470
176 531
79 423
69 189
75 286
446 474
19 111
383 462
473 523
273 526
219 528
265 507
201 568
44 448
40 216
76 343
292 383
52 138
36 406
4 213
96 583
115 191
12 545
218 566
172 449
346 492
207 591
495 533
108 343
15 404
106 256
312 483
444 484
79 523
12 180
34 442
140 439
19 233
469 524
106 442
388 550
69 490
87 329
10 448
49 529
122 422
102 305
470 478
272 381
437 561
125 302
0 12
211 519
52 545
8 183
283 304
353 593
315 481
70 314
368 444
244 255
114 143
238 572
7 325
163 292
129 402
127 500
74 579
48 467
121 349
137 225
86 496
65 332
295 399
68 520
53 90
6 426
119 506
108 379
147 570
300 389
61 86
2 33
37 81
243 559
163 537
210 502
62 143
195 412
445 505
53 550
389 588
412 448
132 296
46 106
275 484
5 173
199 560
106 267
18 493
106 143
73 253
169 526
76 198
113 348
217 424
366 518
26 55
102 275
106 391
27 518
114 248
3 344
99 456
161 296
23 114
75 552
120 535
25 109
84 232
169 273
78 501
29 505
225 556
16 24
266 339
367 472
50 472
494 501
481 574
146 334
175 483
199 407
11 254
149 350
0 266
102 158
257 451
209 276
68 308
3 382
307 593
504 588
359 590
52 576
183 190
95 555
326 560
90 465
363 483
77 553
115 120
477 494
7 476
176 271
53 141
74 466
126 554
124 445
449 594
258 285
384 522
126 153
308 324
99 212
217 535
80 569
554 574
268 564
133 416
311 468
205 487
46 210
372 573
350 570
9 485
11 132
99 119
76 145
410 418
119 351
48 154
440 489
377 477
132 407
450 479
33 149
568 400 339 246 277 63 523 132 19 380 99 143 201 209 249 351 396 71 246 527 246 135 390 149 33 166 349 467 386 312 530 231 391 97 464 33 447 311 251 318 142 362 557 488 220 596 465 10 127 209 313 79 474 206 188 520 115 46 195 487 224 27 138 475 324 159 560 14 464 29 291 141 530 500 596 177 574 227 296 54 196 434 461 321 527 170 212 210 294 290 488 382 569 209 13 382 539 261 31 432 578 154 450 114 271 492 35 14 129 475 221 44 563 269 437 0 140 231 310 94 7 38 433 548 190 66 300 546 489 556 113 218 30 44 452 314 255 562 453 8 471 104 478 279 182 396 188 147 536 31 351 189 61 151 443 403 372 376 3 296 319 2 587 493 192 76 521 440 32 532 328 88 374 553 107 154 487 213 308 520 330 136 297 495 369 534 8 76 277 537 427 136 167 364 74 431 152 32 382 383 343 389 558 546 242 32 106 180 491 529 493 9 469 150 388 242 90 170 295 232 69 215 400 571 256 239 54 66 360 106 342 504 79 593 380 31 51 468 53 225 451 379 415 335 271 567 117 79 312 125 21 312 122 397 394 373 76 432 303 498 428 529 262 48 372 517 462 451 290 522 319 66 479 32 573 61 142 145 235 590 536 367 553 293 562 308 386 463 239 435 368 9 508 293 341 519 192 300 599 53 160 306 516 248 84 53 158 565 563 593 115 409 392 242 178 322 296 313 448 507 141 495 192 235 73 423 479 352 249 307 438 147 478 198 552 203 33 526 26 144 258 592 246 593 586 49 440 366 372 40 570 409 218 111 103 271 316 481 337 122 180 349 478 360 583 418 498 158 492 4 518 438 412 79 596 582 432 279 536 369 6 256 378 104 195 24 574 336 319 331 28 522 260 90 14 19 522 92 292 570 503 437 213 566 126 196 9 306 273 9 0 228 40 3 343 112 238 570 279 227 215 86 4 365 260 52 22 322 544 539 462 480 504 521 439 493 326 145 189 535 44 310 18 343 180 380 74 481 400 144 542 200 435 431 477 27 328 565 569 108 174 582 71 359 148 500 388 431 552 432 70 311 233 504 350 586 338 292 222 460 386 84 76 208 526 363 115 257 586 267 524 227 401 117 194 558 161 532 499 71 346 134 556 218 552 345 368 225 136 206 194 221 398 102 100 423 44 121 529 518 111 592 405 488 275 550 439 190 293 26 236 81 315 536 197 325 421 473 222 59 152 475 490 406 221 201 262 410 190 589 369 279 465 532 404 464 344 556 85 412 426 581 235 29 182 98 403 401 522 189 18 112 470 151 98 359 20 349 477 595 165 475 585 362 76 64 489 102 286 307 229 274 250 262 46 326 38 165 537 118
497 737
333 160
835 13
790 961
853 631
903 476
850 800
826 97
126 73
472 480
851 855
585 118
522 776
37 141
293 602
322 605
128 576
287 704
989 975
62 943
108 990
268 102
817 941
180 390
137 493
912 188
748 364
725 811
684 383
321 902
693 761
600 311
633 939
910 4
348 472
18 41
918 631
890 367
960 164
640 597
774 545
268 892
119 849
990 154
843 928
328 861
272 295
880 634
177 247
44 212
902 421
556 443
617 738
127 373
184 706
733 396
511 224
656 892
72 441
301 831
946 130
38 906
231 379
844 49
14 411
554 997
379 182
320 580
925 289
329 248
347 829
446 401
553 36
358 503
171 763
303 521
814 199
371 114
400 633
316 961
492 534
937 329
133 819
470 217
409 563
218 704
76 877
651 574
479 958
20 68
68 413
820 988
24 372
738 582
719 873
63 28
680 594
415 803
177 919
212 60
320 138
764 932
554 878
689 901
893 294
894 958
310 371
766 116
854 259
895 161
517 18
24 950
972 80
61 130
254 422
88 781
413 246
947 629
596 909
243 114
51 764
661 243
375 378
466 626
386 817
729 1
362 729
440 996
244 29
737 466
465 10
2 796
605 88
254 601
133 971
179 894
525 556
594 404
658 684
443 365
231 653
94 369
313 658
273 395
52 266
811 165
544 381
867 42
493 193
923 38
412 305
762 683
626 685
287 759
173 283
294 7
706 437
200 814
506 834
924 579
455 92
533 89
39 174
710 282
707 68
767 445
447 310
431 582
7 165
669 833
933 686
673 66
111 604
923 497
212 281
590 273
176 489
931 876
158 612
164 214
546 752
594 979
43 494
139 36
75 190
594 565
702 350
778 792
635 175
286 196
173 42
146 788
860 293
113 168
644 83
808 854
102 78
361 997
785 170
684 153
396 283
85 675
606 50
660 742
394 97
845 392
39 619
193 974
876 713
16 584
312 302
817 635
179 14
909 685
971 555
635 32
708 551
6 749
556 541
793 508
151 561
280 159
85 39
743 791
69 803
652 403
850 579
487 93
435 333
979 927
871 219
932 87
422 488
9 931
990 822
763 887
126 750
40 536
352 25
859 501
763 473
244 804
974 759
905 903
908 831
43 452
28 675
341 120
202 438
142 858
420 678
577 958
733 714
330 492
590 145
881 794
348 361
462 258
451 433
504 56
248 534
126 692
370 53
256 558
56 668
594 640
478 710
361 425
424 724
990 393
117 526
211 505
573 179
607 865
211 761
574 859
13 510
794 660
124 628
775 822
22 978
122 898
687 681
545 411
341 648
512 428
285 487
848 465
619 559
307 180
795 227
311 462
665 281
470 39
888 993
608 243
552 74
485 404
473 754
979 271
126 234
921 223
811 9
833 146
544 483
567 813
38 298
951 839
965 337
62 570
472 321
344 676
513 326
480 814
361 788
250 854
965 452
567 674
994 521
657 363
128 8
397 937
811 758
725 926
922 373
888 115
752 146
893 753
800 119
657 528
84 560
169 667
521 986
531 823
605 348
806 314
960 816
959 203
219 170
525 689
601 759
876 576
578 28
839 197
759 958
827 351
961 599
161 439
21 94
641 309
881 82
285 120
953 251
974 895
463 794
903 714
695 994
745 421
379 685
247 212
618 490
352 955
923 155
529 300
676 718
412 387
692 811
937 458
584 932
507 163
709 379
682 22
216 306
250 493
919 808
648 56
780 344
536 650
175 587
804 267
573 91
555 242
725 977
707 236
423 25
181 559
948 708
76 504
114 349
146 162
222 548
262 358
788 201
812 430
819 696
234 920
111 423
241 184
782 913
604 209
469 869
103 956
663 478
526 500
327 548
995 674
917 603
634 107
358 237
289 919
919 979
13 868
776 860
508 878
791 371
938 189
223 597
749 336
926 942
756 760
150 912
535 899
386 415
255 955
11 693
751 608
800 830
218 460
743 224
669 652
158 724
921 739
963 528
82 719
640 784
535 348
836 958
558 149
61 93
189 639
124 301
474 155
345 443
730 248
549 961
434 857
187 146
970 3
854 882
73 613
279 623
443 215
46 788
437 521
897 561
282 80
227 1
700 642
969 997
394 10
120 659
674 509
719 185
711 695
400 761
58 365
203 790
144 282
372 638
332 936
431 884
673 862
938 429
261 992
170 189
1000 241
785 92
496 687
441 937
248 636
8 641
265 831
195 263
551 315
576 890
440 466
715 731
864 347
222 837
83 314
252 271
767 284
980 645
957 944
468 652
551 279
96 814
480 576
465 114
384 495
418 986
432 644
353 295
313 100
110 139
365 903
254 80
601 597
761 66
116 922
830 314
282 440
867 976
198 116
602 789
295 862
999 780
78 975
699 787
793 626
900 264
176 844
448 53
299 997
400 967
85 906
625 890
48 986
821 548
2 264
675 794
190 463
106 113
489 280
200 577
86 746
200 537
682 311
203 200
984 27
495 641
6 15
9 231
927 405
268 736
543 714
42 322
159 468
542 130
15 536
190 309
592 439
333 518
409 151
324 746
44 8
635 376
366 325
493 349
876 850
712 107
512 137
306 59
633 337
448 670
210 931
546 519
954 31
74 646
478 453
892 26
158 877
409 46
215 332
295 801
832 486
602 664
402 737
469 520
193 735
702 950
514 924
320 809
638 627
811 73
281 42
782 590
844 730
153 135
337 212
260 243
154 945
392 599
997 880
92 629
417 360
136 442
358 874
246 699
533 182
