600 1396 600 1023 11
246 579
340 507
245 488
75 529
291 531
329 337
92 132
237 576
246 330
301 353
297 312
466 491
364 541
144 597
57 398
78 286
333 599
340 395
164 468
214 341
0 474
398 568
199 557
167 515
232 582
378 412
130 356
13 360
355 370
267 565
69 451
231 287
19 332
297 336
126 140
235 253
215 335
0 92
341 489
356 472
185 450
279 543
261 297
465 540
154 168
51 81
166 511
70 540
176 403
29 79
551 582
142 179
422 577
178 435
289 444
61 408
284 331
343 519
53 577
28 117
198 213
410 495
187 513
328 454
41 486
38 412
31 163
264 467
64 203
168 268
15 279
22 344
181 184
100 245
53 512
341 352
177 339
292 402
298 486
407 549
100 488
12 68
484 582
108 449
88 580
85 537
194 218
190 401
228 391
60 473
59 386
322 418
378 478
30 577
380 419
153 186
217 308
330 475
280 283
251 509
250 372
73 290
14 498
93 394
146 584
92 591
210 543
425 560
37 590
351 426
230 457
333 388
86 107
118 572
56 444
182 476
109 223
29 325
80 107
38 519
253 469
285 568
182 307
12 406
395 583
516 536
448 475
1 205
165 317
36 516
260 528
348 525
194 397
313 575
337 546
201 327
297 582
94 229
56 487
399 494
4 240
183 492
388 473
86 234
158 249
418 510
240 571
168 290
95 406
468 589
58 265
320 573
51 185
135 581
11 299
91 422
230 274
227 560
74 138
125 129
112 410
122 212
236 437
500 519
78 480
146 595
36 161
369 547
419 561
421 467
155 592
61 557
332 338
226 434
38 378
231 590
168 185
6 400
60 187
162 212
137 560
1 477
141 300
76 528
83 367
169 521
331 587
458 507
252 553
481 525
372 382
28 191
246 559
96 411
121 561
296 545
556 568
22 458
115 409
181 490
371 404
34 417
41 301
176 462
247 566
523 588
389 567
479 497
102 239
74 457
257 442
306 356
57 396
342 475
82 417
184 447
32 440
147 194
121 419
161 216
200 437
102 209
97 392
362 497
332 401
295 463
362 581
504 517
4 540
77 239
10 561
101 421
144 239
286 300
176 560
374 508
174 505
342 362
83 430
219 432
120 246
118 367
206 405
102 443
239 296
74 208
66 461
148 565
467 536
345 559
270 311
8 515
334 527
287 448
29 364
30 136
280 566
319 521
221 556
63 84
68 126
59 324
281 398
134 399
355 423
169 319
362 429
1 393
24 478
10 248
355 414
352 550
98 395
88 122
33 428
384 450
246 475
179 573
56 176
355 403
329 546
295 363
354 503
93 161
212 245
72 112
325 373
66 537
334 351
203 449
440 523
9 587
466 482
223 379
408 556
152 476
195 350
205 393
27 293
188 498
93 562
117 486
401 535
190 322
453 462
117 298
62 282
112 165
95 172
264 516
136 362
115 321
459 587
376 499
165 410
149 413
211 346
223 354
298 551
39 293
20 224
240 530
308 323
109 244
471 534
143 507
456 535
346 437
431 539
70 439
6 64
87 124
356 565
412 518
130 147
39 47
167 211
287 520
387 498
264 536
215 233
80 86
22 337
317 358
290 459
405 565
26 560
8 529
159 214
147 153
264 585
208 281
393 398
189 402
252 408
5 44
44 182
61 593
189 554
34 348
235 264
165 522
145 303
35 580
37 467
485 496
108 442
158 574
207 242
167 437
46 127
45 529
433 506
419 514
283 566
64 524
93 481
186 465
20 290
46 308
130 148
101 345
96 555
287 512
133 273
123 358
287 559
189 464
15 266
139 332
50 114
197 539
115 444
2 520
325 485
241 452
3 62
4 523
52 549
16 312
155 268
370 576
65 158
9 497
291 556
202 334
202 513
188 266
299 524
242 384
250 537
187 316
63 351
103 159
375 544
227 462
15 387
149 193
49 533
4 359
61 199
86 544
66 336
95 188
273 304
524 578
202 374
99 460
211 529
51 330
229 249
256 553
371 517
151 565
418 456
426 584
1 184
254 408
107 187
42 551
429 521
408 557
559 579
192 518
220 569
105 539
85 454
110 521
232 484
232 255
143 494
279 387
191 347
269 567
94 483
200 426
145 574
119 432
360 364
311 476
242 598
236 466
129 332
78 377
120 469
182 311
15 188
408 531
120 579
120 330
118 329
204 568
348 542
1 181
33 591
171 392
226 588
63 527
273 470
93 417
67 413
63 201
84 201
364 413
10 277
434 523
139 563
314 573
100 575
177 281
488 564
101 467
42 232
508 549
389 495
334 375
126 382
81 330
72 304
306 397
81 154
513 589
5 476
273 581
106 564
94 326
220 283
46 96
107 427
364 570
190 535
122 555
121 519
253 381
404 504
359 540
33 377
98 340
38 430
312 422
169 499
208 457
346 529
190 456
65 140
3 224
271 295
74 281
438 500
75 119
203 524
133 269
240 480
139 401
19 535
142 320
398 490
10 365
84 156
57 393
243 260
459 528
350 383
348 536
160 587
184 477
111 188
29 541
18 391
80 504
0 591
351 584
0 292
373 446
90 152
547 578
206 357
242 450
121 343
159 394
430 438
374 513
223 259
314 501
42 117
65 145
78 359
522 564
87 573
160 260
265 487
336 461
515 529
436 575
488 575
201 584
56 265
7 564
449 524
61 252
141 377
30 53
228 385
254 263
123 331
22 329
287 467
176 453
149 380
180 249
47 407
78 558
40 485
173 178
67 149
124 320
40 209
145 311
199 381
78 439
256 552
258 515
89 583
298 596
293 508
65 372
196 448
31 510
539 575
474 558
261 582
35 355
233 361
59 257
163 505
430 572
26 122
192 340
347 484
25 583
183 308
370 414
25 301
415 502
400 547
347 538
69 198
110 454
131 486
154 592
195 369
299 426
62 294
312 328
516 585
256 294
284 317
428 506
252 593
204 281
202 544
105 113
16 521
440 571
412 519
256 593
480 558
208 532
128 453
295 511
115 289
311 463
66 454
550 563
435 588
236 526
159 477
5 193
3 552
206 288
11 108
36 263
8 248
16 328
25 395
165 284
270 295
135 543
58 114
183 411
448 559
374 407
121 500
187 468
474 591
85 250
33 558
40 69
294 593
12 385
207 282
37 536
248 277
172 554
135 278
217 543
164 187
231 467
440 530
49 91
411 452
367 572
208 441
175 580
304 410
146 201
127 389
385 387
429 533
342 479
153 218
223 244
113 564
96 137
119 219
376 543
26 88
116 267
299 460
140 372
178 588
77 286
102 296
147 302
101 287
164 589
219 526
151 472
130 397
543 581
108 426
156 517
236 346
54 56
118 371
11 449
97 571
334 544
187 599
7 522
486 596
277 561
250 454
152 419
153 318
110 499
13 305
387 391
500 561
206 501
217 269
258 437
48 134
45 67
32 523
321 487
62 207
163 590
62 104
362 479
210 492
374 549
119 570
105 431
145 537
410 522
429 581
4 434
111 266
27 589
13 573
123 587
134 338
106 284
212 389
98 456
262 413
173 222
80 375
414 576
272 595
199 408
392 402
339 553
177 285
391 594
77 540
77 153
222 259
389 470
143 333
100 436
518 519
39 508
139 489
12 14
34 510
44 307
422 512
274 447
292 554
25 174
62 384
2 484
158 229
312 484
21 383
94 157
135 319
130 302
37 231
226 259
156 367
70 77
5 180
14 385
149 373
281 361
278 499
116 545
194 223
27 468
45 262
2 312
93 322
444 560
79 209
275 450
113 243
199 516
63 504
310 539
250 382
70 286
82 418
313 580
297 311
187 234
60 468
103 214
322 489
71 383
267 318
377 558
261 309
294 552
381 469
28 590
6 195
368 415
113 488
160 331
460 578
62 224
128 355
178 471
39 369
47 52
339 531
62 150
149 446
379 455
32 502
180 446
346 526
373 413
450 469
270 297
267 545
6 203
125 134
63 584
9 72
73 528
302 318
204 398
55 276
501 573
99 351
96 425
328 336
251 259
450 593
145 336
193 446
291 408
33 141
171 240
35 227
276 563
327 561
91 533
104 552
7 488
12 506
110 328
48 388
159 562
168 598
353 486
380 476
254 556
413 570
418 586
92 428
259 588
122 127
209 483
289 445
66 85
469 559
270 309
414 539
50 189
232 538
211 515
415 534
364 373
299 578
292 392
357 501
103 562
303 537
324 386
329 404
415 471
288 405
196 475
393 490
180 390
279 376
106 113
155 168
313 423
267 405
167 258
473 599
408 553
213 326
148 318
311 336
72 497
278 319
395 418
111 115
13 87
248 327
278 376
52 508
354 368
43 422
313 414
415 435
386 442
307 311
32 588
120 185
309 582
255 551
393 396
83 572
127 212
95 506
287 345
89 192
199 585
26 96
566 569
427 507
207 384
145 307
481 536
114 189
213 451
93 489
194 259
334 374
171 571
213 249
15 452
185 275
469 579
323 492
38 329
355 580
89 353
167 346
68 385
489 562
264 421
40 483
353 583
141 428
186 218
130 306
249 574
258 584
376 594
424 470
161 394
263 516
84 504
64 578
98 338
185 242
155 479
188 406
225 230
309 511
67 419
340 458
42 255
81 592
142 472
273 497
65 574
190 418
326 451
217 323
181 208
114 265
542 590
69 213
279 594
407 547
109 534
228 250
119 262
494 548
357 405
115 487
478 546
482 491
361 416
54 444
205 263
337 458
90 363
303 461
310 431
448 512
101 264
286 597
16 422
252 256
61 450
375 527
325 496
157 229
210 323
201 595
2 422
26 425
19 98
79 116
390 446
201 367
375 504
99 299
428 433
179 357
197 488
435 502
510 586
50 402
310 576
9 358
318 545
362 533
138 361
489 563
237 310
97 171
53 136
35 453
479 592
183 323
394 477
59 203
159 447
248 365
71 293
336 454
307 574
36 205
293 374
51 154
90 343
481 516
515 595
135 521
2 347
424 567
285 291
269 581
296 318
137 411
196 559
106 243
79 501
95 132
441 532
199 253
68 433
113 197
80 404
379 503
67 380
238 545
258 272
290 598
82 366
143 548
228 387
137 289
464 554
263 396
435 471
212 436
140 428
226 251
183 452
55 125
184 225
0 171
531 553
316 513
27 374
310 414
10 45
117 163
90 121
443 597
357 573
353 596
30 533
107 507
77 597
342 592
386 437
289 560
124 573
133 581
51 168
102 144
484 538
53 475
156 201
8 327
151 405
187 473
39 71
259 509
16 110
397 503
161 205
209 485
502 588
286 439
107 329
88 212
96 308
161 477
166 271
18 228
24 458
280 466
0 240
138 215
45 365
162 522
340 548
13 314
64 420
320 349
109 354
195 400
347 520
249 307
73 459
175 313
230 532
20 170
379 397
3 104
173 534
22 107
138 335
283 432
126 428
253 559
75 346
260 331
216 516
235 559
125 332
57 254
22 507
373 541
89 596
191 538
102 238
238 296
378 518
305 360
94 443
31 590
257 449
96 127
46 567
202 316
325 390
34 82
273 424
133 567
38 438
386 491
52 407
124 349
338 494
72 273
97 493
133 424
270 511
536 542
162 245
351 527
391 499
284 564
245 522
143 399
495 522
25 586
242 275
192 583
404 517
43 53
62 593
65 537
518 596
301 583
77 465
153 302
99 426
323 543
23 248
150 224
120 450
26 555
24 192
382 385
87 220
98 332
262 570
88 175
221 408
457 532
271 343
295 476
173 471
48 315
4 530
163 486
124 569
91 521
134 494
372 537
114 464
386 482
9 123
285 339
5 380
95 111
208 490
141 229
48 333
58 464
174 586
205 396
281 568
344 458
512 520
237 431
4 480
185 330
18 499
267 288
209 238
196 246
253 264
226 465
73 170
39 383
198 496
198 249
162 495
107 404
221 254
81 342
470 495
287 347
214 489
55 315
443 483
277 327
49 521
26 227
86 316
253 585
225 441
151 357
439 540
354 455
226 540
255 582
37 542
374 578
223 455
15 241
140 382
64 547
110 169
119 360
20 73
14 406
48 55
0 392
268 290
25 418
172 409
146 258
128 403
203 420
271 511
325 541
276 352
317 331
12 433
247 386
352 489
521 581
150 282
142 357
360 501
507 548
313 355
94 300
49 429
318 565
30 91
93 366
240 474
215 416
28 232
136 533
327 367
63 375
360 570
62 450
281 490
126 433
90 295
69 485
300 443
41 353
387 594
115 241
316 544
236 491
200 258
192 378
56 403
142 349
417 525
144 443
158 428
39 52
17 494
505 586
283 466
115 266
154 155
218 251
218 259
101 235
24 546
261 270
13 432
129 139
364 501
124 220
147 397
42 298
186 251
398 556
406 498
322 366
83 500
403 453
153 296
493 571
41 174
28 42
388 599
59 449
9 268
258 330 268 210 391 150 202 142 359 402 440 268 543 104 298 237 345 451 462 477 300 66 188 313 215 77 370 173 366 535 471 349 569 447 470 137 359 572 68 580 394 171 235 294 148 446 163 521 188 503 197 115 443 24 411 128 395 114 409 575 179 223 532 197 277 237 577 547 307 422 111 201 464 190 585 160 289 534 443 240 37 323 208 82 524 340 543 527 433 565 240 458 96 114 97 47 349 335 501 365 577 313 485 19 269 337 503 316 75 486 260 473 431 33 341 564 249 380 486 102 57 566 559 406 30 499 58 370 243 482 389 38 74 306 209 321 525 387 185 52 371 262 511 308 542 301 535 104 584 266 76 415 1 474 345 122 26 450 406 4 288 333 403 440 365 156 67 254 390 158 489 357 459 14 431 149 199 554 406 473 538 545 272 460 206 75 238 389 207 482 399 417 195 544 241 85 274 111 575 274 579 257 208 415 242 306 438 535 365 55 167 505 307 272 11 409 186 260 381 565 449 493 288 166 368 559 501 39 224 453 30 575 500 409 93 581 157 513 531 100 291 354 249 283 333 511 393 321 78 67 371 68 41 57 167 237 390 405 113 319 153 275 333 112 333 337 494 123 548 304 484 143 554 300 99 313 137 456 348 452 71 447 153 547 4 367 503 289 303 50 461 110 120 80 535 384 319 122 211 254 281 149 463 270 36 165 435 471 266 416 322 226 110 15 12 489 368 299 464 395 431 141 589 180 596 286 16 347 135 285 216 60 542 500 587 493 214 313 544 154 164 459 364 75 58 504 321 110 496 514 338 58 128 0 559 215 460 349 150 498 126 5 21 53 143 375 366 516 54 301 101 223 478 424 301 3 78 242 203 79 31 303 162 495 577 252 175 571 58 215 469 596 180 126 556 476 62 381 133 337 92 466 447 148 91 38 391 593 444 504 258 79 262 523 54 152 50 474 126 423 486 375 437 256 358 181 149 139 498 129 246 203 227 590 75 105 93 262 167 426 5 541 490 474 201 406 584 481 409 423 534 13 272 491 27 162 390 21 95 257 531 292 393 318 273 127 271 308 537 183 68 115 494 174 493 386 549 118 65 102 359 251 100 42 464 362 96 354 532 275 129 356 504 186 462 502 220 137 210 366 226 379 463 22 546 333 369 515 138 43 268 576 566 269 414 79 525 178 188 422 152 0 8 122 206 274 105 438 275 41 461 347 91 412 213 58 368 272 214 192 417 110 290 361 298 188 406 61 72 481 135 46 120 461 362 35 68 172 374 188 447 64 296 321 282 514 325 562 123 155 125 528 61 37 141 525 426 219 260 163 124 154 77 445 224 128 472 558 416 354 318 170 93 299 355 276 459 340 99 566
918 590
144 198
525 397
441 7
908 712
570 631
153 996
777 92
355 760
618 98
454 726
219 896
830 477
505 918
790 467
838 383
578 402
83 569
684 448
120 481
524 57
52 957
181 619
408 772
228 597
238 471
872 228
33 791
384 404
612 803
566 287
311 391
993 830
817 606
220 369
916 166
193 218
336 339
293 627
41 892
658 741
288 496
395 431
524 336
587 612
485 760
781 237
78 909
17 574
589 296
983 532
495 174
55 860
523 297
979 290
13 474
986 315
199 142
973 432
285 981
3 701
334 108
432 46
187 760
158 913
681 574
606 498
492 714
810 518
631 705
833 730
16 904
643 150
564 20
43 79
425 875
608 21
790 751
818 686
624 837
166 701
519 191
187 340
336 679
211 748
638 485
122 725
484 948
882 173
249 533
451 626
576 319
870 574
150 295
707 725
870 450
838 283
994 620
125 512
208 841
834 85
344 280
728 796
87 321
410 13
853 4
736 43
119 659
262 919
912 980
607 412
889 398
667 114
773 18
998 455
920 359
655 852
346 423
284 672
494 822
419 201
408 639
848 194
616 72
496 983
52 488
775 548
810 204
970 185
15 446
760 936
318 441
906 484
703 231
63 521
674 331
549 248
890 276
96 70
88 429
738 558
729 610
618 976
87 598
738 772
632 562
276 790
783 903
718 931
516 682
487 31
654 951
504 621
770 840
534 171
573 162
244 728
724 650
709 593
105 279
635 36
148 222
780 144
333 401
28 745
703 90
422 507
347 845
549 141
631 394
551 51
958 615
921 448
926 918
297 464
897 113
969 241
179 16
912 855
593 959
597 666
93 194
577 582
822 310
77 219
466 173
804 817
44 717
846 408
980 508
131 404
440 366
247 568
549 648
812 912
78 994
442 266
816 32
636 661
290 175
309 876
274 751
116 785
192 943
162 89
185 180
626 902
435 89
52 116
648 781
765 334
390 835
805 169
660 685
54 300
37 22
205 265
755 263
814 862
451 879
464 969
249 102
888 884
866 944
501 6
50 215
889 807
907 198
718 482
690 664
14 193
378 364
431 402
126 18
85 700
367 261
368 907
964 9
663 822
754 804
921 648
895 343
453 111
720 6
896 926
812 98
451 227
360 993
397 747
672 634
687 503
838 822
326 69
368 226
253 154
421 447
332 16
298 931
315 845
872 844
684 24
495 489
479 801
222 188
287 254
974 398
879 372
677 871
575 124
701 277
482 520
437 570
299 803
690 182
20 239
446 146
19 381
404 722
673 380
783 354
392 974
126 93
474 70
457 938
700 64
189 38
807 727
433 316
629 870
925 284
541 77
213 53
924 531
16 823
375 41
494 551
735 842
529 468
353 483
172 854
762 705
261 501
743 904
622 534
679 138
508 868
757 978
617 613
795 274
459 481
973 44
544 548
510 434
933 117
548 902
17 515
100 736
679 76
723 889
645 364
556 962
950 377
166 356
783 316
323 988
586 744
693 694
359 733
586 444
207 641
478 199
660 55
87 457
15 598
145 800
19 42
575 512
216 618
98 528
203 4
181 549
11 308
514 223
404 577
152 610
390 282
390 873
481 378
266 345
558 996
38 995
195 796
46 367
279 525
882 993
961 150
704 954
630 937
650 94
880 699
530 835
119 51
594 240
492 585
575 836
440 765
177 315
275 711
977 991
85 958
988 99
223 677
705 539
559 764
101 828
159 758
715 361
763 614
295 578
834 961
487 675
348 208
731 527
23 963
408 91
770 481
336 961
776 402
10 644
756 201
577 695
740 412
979 596
173 159
142 256
186 517
222 158
798 932
183 111
50 565
99 981
131 443
975 557
991 228
187 682
662 907
836 450
99 884
303 78
950 407
703 140
866 319
352 567
516 766
939 80
1000 901
71 27
224 315
203 426
464 693
156 956
315 272
545 350
938 141
713 208
868 258
269 855
102 639
804 570
622 297
311 655
929 20
475 913
820 542
902 738
938 868
848 118
338 876
349 628
854 714
985 791
65 171
306 904
749 745
954 320
900 316
563 672
85 242
465 319
234 932
391 120
671 720
840 336
967 210
605 461
849 987
183 470
11 116
204 583
588 89
145 827
595 529
924 221
518 557
970 462
836 781
391 935
349 316
12 763
380 199
715 181
959 910
649 998
33 686
890 624
497 261
525 587
112 244
276 594
579 192
904 687
236 285
362 959
689 754
471 417
616 750
343 449
980 352
799 68
89 367
140 137
356 934
811 341
994 666
100 552
734 144
606 712
607 158
816 431
660 425
343 654
594 889
969 852
802 982
181 722
299 421
864 507
120 614
30 848
834 846
271 381
446 538
500 331
85 778
437 656
356 809
235 250
256 684
343 538
393 613
523 360
614 325
733 102
943 753
207 920
249 327
411 902
169 788
586 10
433 795
949 713
249 29
39 171
585 270
982 933
141 465
290 326
659 546
457 385
884 39
873 739
577 783
312 348
733 316
135 769
702 843
247 622
131 908
132 558
76 842
47 391
420 471
381 9
271 18
941 487
830 224
217 90
303 134
844 653
415 255
908 257
392 682
124 315
28 408
765 52
689 917
437 984
726 262
188 75
471 998
519 809
974 694
293 695
562 924
651 592
876 81
994 26
547 310
128 866
427 234
912 138
665 266
494 453
233 505
248 810
269 234
250 424
614 48
922 831
45 766
352 371
858 606
555 194
352 82
738 378
313 780
341 510
771 734
511 85
30 628
