600 1272 600 945 21
66 168
155 267
111 525
166 484
163 575
156 301
233 423
82 354
354 443
34 47
102 127
159 208
253 294
213 361
140 186
61 481
388 443
290 348
36 492
265 529
115 491
262 483
5 126
137 519
313 463
57 249
442 446
418 564
206 311
189 306
56 555
72 457
69 403
137 367
486 556
211 329
77 561
420 577
213 497
76 502
17 184
305 520
314 579
440 508
118 365
101 137
208 358
365 460
56 219
381 394
160 399
107 417
19 231
68 111
109 198
225 572
344 389
364 487
80 166
380 580
210 357
248 589
72 580
145 155
170 431
84 106
6 125
49 330
312 541
145 453
218 497
265 354
179 196
389 482
269 471
242 517
28 455
298 310
274 354
53 589
139 332
119 233
297 345
108 591
49 86
182 465
75 440
325 338
364 379
505 527
211 397
365 488
114 452
425 598
124 319
203 473
110 344
24 378
312 492
363 599
175 347
464 484
113 173
0 185
382 483
151 183
187 426
191 495
517 599
30 551
178 413
196 357
101 459
232 364
167 462
26 359
85 574
327 581
303 360
51 337
10 531
268 384
201 270
53 96
125 570
197 524
90 517
78 193
346 539
5 175
123 481
126 344
432 458
63 521
202 327
66 127
17 352
18 278
193 519
471 557
51 205
212 429
319 409
461 481
323 482
290 329
125 250
97 226
203 416
23 29
214 390
452 478
301 380
6 266
57 180
316 380
426 445
272 300
92 128
289 496
231 281
25 578
13 274
252 259
309 319
165 182
108 312
371 433
211 498
511 570
127 182
216 535
61 159
497 548
26 291
29 579
63 162
172 415
286 431
373 438
64 136
234 456
146 410
560 580
47 376
378 420
70 161
18 186
283 397
184 192
74 197
401 458
472 577
323 343
9 518
137 251
109 246
310 419
291 514
199 432
34 122
148 370
46 74
124 237
46 58
203 421
126 258
183 388
55 349
464 519
111 130
1 70
520 594
445 493
96 371
342 458
13 265
259 445
360 500
91 336
110 389
332 413
145 431
121 490
61 119
242 318
243 248
267 550
216 506
257 289
280 476
325 334
501 534
165 221
487 523
206 406
80 239
91 355
200 535
325 499
100 533
77 598
106 456
248 348
1 479
362 386
87 331
6 224
192 230
344 590
191 593
191 546
118 588
239 268
10 488
41 468
311 521
113 233
263 401
530 538
78 101
197 394
363 414
84 456
533 551
4 164
287 483
490 591
175 320
89 297
321 553
174 225
367 377
41 515
26 152
251 299
84 215
165 537
79 404
8 370
153 166
397 567
307 406
98 547
202 284
275 574
35 298
221 426
235 333
411 595
11 167
453 500
557 568
179 307
307 382
250 470
569 597
316 469
317 570
419 593
27 131
8 386
79 538
321 547
3 240
410 478
13 299
145 501
36 133
114 195
75 309
142 351
70 479
307 578
9 525
108 492
268 484
458 563
230 566
326 414
309 508
495 514
456 540
189 404
200 524
143 256
157 546
253 465
203 399
109 242
204 486
306 578
222 380
534 594
261 531
121 387
336 355
161 361
81 94
327 480
160 547
42 336
98 136
575 586
20 206
70 304
39 256
158 366
247 591
56 231
227 275
121 542
257 496
225 307
60 136
441 586
32 463
179 328
556 584
73 443
65 241
116 585
167 435
119 159
44 180
202 236
29 314
520 534
102 146
67 217
400 404
19 99
7 451
318 556
94 300
42 421
52 344
10 506
124 402
334 408
536 580
147 408
145 500
85 437
228 420
43 78
43 459
237 425
305 430
186 341
157 291
367 569
15 236
65 179
83 186
328 489
282 495
488 524
34 581
32 45
14 165
23 531
10 460
123 134
126 389
69 88
201 498
77 473
273 454
529 583
542 577
114 147
263 494
247 490
189 489
58 535
22 167
17 192
55 257
41 482
79 553
65 267
48 278
214 276
57 316
175 468
434 528
431 453
24 454
259 426
433 439
143 585
482 522
291 349
232 523
36 312
115 373
531 553
256 390
4 462
331 411
151 597
21 539
460 488
212 273
497 518
138 522
273 509
150 224
35 548
152 291
3 116
385 566
89 201
245 556
103 561
27 285
129 513
323 522
59 212
11 106
96 439
28 387
134 271
147 374
23 76
74 394
248 551
393 597
46 381
53 329
234 390
51 555
3 256
41 138
236 474
51 489
141 383
505 574
141 196
135 584
339 463
79 400
139 285
324 429
188 543
336 416
255 456
144 226
199 359
97 427
196 209
155 241
352 424
162 265
293 467
254 395
451 541
231 391
24 228
244 338
14 353
154 447
66 221
144 427
504 525
208 487
226 318
277 322
217 319
304 461
194 300
105 315
127 165
437 559
469 536
10 467
140 333
220 254
283 567
109 226
128 597
244 457
186 333
264 538
188 396
26 496
190 397
131 138
410 452
84 435
30 331
237 409
312 451
88 219
359 432
548 593
222 348
246 596
196 560
188 480
365 524
354 430
58 539
270 345
184 239
92 296
336 454
63 311
114 222
13 529
83 574
183 367
359 401
267 287
166 552
468 482
18 131
230 362
82 305
317 470
50 590
536 560
32 330
155 501
212 336
92 477
11 412
62 431
309 402
15 364
156 249
111 276
121 591
163 545
85 275
111 513
304 423
13 583
252 445
294 408
107 510
50 453
239 384
280 540
269 532
120 312
226 528
545 586
284 474
219 568
113 167
132 493
336 472
476 540
25 306
367 464
470 477
403 568
17 80
374 380
135 486
104 180
391 417
338 499
131 272
115 375
66 537
40 370
34 512
151 569
108 451
93 373
130 476
572 578
383 469
371 551
132 258
78 519
99 231
90 178
424 552
504 505
324 535
27 138
273 313
158 172
3 302
294 465
138 323
232 491
47 120
119 173
198 246
236 480
204 556
96 551
349 546
286 338
168 221
293 565
10 216
198 517
183 274
314 532
307 483
106 435
179 241
155 431
214 256
126 295
71 598
303 590
193 268
155 550
270 351
84 462
23 502
102 112
33 525
91 422
27 194
358 364
70 350
32 86
420 542
28 490
20 265
182 294
93 541
241 550
152 514
4 70
266 292
244 499
44 57
416 446
285 369
120 405
484 516
42 416
122 386
178 332
22 95
346 407
391 564
387 490
20 354
262 594
151 443
183 569
306 489
28 67
44 469
60 553
332 515
308 385
109 596
88 475
120 562
16 107
262 382
23 579
35 227
242 347
430 443
61 134
308 544
154 588
118 314
375 396
31 532
206 382
20 82
404 538
310 449
43 395
111 527
86 330
183 443
310 593
12 263
160 565
80 184
7 115
103 171
253 478
279 344
453 590
145 360
225 538
241 267
208 379
59 324
144 528
180 337
33 497
353 445
240 428
209 328
60 321
22 462
418 595
164 361
284 412
302 592
204 252
49 407
106 412
58 324
162 530
117 212
178 347
387 472
38 369
18 94
301 316
54 437
5 277
274 367
148 503
455 582
462 526
77 399
357 560
56 104
355 416
368 500
81 300
171 529
366 495
109 318
471 532
71 529
199 599
166 384
34 40
156 260
58 381
339 407
479 526
134 159
495 546
236 327
240 470
400 502
470 570
402 459
245 347
243 589
8 148
195 478
193 254
5 468
52 266
518 525
39 308
492 591
186 235
94 341
274 388
222 485
255 308
210 241
343 554
165 353
88 575
260 301
107 249
156 533
64 162
205 575
502 545
360 520
10 261
222 301
152 401
176 210
215 476
26 257
97 414
98 103
370 376
127 465
38 194
92 250
298 449
283 452
95 423
68 505
412 544
107 391
16 19
24 45
434 556
235 302
5 389
294 334
120 440
226 596
166 516
278 343
252 486
222 260
299 583
253 408
128 477
250 296
95 167
129 527
71 171
195 452
146 478
411 551
320 347
68 504
115 232
87 595
314 447
91 429
241 357
348 452
27 41
170 258
302 428
27 139
293 547
103 160
150 250
432 599
54 257
365 579
93 451
481 587
467 547
8 220
156 316
64 171
104 555
48 186
213 218
265 571
279 303
75 405
28 217
174 311
435 462
5 322
55 288
35 558
524 535
185 346
460 531
265 274
180 510
198 242
34 386
70 526
223 430
81 437
53 89
191 548
106 255
275 298
227 518
329 567
131 278
100 156
153 352
99 104
95 233
171 561
214 513
295 322
256 424
90 199
317 428
236 358
12 494
75 582
92 229
63 174
169 288
131 554
158 576
90 599
294 325
141 560
161 398
235 592
528 584
268 464
378 472
6 250
160 293
238 257
225 530
53 498
110 292
411 417
129 140
243 551
18 48
187 315
6 150
399 565
12 172
87 391
212 454
282 366
5 320
250 443
194 369
48 235
53 243
230 385
428 592
188 232
0 59
242 245
516 552
61 233
39 255
0 509
53 439
78 395
90 139
39 424
127 537
78 573
3 552
133 591
192 386
395 573
52 279
41 175
189 586
33 356
180 383
40 376
327 566
350 462
40 122
257 291
480 543
190 351
87 564
15 358
203 446
173 233
224 303
142 452
197 381
106 544
292 323
33 218
434 584
345 433
31 269
347 413
67 309
14 338
399 446
22 479
404 572
425 444
249 417
211 270
105 584
22 526
129 333
96 243
339 509
89 433
83 341
163 269
237 450
228 542
234 280
263 326
86 181
156 248
57 469
147 485
239 254
147 335
117 324
346 509
200 381
314 365
436 507
504 574
360 534
49 181
14 325
130 149
206 262
116 302
277 493
55 238
18 272
375 438
43 508
208 364
63 530
174 406
154 471
329 498
411 418
128 240
449 593
138 554
111 280
432 563
283 290
29 502
116 333
251 444
92 443
34 362
471 475
193 395
129 574
10 293
2 147
284 327
89 498
355 442
33 130
83 94
172 282
327 362
147 334
176 560
59 117
250 511
95 113
8 254
473 598
232 340
26 289
216 422
3 585
113 474
17 385
384 484
265 521
531 579
469 580
179 578
170 453
216 488
78 137
101 425
13 571
181 407
89 270
241 448
179 483
61 587
71 77
227 504
274 571
164 398
177 493
28 133
231 568
296 443
52 224
246 517
14 286
111 214
507 545
180 555
213 356
62 176
311 406
196 328
98 171
543 581
48 592
123 461
102 142
62 448
295 493
91 442
126 322
4 215
124 459
94 272
518 558
258 295
162 529
151 393
363 596
222 248
81 83
237 473
190 452
11 113
236 340
164 356
376 440
279 590
353 493
323 372
17 39
176 244
43 573
169 191
112 127
309 440
313 392
184 254
380 469
130 280
51 441
480 581
396 543
229 250
176 457
103 547
69 568
393 569
251 367
56 99
55 169
92 151
392 509
436 502
312 405
246 363
14 170
238 349
66 112
172 401
68 525
215 456
252 493
225 578
217 549
42 549
196 241
24 207
120 376
271 461
172 366
143 513
4 476
20 311
363 432
32 339
0 273
38 300
69 557
77 203
168 187
41 522
321 467
74 381
73 150
124 425
81 85
162 264
73 430
226 414
330 407
88 471
230 327
0 212
36 405
19 391
242 556
377 519
73 250
261 467
36 582
4 161
368 590
194 272
362 581
60 538
158 415
47 375
282 401
216 293
379 487
165 294
412 474
78 459
2 335
19 180
24 313
128 516
373 451
219 575
192 385
141 180
59 185
112 168
14 132
50 344
19 104
399 561
37 199
19 107
159 487
141 337
240 477
334 499
256 552
216 565
118 447
72 380
438 541
277 295
431 448
74 181
340 364
238 291
274 299
75 120
169 349
333 585
93 438
436 545
466 568
214 280
134 587
219 403
400 436
326 342
489 355 205 517 76 466 98 568 579 413 50 81 163 457 30 486 540 221 594 404 117 52 536 149 578 300 536 138 19 170 449 423 497 280 154 583 146 463 407 38 445 191 309 502 416 272 474 542 133 411 124 101 47 549 206 429 310 64 362 439 395 517 588 102 259 418 101 87 380 74 481 8 315 109 537 545 162 401 334 381 376 534 79 489 521 163 506 497 538 575 434 57 112 84 505 537 586 240 257 84 104 185 530 461 494 352 566 356 67 410 120 458 235 71 68 498 1 588 578 188 108 259 397 190 151 153 585 71 194 492 505 324 30 597 197 23 293 226 560 289 6 597 96 44 232 339 556 461 110 30 173 287 281 547 127 80 299 363 152 249 204 106 576 410 162 43 184 391 201 190 501 252 189 564 265 405 534 222 484 490 215 188 169 182 478 530 216 248 118 290 577 305 581 504 561 278 178 596 417 463 73 234 592 134 172 275 552 35 116 348 456 462 542 65 322 102 352 48 170 278 43 540 218 334 59 224 235 271 569 214 481 161 512 430 509 549 190 164 151 206 307 374 146 338 473 265 582 58 218 297 51 445 260 205 196 496 559 116 76 151 159 157 51 360 27 395 516 588 225 134 133 15 143 506 177 148 522 523 129 561 216 551 324 59 436 4 385 107 353 340 31 149 9 348 88 117 327 106 98 130 578 40 550 286 173 425 20 585 287 348 411 1 190 593 245 336 560 146 50 336 251 159 557 403 124 115 216 97 147 574 22 524 32 285 558 27 201 285 214 220 547 221 387 70 264 508 405 353 160 332 486 106 396 242 314 535 513 532 599 109 9 49 490 513 400 59 399 262 425 545 405 198 250 68 221 31 243 304 356 565 383 501 562 580 363 326 592 253 257 51 171 73 273 532 267 453 507 360 231 114 185 187 165 562 173 536 201 335 221 361 401 5 435 37 576 125 508 108 226 428 147 145 350 119 137 354 557 208 550 106 468 544 271 356 24 115 599 118 314 560 267 51 91 48 196 453 296 461 182 86 411 20 132 460 163 333 247 390 530 283 485 447 597 346 412 583 460 101 408 127 429 477 21 168 174 315 309 294 501 418 31 79 227 18 254 249 453 548 327 541 591 363 214 546 306 99 373 506 364 473 358 449 119 576 477 571 281 316 246 331 14 237 295 455 195 301 558 244 263 484 383 335 215 460 478 201 515 394 561 404 347 69 202 585 267 354 382 229 358 133 28 407 574 431 392 281 212 519 411 312 153 277 239 44 315 110 392 516 148 90 216 237 326 148 409 516 324 547 431 560 382 292 99 68 207 353 546 596 459 1 160 43 425 484 258 390 275 94 314 22 435 300 164 222 7 370 584 178 266 461
106 159
221 985
857 250
449 700
307 936
773 606
583 572
10 699
217 612
469 961
305 187
222 864
963 915
384 423
796 425
119 771
704 111
289 702
606 758
672 103
470 425
139 21
207 928
387 161
63 210
564 265
810 856
706 752
67 396
404 97
825 8
454 113
5 81
431 955
150 636
553 968
70 472
802 783
720 845
334 768
183 611
723 691
104 295
231 534
720 193
11 193
187 46
110 607
574 754
70 30
714 518
580 152
648 567
929 86
705 874
717 900
593 98
707 169
182 80
159 141
416 260
64 896
743 350
462 327
371 317
621 326
977 470
135 448
471 879
520 21
270 985
334 379
750 284
533 518
195 19
131 512
392 190
228 348
295 521
436 241
319 675
648 855
483 456
586 841
262 877
598 869
16 30
683 18
518 64
963 54
817 757
183 246
490 568
25 604
621 821
159 907
890 60
960 738
328 298
638 97
813 81
302 467
987 359
299 296
643 143
998 574
267 846
732 110
4 519
913 709
664 598
433 859
984 425
165 865
887 238
47 656
480 729
171 185
330 41
100 881
104 543
3 312
178 638
41 958
225 442
589 612
723 561
954 411
446 610
487 831
408 909
663 759
773 498
32 440
13 930
925 546
374 290
332 506
680 713
773 764
536 814
660 234
999 267
425 790
994 669
681 431
971 325
835 273
196 558
375 923
572 508
454 541
855 888
376 689
409 13
677 366
797 133
818 946
961 985
2 900
276 257
314 997
430 340
518 109
354 943
898 436
352 671
201 888
976 507
726 954
738 455
316 331
923 951
125 865
492 329
771 653
738 315
818 469
790 696
597 298
669 167
99 17
918 410
432 523
262 644
144 117
553 786
927 508
95 701
521 193
993 229
706 980
264 679
327 562
688 793
898 291
645 276
271 31
864 709
818 807
250 92
957 87
192 771
185 336
855 584
600 127
512 408
44 233
90 822
612 222
692 323
969 129
141 197
397 1000
389 812
302 878
256 184
127 395
434 988
565 56
243 598
939 460
843 195
545 478
618 548
523 310
946 714
549 926
15 245
527 611
211 704
648 63
39 720
127 917
377 844
508 740
152 782
210 399
755 907
292 629
435 654
660 315
857 677
876 87
766 332
859 623
887 727
23 409
851 129
733 146
544 573
335 472
837 540
891 347
273 593
307 802
369 767
765 857
742 498
878 518
813 159
368 208
566 393
933 885
435 299
438 405
619 578
641 378
345 595
497 92
994 114
56 985
649 791
98 198
415 468
559 884
429 824
806 554
616 715
663 524
393 866
619 72
871 952
955 208
216 784
742 828
733 384
618 398
694 919
786 808
910 171
796 881
636 637
306 227
863 378
798 527
513 549
983 77
595 911
368 445
684 836
795 190
486 686
621 506
148 988
543 446
539 238
552 317
275 763
156 481
611 933
490 379
46 527
51 168
379 63
951 538
773 171
564 685
900 668
194 450
822 622
379 254
750 572
649 685
202 148
826 371
993 835
178 729
594 257
919 131
50 61
793 21
773 722
495 768
829 319
862 223
132 266
637 183
792 385
29 115
105 735
598 787
961 824
609 684
690 548
985 34
138 85
809 659
926 210
771 941
283 953
995 160
339 712
854 447
471 483
162 269
386 965
688 295
117 806
877 856
621 447
361 997
174 672
895 770
79 769
314 93
894 996
375 506
647 480
717 816
178 584
871 0
603 637
16 650
805 265
85 625
145 578
356 528
63 257
62 800
783 223
224 59
542 374
689 190
333 636
241 709
208 641
58 337
444 497
724 610
345 807
706 66
41 141
414 557
232 28
272 564
73 667
971 177
328 959
238 300
423 196
897 901
204 482
555 23
480 225
85 501
537 346
79 75
876 321
174 385
977 297
764 38
250 809
758 687
951 782
990 988
162 314
755 78
711 27
673 958
38 282
143 349
208 227
146 956
377 737
278 451
912 484
994 786
538 671
200 180
516 475
711 401
864 809
951 21
936 630
234 904
471 188
643 890
59 601
924 24
140 541
543 158
214 272
496 526
312 411
853 491
206 317
376 16
700 351
617 966
187 415
14 574
951 253
701 465
106 248
72 438
320 846
797 302
911 867
240 488
319 126
89 996
254 930
17 162
380 568
918 362
594 36
337 215
729 649
747 208
555 629
470 31
71 297
241 372
173 820
491 54
342 906
493 616
927 291
175 987
135 729
95 938
682 644
599 347
371 608
831 242
918 575
27 809
277 127
576 201
15 360
37 688
27 476
818 500
987 892
822 987
788 835
469 994
944 113
795 336
668 459
654 427
420 153
231 566
530 896
500 873
285 153
484 160
174 521
79 141
697 143
553 601
107 646
453 806
847 931
742 743
388 642
836 723
502 953
323 535
572 473
440 376
698 668
14 765
280 92
444 896
223 953
457 836
998 636
398 373
475 295
350 182
444 61
846 93
598 426
255 151
705 224
961 443
476 265
129 59
350 856
55 557
5 279
120 675
255 782
489 129
750 976
333 258
576 996
95 347
657 347
862 62
407 677
398 217
652 732
612 158
904 629
473 2
535 993
641 919
702 262
269 302
95 570
933 803
729 49
247 236
213 741
949 150
605 9
403 530
569 657
415 426
514 255
262 537
550 852
559 114
933 978
38 316
543 288
349 108
731 263
151 687
110 480
366 397
935 598
453 750
514 154
53 923
309 8
889 128
688 496
2 432
512 709
644 985
565 429
739 20
929 757
421 585
274 393
847 767
