600 1183 600 819 13
14 27
54 341
111 383
84 303
299 301
351 382
224 379
184 552
320 375
261 547
81 440
350 548
183 542
352 427
396 449
218 431
208 429
302 488
329 366
265 378
238 270
91 355
243 438
96 539
282 523
135 318
205 228
369 469
475 534
56 129
82 108
234 375
257 296
470 510
87 287
135 199
75 517
371 598
288 322
92 549
149 592
354 594
191 504
325 526
330 468
7 277
373 408
41 268
260 531
40 301
211 578
43 94
20 66
142 597
260 272
85 210
94 276
151 423
54 595
190 438
320 413
178 577
123 579
87 376
263 341
287 312
186 403
33 37
16 82
1 220
219 473
53 305
22 356
54 255
463 589
214 283
223 353
201 483
6 92
17 233
253 493
261 335
453 513
261 569
434 480
8 339
190 217
4 503
233 491
23 290
158 312
347 584
120 463
155 206
91 539
72 586
344 556
204 351
44 205
52 335
130 231
61 379
203 243
16 162
506 516
421 486
357 467
288 473
318 555
297 597
185 584
328 358
33 114
151 595
179 516
149 165
304 578
311 347
84 499
4 291
143 258
102 467
273 350
160 538
52 144
470 550
131 256
68 283
5 266
72 575
38 122
46 567
57 582
60 276
242 360
170 257
47 374
216 262
230 584
13 296
145 417
401 577
214 471
39 430
244 429
330 364
165 529
255 341
187 452
391 483
274 448
110 532
104 411
136 354
12 247
249 431
24 440
140 530
222 548
24 369
241 348
388 538
159 271
571 589
289 342
346 419
328 446
178 511
198 595
251 313
51 248
237 564
53 459
446 571
93 334
61 122
28 377
188 379
312 330
333 551
450 481
257 562
166 301
158 272
373 446
201 482
79 270
454 481
89 230
183 505
226 240
358 446
503 520
42 525
93 221
162 326
359 426
98 172
269 277
65 295
19 419
91 309
64 316
57 515
33 578
148 507
69 543
173 437
288 407
260 461
309 410
126 131
451 588
333 410
62 479
236 453
10 403
236 493
495 533
306 509
17 432
352 355
55 350
317 323
73 112
61 447
273 548
367 520
478 499
182 239
46 420
56 80
324 588
86 593
318 480
312 410
266 386
16 599
64 178
43 63
33 98
10 67
31 254
114 578
249 512
103 259
33 211
60 563
60 328
223 267
55 273
57 232
413 427
413 415
142 297
32 565
122 188
68 171
431 512
29 168
140 568
224 255
428 490
223 434
66 196
161 272
327 446
57 362
47 294
403 532
100 549
224 229
30 174
217 459
36 175
130 273
200 492
112 538
119 130
79 416
419 457
389 458
34 149
375 414
41 180
446 489
180 497
13 275
179 551
108 514
282 577
80 286
140 183
63 328
152 539
26 340
207 562
417 530
54 383
102 260
18 465
59 545
185 244
1 443
8 157
290 511
194 558
177 294
95 322
264 334
63 185
309 352
116 275
41 209
70 497
86 528
144 583
308 372
149 547
167 274
53 241
248 491
347 593
108 326
172 202
70 242
60 310
62 466
0 402
101 108
82 101
295 546
233 281
78 419
18 455
9 396
72 288
232 453
180 203
288 432
138 430
378 585
133 484
485 568
143 378
169 599
348 459
27 75
21 139
411 460
6 407
4 50
233 383
119 509
251 284
119 356
245 512
386 570
367 374
383 384
520 597
330 591
8 413
285 583
167 508
137 439
89 289
43 429
1 405
228 450
310 563
269 285
518 559
49 302
134 285
132 582
63 83
75 155
156 229
59 377
487 559
416 442
395 451
197 599
310 512
14 494
256 294
9 449
91 184
285 464
148 251
488 524
113 554
10 354
556 589
371 599
100 488
185 593
63 276
125 332
174 470
80 498
204 324
17 72
5 346
36 84
13 454
189 334
234 332
249 310
2 127
83 185
58 247
145 368
30 510
226 559
262 311
70 76
36 303
66 124
0 77
173 368
477 575
118 521
103 149
227 473
17 115
344 528
109 385
232 513
426 463
308 343
156 598
282 535
435 583
304 337
131 424
152 428
88 497
39 138
98 304
66 538
125 320
61 212
193 242
405 597
398 435
406 425
169 476
490 540
215 254
269 391
397 500
230 252
161 436
25 162
246 480
390 471
368 417
125 427
42 453
65 402
280 324
159 390
420 422
2 424
91 540
233 315
99 199
199 226
212 379
112 404
429 584
160 171
12 321
213 528
329 392
321 329
339 457
220 508
488 592
351 455
194 250
136 403
140 485
290 457
114 345
29 53
225 494
426 556
266 469
222 395
490 565
125 559
74 592
67 582
228 481
150 457
444 494
305 387
341 388
118 529
109 562
72 432
256 424
377 545
381 595
37 345
216 448
409 464
212 447
33 467
387 480
407 435
277 424
184 410
253 525
50 503
69 225
135 240
252 347
119 236
98 211
74 100
25 326
109 581
254 456
210 588
257 385
256 473
3 495
263 326
219 407
84 299
194 563
310 456
377 580
10 186
94 563
29 41
434 472
200 234
218 373
5 479
81 304
33 202
172 337
392 555
225 543
227 281
86 448
23 339
292 498
127 204
308 532
153 493
102 272
144 407
253 515
426 576
66 349
231 273
83 358
40 237
259 261
38 371
48 507
212 224
159 519
23 511
51 441
418 429
11 459
34 165
47 572
515 582
1 231
161 495
86 213
454 510
129 292
234 492
252 584
52 134
154 526
86 298
350 395
104 558
504 535
311 342
56 553
213 358
174 510
11 480
206 343
452 567
115 233
48 466
405 443
372 380
177 536
325 486
467 533
415 427
126 396
256 277
126 572
227 432
139 319
220 405
359 556
202 357
238 315
314 360
422 475
530 542
107 146
463 576
116 481
214 286
25 462
61 301
188 598
490 568
213 298
364 468
284 313
53 387
311 522
23 577
443 566
109 170
508 520
153 554
245 431
42 236
410 551
150 346
154 585
120 361
35 470
499 541
269 473
317 355
90 390
393 506
19 148
151 442
38 541
28 275
61 384
224 447
4 574
117 531
44 228
279 575
207 535
180 399
195 576
327 489
240 518
124 349
204 537
22 130
26 132
10 340
140 417
248 536
391 482
226 518
36 325
120 195
354 543
4 147
570 591
258 585
223 406
120 544
422 436
344 503
259 547
28 116
206 587
331 512
97 278
220 448
181 389
326 514
118 165
317 565
23 282
231 311
213 589
137 485
470 501
263 388
40 97
20 595
164 239
169 541
275 454
119 306
272 312
117 386
31 440
135 555
133 545
128 563
343 372
203 497
65 210
143 590
333 552
220 597
117 158
256 269
83 298
49 103
473 491
164 338
149 529
524 592
232 515
295 554
8 282
55 566
222 493
363 516
416 423
323 487
34 590
246 305
107 137
76 209
299 521
75 418
265 421
65 465
235 521
139 502
116 484
46 312
50 59
128 250
302 569
157 375
42 253
218 251
422 567
31 250
463 544
354 509
75 587
509 594
2 126
289 494
20 300
44 442
177 291
338 345
265 336
251 431
192 322
508 597
76 360
504 562
103 524
274 508
123 307
345 433
164 345
189 286
167 528
19 251
354 362
287 364
126 424
286 471
129 498
65 554
445 541
362 509
213 571
225 596
35 510
283 519
412 460
298 358
498 557
363 439
6 144
53 292
89 347
0 409
248 473
299 561
66 425
127 449
411 418
49 261
130 548
52 92
70 437
85 324
319 498
46 272
316 401
15 214
118 585
110 136
133 450
307 325
348 438
110 444
97 166
200 562
383 423
147 545
68 160
215 440
448 593
486 585
158 591
148 346
105 286
154 325
109 504
196 349
207 375
13 492
145 542
309 415
155 587
258 590
231 262
137 140
8 87
168 438
217 348
102 357
29 241
193 553
141 237
37 239
349 538
284 408
92 95
152 490
190 542
207 504
19 78
0 458
395 493
365 503
320 427
162 197
91 152
130 493
258 378
94 104
70 163
36 526
171 404
382 391
521 529
317 487
521 526
207 523
156 379
487 505
80 471
89 342
160 388
118 526
383 564
317 427
598 599
44 79
150 468
7 424
3 370
62 431
64 195
115 141
539 552
64 120
141 586
204 527
110 543
231 443
549 575
315 416
106 354
58 267
378 421
106 306
400 465
282 339
324 395
316 581
62 507
458 464
381 442
272 420
44 174
89 252
222 350
155 412
250 456
58 434
130 222
412 558
173 203
54 300
418 460
189 214
210 295
385 562
2 382
306 356
36 299
355 565
65 474
242 553
6 322
35 247
54 151
105 221
249 328
118 258
466 479
127 396
175 476
254 331
463 556
376 415
24 215
45 454
200 207
309 355
323 490
27 289
238 394
420 436
69 356
190 199
382 482
329 492
88 203
353 406
91 552
179 552
352 415
182 533
203 399
39 177
230 517
78 313
160 326
448 508
181 464
421 579
173 417
201 400
267 434
310 331
176 271
213 344
278 575
475 573
7 269
506 567
251 408
360 553
128 456
20 425
72 322
47 365
191 581
409 458
99 135
37 182
381 550
449 527
547 590
125 414
21 319
43 244
399 438
540 565
15 68
395 588
452 506
87 364
90 159
38 169
283 404
301 499
31 215
327 589
121 239
10 582
24 469
247 510
450 484
120 576
17 141
24 331
157 523
21 73
176 319
170 581
380 444
93 105
97 279
68 404
187 567
356 522
40 61
328 373
121 164
476 579
88 173
353 480
300 538
43 411
40 141
191 401
107 439
123 421
134 583
122 499
195 316
270 500
78 511
431 507
0 389
337 560
303 541
18 400
171 538
386 531
401 504
69 106
84 478
373 489
115 564
135 226
451 546
71 183
101 255
201 351
19 346
516 539
295 588
166 279
505 568
307 476
287 376
127 527
461 531
20 550
440 560
77 402
216 347
105 189
255 447
91 565
38 188
127 351
139 406
30 228
200 375
146 490
357 386
174 381
263 514
56 105
12 45
107 490
386 461
124 425
102 461
325 476
472 480
503 556
37 164
4 430
337 469
79 205
393 452
33 533
179 187
509 513
19 313
484 580
133 397
402 474
136 543
80 390
245 331
186 340
120 284
466 507
183 199
121 338
264 496
308 340
175 445
67 362
46 410
492 562
52 569
49 524
204 280
411 429
234 240
545 580
72 278
17 586
451 493
335 389
165 258
255 514
40 278
441 491
16 197
363 506
102 161
225 342
52 302
59 147
37 114
85 588
167 344
292 557
75 208
175 325
28 484
546 588
269 435
43 104
34 258
55 297
103 547
465 483
39 248
74 477
262 347
425 501
365 574
71 226
359 581
7 382
157 320
25 293
233 423
356 596
240 366
47 291
45 247
477 549
50 581
0 465
119 513
89 311
134 464
401 535
16 101
195 581
18 351
116 454
73 271
368 438
191 316
311 596
372 532
84 541
523 535
158 330
56 360
366 392
93 189
580 265 66 544 240 50 563 257 361 403 243 52 92 413 450 128 459 45 323 540 128 103 590 359 130 45 114 582 279 224 372 581 342 201 532 292 493 125 287 535 431 306 272 584 14 337 368 336 174 523 515 398 17 91 107 562 423 279 273 386 68 356 236 124 471 580 324 300 447 449 594 485 143 519 113 480 127 203 502 124 96 288 180 177 66 28 513 547 137 442 362 447 403 573 558 102 533 267 345 596 531 84 379 305 378 380 488 450 531 453 171 453 337 104 546 264 534 175 312 302 161 171 580 217 278 321 145 325 24 357 268 69 8 89 121 166 67 471 117 329 588 352 150 533 551 580 196 121 575 295 234 240 255 82 170 233 36 434 94 135 490 370 141 109 527 239 306 173 530 325 315 424 470 487 274 9 54 53 150 220 542 265 593 250 223 554 316 341 72 481 209 558 134 162 453 343 161 591 81 333 341 398 405 300 303 169 395 388 510 482 442 311 484 510 403 145 555 431 578 476 534 203 74 598 135 567 99 516 419 152 442 507 202 514 249 170 595 256 536 588 425 347 170 212 455 296 431 54 336 388 85 511 545 243 255 294 24 65 297 449 415 530 420 497 352 443 65 520 4 127 314 34 361 307 480 187 368 9 438 343 334 16 124 193 419 119 326 590 435 324 549 559 384 548 359 381 385 465 368 263 161 279 424 557 205 165 261 127 96 471 395 502 514 563 41 172 489 437 552 551 313 408 542 349 237 272 503 71 543 111 529 542 425 238 182 343 73 192 356 217 190 318 452 235 498 405 336 566 575 512 596 330 76 399 135 38 175 484 151 105 488 83 377 155 446 25 121 135 149 4 453 38 375 592 435 167 541 418 553 402 61 174 265 253 233 455 131 61 497 424 161 401 197 377 84 202 527 335 209 450 571 380 258 6 160 251 568 313 177 228 49 270 338 554 187 261 460 316 26 235 413 531 470 288 511 255 444 16 38 550 139 339 270 129 19 553 43 465 4 310 535 183 540 436 475 572 224 550 327 511 247 108 254 237 556 330 279 301 392 192 432 186 501 96 328 146 336 216 246 406 262 409 347 578 550 537 134 329 516 527 32 217 233 513 578 472 102 294 110 586 349 490 457 196 469 339 228 297 293 546 318 579 556 133 78 561 534 322 60 432 533 122 37 540 393 267 92 222 60 227 106 526 136 276 369 591 1 350 453 208 582 153 322 365 212 389 15 501 285 395 134 214 589 401 46 160 550 341 368 367 263 13 391 356 312 453 570 379 575 581 192 256 176 350 505 486 202 159 307 586 334 90 36 360 213 408 204 459 69 527 551 545 228 33 389 154 136 253 484 45 27 434 252 580 514 45 442 410 280 360
945 536
742 254
764 464
103 121
577 445
259 217
814 640
780 519
261 386
747 408
955 67
198 693
320 628
362 568
747 27
383 986
583 978
689 726
901 455
364 264
424 774
322 822
849 214
362 360
355 66
484 986
986 51
731 62
461 538
92 773
417 655
399 19
95 493
164 58
978 811
373 714
813 907
121 16
708 965
620 551
710 814
96 809
957 259
577 92
514 689
352 636
97 251
623 447
290 229
949 707
528 428
601 576
881 654
189 786
518 807
809 350
161 926
980 144
318 658
503 474
507 117
688 852
287 156
556 125
438 353
954 460
411 810
970 118
388 957
835 131
51 891
134 602
735 718
346 857
876 754
703 60
79 874
997 541
378 318
549 658
202 915
317 17
553 963
567 177
763 922
907 393
599 232
217 366
12 833
703 158
262 884
96 409
826 667
160 978
541 62
790 701
25 405
738 814
260 43
175 658
863 722
549 898
156 153
955 753
568 39
206 964
881 122
13 498
519 923
402 445
835 63
588 829
374 899
989 331
149 9
603 760
443 576
173 239
900 858
875 195
447 299
61 70
697 910
920 970
359 793
216 494
733 462
803 436
479 56
174 899
888 245
697 494
999 11
513 572
890 608
195 600
872 59
11 536
566 535
287 793
23 586
680 776
722 355
978 873
836 611
58 697
39 528
546 492
321 234
923 776
260 295
517 771
52 409
996 296
876 906
680 10
635 933
278 439
172 272
294 877
443 890
104 191
527 974
37 927
92 24
920 810
805 801
589 312
64 773
732 991
457 476
415 908
268 69
1 773
455 679
830 958
319 856
636 513
393 358
68 307
57 802
949 597
128 67
90 623
112 354
596 152
915 35
69 251
679 938
212 992
113 690
427 417
756 697
74 962
511 36
485 368
393 844
558 995
478 781
136 638
333 501
875 478
196 85
9 800
834 404
515 650
786 5
340 453
670 80
88 837
935 414
217 27
641 868
546 235
277 978
397 46
679 222
166 698
398 205
713 609
690 266
178 956
896 287
295 735
622 890
803 126
181 568
690 641
468 643
597 915
671 117
792 273
974 188
631 705
280 538
837 853
909 227
666 802
601 670
89 58
226 560
134 754
70 917
25 751
603 110
373 127
243 754
347 672
645 575
416 165
467 20
383 237
675 146
986 252
419 65
541 871
676 515
423 520
952 859
980 727
166 190
991 676
721 237
489 892
25 985
982 944
241 136
327 713
129 817
767 557
566 630
338 898
122 219
832 286
620 285
408 563
532 96
729 534
737 768
777 794
840 351
662 673
317 394
343 976
438 241
871 559
241 981
185 356
727 633
735 110
317 331
628 480
176 852
440 997
673 459
970 393
387 525
750 341
593 201
797 858
458 811
746 846
906 679
795 950
288 27
230 785
859 153
888 983
917 8
140 407
453 118
750 185
165 305
405 278
137 911
592 700
432 390
156 500
231 659
257 853
236 471
356 603
773 650
104 527
903 364
876 957
494 934
492 245
527 153
306 579
206 306
403 88
248 525
108 324
129 995
966 652
990 997
307 78
42 39
304 365
945 29
486 842
745 136
814 6
556 280
43 12
294 257
700 198
122 720
369 819
857 305
857 452
167 444
278 758
892 95
146 468
845 180
195 136
535 205
551 370
109 901
415 325
941 127
16 345
218 335
617 400
263 590
687 380
22 701
348 143
67 115
673 982
843 18
453 184
647 406
285 467
166 385
465 510
953 921
666 888
815 38
491 710
819 490
576 790
609 802
402 494
222 228
212 741
458 862
972 578
242 904
810 525
278 623
45 292
615 634
917 314
741 435
571 572
758 593
37 783
892 499
394 415
977 503
913 73
356 920
728 288
329 757
758 624
425 213
905 534
146 338
613 38
612 7
229 419
258 491
200 400
550 702
9 675
645 63
318 298
73 205
953 965
31 197
542 742
728 497
368 756
503 328
194 460
25 453
620 84
586 493
380 180
696 674
15 59
288 685
789 584
67 163
0 890
72 739
5 433
353 21
627 607
520 722
768 296
809 71
766 985
500 191
616 851
651 244
782 398
483 619
963 320
39 262
939 215
399 608
898 422
449 73
247 339
941 569
161 731
642 9
203 183
445 964
502 292
918 621
919 492
283 199
178 109
235 312
310 125
425 701
263 948
265 664
684 597
997 450
26 157
839 992
819 757
755 885
263 178
246 710
445 608
846 492
876 532
470 594
32 559
897 938
146 543
872 685
484 214
57 464
666 628
337 553
940 280
754 77
122 142
13 943
31 853
227 868
726 892
540 603
411 728
250 824
589 380
375 444
96 569
4 282
315 206
635 318
902 147
398 683
347 332
397 144
924 182
519 888
1000 206
45 346
698 101
202 544
305 946
619 367
863 840
808 191
308 440
919 710
976 220
852 882
806 379
583 258
879 803
42 629
196 216
885 34
142 93
3 209
341 418
666 544
868 426
384 872
42 377
86 447
738 948
70 666
829 96
476 273
518 518
987 358
995 781
858 273
816 718
448 729
104 283
78 351
108 944
999 411
228 622
526 307
191 829
529 12
183 515
337 45
849 780
374 492
501 79
636 788
115 473
789 316
46 234
62 557
936 679
246 248
518 228
669 426
23 98
587 417
767 744
477 305
369 401
186 14
936 996
495 544
454 410
999 124
838 581
651 170
919 881
710 760
707 30
932 369
518 266
982 844
201 254
889 730
652 200
910 118
495 755
783 176
677 321
647 958
632 993
