600 943 600 717 17
287 585
459 589
25 162
311 416
59 517
295 316
216 572
140 374
582 594
584 596
100 578
50 231
429 522
334 488
175 552
297 308
253 294
128 307
26 173
106 528
126 180
27 155
552 594
104 153
79 253
242 352
88 132
121 234
18 254
50 441
237 501
514 521
57 280
160 531
65 314
366 515
291 523
171 583
44 93
279 350
26 566
109 295
256 450
189 234
83 172
95 211
409 431
51 432
64 338
274 373
384 501
293 447
348 367
433 456
44 105
276 449
171 391
354 491
15 216
62 396
35 510
157 287
129 351
2 163
267 579
176 456
137 313
164 520
77 500
235 584
525 575
176 433
19 290
120 283
472 583
237 384
235 465
429 509
33 210
69 304
115 492
3 391
3 171
206 331
235 507
349 568
137 246
431 471
369 503
135 291
57 86
273 314
38 64
267 467
516 587
92 181
125 165
22 148
25 529
199 538
156 261
341 571
202 309
97 112
58 354
491 583
252 269
114 503
96 546
49 295
286 399
252 565
105 486
177 313
125 388
300 471
148 555
52 163
31 323
213 286
423 574
289 438
281 378
190 193
157 216
138 387
146 468
329 598
327 464
346 380
398 401
56 116
220 374
219 572
26 35
124 325
196 584
207 508
299 504
249 361
71 599
136 373
143 399
562 596
81 164
10 125
35 567
362 426
61 381
31 476
88 593
52 539
376 395
288 535
339 458
208 340
227 564
59 221
32 38
457 578
245 517
116 330
299 344
103 413
237 382
475 574
51 254
477 513
278 590
15 157
68 387
393 423
22 288
151 382
242 245
303 560
98 494
122 366
210 234
294 332
198 391
55 377
283 377
192 436
451 554
366 556
471 503
174 581
81 350
80 277
193 509
355 495
49 251
373 577
162 351
134 314
141 187
284 342
228 594
174 274
0 536
250 259
321 585
6 483
390 547
326 410
185 222
297 586
94 104
6 452
505 568
52 317
82 328
162 560
485 498
118 278
346 581
183 402
276 311
93 344
236 383
93 515
145 282
30 208
316 390
18 555
122 294
318 421
318 532
58 391
340 592
356 362
92 150
169 509
127 444
109 443
324 445
28 489
509 582
4 407
256 508
231 429
293 317
132 311
444 564
57 259
144 445
129 560
285 458
467 579
161 525
11 378
34 238
63 227
191 573
72 370
122 387
31 454
354 505
459 556
156 426
288 427
122 138
184 296
95 440
200 581
157 413
386 407
77 376
260 330
65 134
204 301
124 248
23 342
47 200
386 561
87 321
265 570
62 130
137 159
176 552
250 463
1 114
131 575
265 417
3 491
85 291
368 381
161 441
191 320
5 68
108 347
261 461
78 341
71 106
293 458
172 180
283 562
112 164
330 339
20 434
198 497
70 564
559 575
59 470
31 156
99 408
460 570
547 548
435 581
26 337
224 314
379 438
177 223
15 436
125 569
344 415
279 299
70 76
83 565
344 448
156 242
410 483
186 575
270 575
198 588
247 309
353 367
407 512
489 533
200 579
377 440
230 386
399 579
164 269
177 507
5 336
54 409
215 291
71 358
190 509
16 148
249 290
35 322
370 483
496 515
8 185
201 267
221 541
79 122
258 350
33 365
188 298
29 50
133 260
207 455
265 450
159 223
19 113
107 300
249 510
12 387
87 287
27 252
175 422
133 293
145 434
8 405
136 302
140 571
315 434
7 255
418 505
196 243
156 454
228 582
189 210
370 559
134 319
211 300
36 291
22 76
253 299
257 371
284 335
80 570
136 287
142 438
153 328
468 562
25 303
365 425
14 371
386 418
2 473
170 571
206 389
12 565
38 474
515 578
101 505
227 444
223 240
32 64
549 578
148 288
305 495
24 392
410 434
125 561
188 392
271 399
487 576
47 581
112 269
65 319
214 546
27 324
161 203
258 542
52 139
113 573
366 459
381 462
6 264
42 517
143 554
63 544
180 466
341 409
49 60
309 399
76 132
90 346
156 424
6 213
98 142
69 123
40 112
11 37
179 504
326 375
3 58
172 403
157 420
181 434
165 569
311 449
90 581
489 547
214 343
263 558
377 570
137 513
218 398
364 589
254 555
495 575
78 369
67 596
228 509
146 562
330 598
150 529
318 469
60 534
428 588
391 583
110 552
174 346
109 296
495 559
0 141
496 556
59 84
341 369
56 499
54 431
180 266
79 294
98 438
14 225
246 313
179 549
255 258
19 527
150 310
80 265
68 519
202 247
323 498
201 452
444 476
17 533
232 314
374 597
110 490
269 484
13 354
469 532
21 410
259 280
358 370
96 129
30 94
21 599
172 275
560 599
296 390
107 114
198 428
210 530
460 471
244 493
193 306
26 90
156 356
34 518
28 292
81 526
46 190
295 296
132 229
74 561
493 528
8 577
421 448
68 403
264 287
135 400
134 412
25 92
151 212
16 76
313 507
269 324
51 389
472 491
15 420
220 574
52 532
83 275
293 455
88 591
90 173
71 528
161 231
358 483
532 539
374 393
139 469
183 414
26 108
358 528
336 541
317 442
114 195
159 177
73 437
36 124
26 347
413 577
15 438
268 567
104 191
72 89
23 502
120 440
150 218
137 590
185 478
43 372
362 432
550 590
308 496
235 345
135 407
0 305
408 539
79 366
304 443
53 348
93 477
120 257
200 435
37 351
86 280
352 463
96 110
63 551
260 263
511 587
23 314
244 441
7 299
512 535
205 294
341 597
250 521
476 506
230 561
56 279
131 525
355 557
158 343
194 507
86 242
442 539
14 161
201 511
268 361
85 135
19 510
90 268
254 261
278 550
32 446
63 564
102 492
127 241
333 453
307 549
111 416
200 271
1 369
180 199
342 354
368 553
212 548
518 544
178 397
109 304
217 591
182 447
137 278
47 247
430 465
70 241
507 580
179 253
196 596
152 570
476 551
88 238
398 529
185 437
16 461
212 489
384 482
499 520
301 574
211 316
239 543
167 490
337 566
160 361
12 83
120 327
261 356
274 543
299 458
82 401
139 448
215 481
38 446
372 532
479 522
10 577
149 162
76 276
60 109
315 560
233 593
87 216
429 490
384 475
366 387
21 71
96 490
191 592
33 530
322 510
131 225
10 239
366 457
430 580
98 331
247 361
79 549
332 542
141 468
118 188
224 342
213 326
146 465
69 327
235 596
472 591
354 568
49 211
313 345
392 550
290 328
107 195
211 534
123 193
382 548
262 331
108 165
24 394
96 351
298 392
250 381
408 563
495 557
141 257
8 125
206 262
133 598
385 571
9 471
344 513
101 224
348 510
148 261
243 480
140 453
174 435
10 543
168 397
71 410
441 493
276 288
301 540
73 523
36 142
94 363
9 503
182 408
518 564
88 226
380 566
417 460
257 464
73 103
7 350
83 252
36 400
375 410
406 455
208 397
265 563
147 533
45 488
159 572
89 585
222 577
2 317
54 417
242 362
146 235
24 550
123 509
5 459
126 266
131 186
192 438
497 588
305 430
29 599
28 147
45 262
312 593
61 368
20 143
448 469
38 425
263 406
212 524
221 470
48 124
356 426
11 343
108 566
142 379
275 466
148 461
77 580
81 520
5 126
286 452
363 401
118 119
53 322
230 505
194 240
28 184
8 85
231 509
222 413
386 492
318 372
84 364
32 197
120 166
117 335
436 438
259 463
290 320
62 466
44 515
359 396
15 289
489 548
324 484
165 566
24 159
92 303
245 362
290 510
314 412
39 556
50 522
197 439
455 558
421 513
30 104
55 67
87 376
0 225
142 248
106 493
272 565
320 328
165 388
128 179
14 525
92 315
223 572
396 466
34 233
252 275
30 592
105 586
406 453
266 403
521 541
360 472
75 561
45 383
338 595
326 483
127 576
80 563
195 237
28 190
334 545
226 593
211 440
91 556
273 412
97 294
149 378
501 574
204 209
320 573
67 537
5 589
64 365
74 108
232 502
243 313
147 489
366 496
149 529
4 102
491 568
13 58
133 330
262 383
184 390
41 245
360 416
109 306
102 407
360 568
136 413
373 413
457 515
293 558
155 359
108 337
46 147
295 390
103 436
11 546
232 319
251 534
39 91
475 501
209 301
39 459
51 356
376 500
77 395
241 564
154 518
333 406
393 597
355 580
47 90
81 542
70 132
206 432
358 559
385 453
204 475
195 501
321 419
444 551
344 504
219 394
263 455
357 531
228 429
43 196
34 411
21 145
404 439
444 506
40 294
201 467
402 453
225 536
56 526
55 283
451 531
66 488
525 528
97 205
168 210
175 582
443 534
397 116 69 88 9 300 511 246 371 82 525 499 131 126 259 150 288 244 236 471 181 528 328 484 149 309 559 388 499 197 544 29 213 295 82 194 551 528 183 408 573 498 34 16 403 532 557 134 74 577 228 258 216 91 250 403 68 391 116 323 383 582 32 574 425 110 408 513 565 89 252 446 287 234 39 63 474 53 447 451 219 411 190 538 484 520 334 492 562 104 474 234 100 153 282 550 300 96 106 190 292 274 520 278 188 586 101 586 329 69 459 403 402 114 443 12 288 584 70 429 160 81 99 335 572 479 517 501 401 160 502 279 482 324 447 190 147 24 483 96 176 582 560 271 88 378 102 506 392 115 525 99 341 235 118 40 110 405 32 91 428 173 417 358 249 220 587 94 147 369 119 369 419 251 137 571 317 83 35 397 391 580 244 102 140 470 476 398 451 341 131 574 589 581 316 1 227 421 111 379 519 93 284 482 38 143 286 25 364 481 213 427 452 593 241 581 79 1 11 96 250 259 504 464 218 0 248 283 169 13 509 442 210 545 559 27 345 252 456 285 89 331 51 207 163 381 4 300 588 157 417 481 105 489 399 292 225 104 363 125 387 57 292 85 143 407 291 569 543 313 180 420 61 480 490 264 551 397 327 129 303 407 391 121 471 20 449 9 398 385 352 464 354 330 213 92 358 107 38 56 465 474 412 141 588 210 99 288 490 269 102 450 83 307 426 108 131 249 126 291 48 12 443 18 529 106 210 266 111 424 596 275 166 47 526 227 452 475 136 324 316 500 291 35 102 75 412 426 183 586 307 434 444 271 113 30 547 226 392 215 543 148 541 26 379 380 233 522 438 196 127 368 322 15 122 551 357 64 581 522 284 367 183 25 506 94 526 430 548 368 37 587 254 234 12 330 351 263 67 139 114 4 439 393 289 428 150 144 184 255 2 573 314 264 212 263 276 509 268 65 179 436 532 543 343 42 428 179 30 98 271 514 14 202 321 281 133 436 212 309 337 469 470 582 240 294 175 550 450 5 244 481 348 418 432 28 204 192 242 555 387 233 143 460 350 130 559 90 182 138 465 204 497 18 572 195 336 291 90 506 537 525 235 88 531 287 84 43 226 342 218 470 76 457 412 208 36 18 186 8 276 85 528 7 593 176 237 348 257 15 216 418 24 46 21 267 512 482 166 85 535 496 38 247 394 130 35 203 273 19 108 214 371 130 473 254 92 561 157 268 386 599 477 110 18 139 487 575 373 510 52 375 551 359 260 71 532 398 314 560 284 326 191 270 417 78 472 341 99 46 209 52 589 488 559 342 473 570 61 588 389 126 16 499 224 119 541 339 527 572 451 231 41 338 83 190 271 512 540 174
687 396
868 95
477 150
233 927
300 809
154 209
648 575
374 99
368 710
796 178
425 732
994 708
175 107
299 945
776 440
438 530
125 665
997 288
201 542
646 953
729 728
739 628
178 705
366 968
394 430
833 746
534 817
107 55
949 370
836 559
817 941
45 528
934 963
956 835
39 804
552 869
268 610
943 697
965 948
176 263
237 113
115 429
195 411
513 309
397 293
227 441
961 444
580 769
244 628
857 292
826 531
165 505
521 194
527 949
747 109
668 263
401 53
88 414
251 967
164 376
839 319
4 242
48 86
5 695
946 886
462 965
206 382
630 270
176 190
814 409
75 720
729 579
628 529
325 588
379 862
437 819
136 720
586 449
799 89
281 151
673 173
325 39
763 816
136 129
186 345
340 727
84 463
496 505
101 812
590 524
568 793
213 294
798 739
427 263
815 914
768 289
927 656
257 79
293 470
593 249
259 202
347 880
295 779
424 589
784 926
298 290
764 580
863 183
479 861
869 351
928 612
238 798
215 51
672 932
849 148
259 850
441 31
206 992
352 321
317 349
750 308
993 840
235 138
837 452
207 625
407 764
81 225
90 663
357 240
893 678
5 19
747 461
138 761
506 63
497 920
309 727
493 588
466 357
195 125
475 207
708 14
678 346
280 532
680 746
39 32
770 633
653 330
989 354
169 673
890 748
821 772
944 198
721 228
793 901
23 729
30 56
84 548
489 550
965 776
419 408
686 841
810 500
869 702
483 177
257 1
464 781
753 334
870 636
875 902
950 482
772 15
205 933
111 157
582 827
501 708
1000 547
966 595
483 384
858 860
363 180
68 190
791 715
630 113
721 71
943 320
370 659
716 445
691 368
346 356
914 789
916 438
731 965
364 550
876 444
507 415
889 163
582 295
882 939
127 950
48 233
571 740
572 603
599 746
812 449
990 58
258 49
221 480
602 27
852 925
983 2
894 815
799 272
939 242
651 615
997 678
318 637
445 506
115 863
801 809
381 465
904 8
146 354
393 641
468 410
376 891
727 416
87 914
20 656
914 545
148 802
357 850
855 494
422 997
45 851
942 796
600 343
267 403
937 154
85 774
455 728
468 442
79 690
97 491
561 332
803 555
161 445
497 349
619 774
208 577
626 884
68 336
832 284
110 95
311 143
170 539
350 116
681 90
717 362
345 90
65 384
504 21
138 576
259 458
536 48
606 548
716 156
95 185
607 650
599 806
175 49
733 513
589 702
194 87
403 927
474 672
86 129
166 743
661 220
387 330
400 85
61 418
935 772
755 661
703 295
326 992
452 158
645 661
530 561
203 680
411 494
687 898
309 670
927 385
515 92
265 126
883 319
899 360
291 321
337 386
405 124
778 212
948 58
500 624
836 703
828 383
670 420
869 406
329 196
251 346
617 724
788 776
192 772
12 902
523 360
410 961
809 688
885 288
522 147
518 277
506 974
719 938
535 518
545 910
18 529
107 29
188 651
681 640
775 317
736 914
490 101
472 54
246 489
317 102
527 10
270 374
237 996
119 265
508 820
904 889
450 80
827 969
789 64
347 939
995 774
429 214
561 365
522 727
510 877
591 986
208 841
367 67
908 703
32 437
719 991
267 917
645 430
135 531
727 850
709 529
86 79
185 851
646 833
152 471
819 871
168 297
974 885
234 233
665 983
36 256
824 81
659 538
779 406
551 274
462 630
803 1
691 664
542 460
698 247
941 739
320 531
485 745
6 315
910 214
274 428
997 157
707 41
353 815
180 155
418 798
227 512
906 335
193 958
363 398
849 38
370 437
531 429
57 112
844 881
846 811
646 712
262 695
781 865
666 60
134 187
957 998
363 783
571 24
323 773
597 153
766 81
730 662
14 843
467 904
457 590
720 103
398 236
217 812
742 159
282 865
546 491
420 556
489 277
972 534
849 78
94 585
999 919
110 524
235 687
165 986
883 525
643 402
784 117
190 463
991 629
743 703
536 705
395 550
384 615
368 514
904 998
746 253
788 532
563 153
819 335
45 626
50 7
979 971
585 112
476 237
219 778
685 126
676 773
608 607
626 16
41 503
562 71
961 633
264 233
456 115
188 219
744 186
137 625
64 259
35 375
770 359
634 378
50 137
558 646
697 326
502 215
132 398
779 148
139 925
506 125
995 950
956 96
12 557
445 311
396 679
876 598
522 334
352 604
981 227
670 591
139 6
9 405
322 309
55 591
233 403
967 289
905 571
188 902
259 817
792 578
338 454
654 468
242 300
102 949
0 479
408 13
579 490
925 122
384 989
828 131
397 151
309 870
36 572
522 392
635 71
891 470
617 950
525 598
276 746
470 306
85 310
326 248
523 680
159 402
17 764
155 171
309 9
109 334
857 529
297 588
986 259
766 495
382 13
638 984
732 541
865 756
911 849
717 811
548 235
1000 316
810 300
267 720
687 442
610 224
15 191
571 179
935 9
136 291
324 64
452 691
3 799
296 368
966 683
916 290
909 248
286 192
384 365
2 632
956 565
6 279
757 739
170 577
201 270
619 485
532 73
656 511
811 659
392 829
664 290
647 139
44 664
143 98
518 789
588 855
230 860
454 758
713 197
743 10
419 448
683 956
912 48
723 477
75 609
423 665
309 218
552 683
616 417
546 735
988 506
178 928
596 317
564 539
266 318
508 660
88 998
144 257
414 370
151 847
780 961
49 877
940 537
913 916
628 300
809 35
476 80
805 627
