600 1500 600 1076 20
331 518
359 477
91 478
21 483
233 428
34 445
239 522
49 511
310 326
315 357
87 227
217 321
169 497
469 505
41 157
67 198
135 335
299 301
129 310
47 480
283 378
35 142
84 173
279 308
483 508
30 260
23 376
220 461
107 439
11 471
99 540
78 240
300 517
276 285
300 481
95 147
430 549
320 476
216 455
235 398
197 481
74 280
187 407
29 442
300 377
425 553
482 577
68 98
67 243
474 589
275 304
299 555
358 449
19 238
82 147
157 426
565 589
13 61
48 112
272 358
36 444
442 503
46 154
131 262
239 451
139 392
135 536
49 389
144 515
243 421
325 397
178 577
122 373
179 227
364 590
265 307
37 559
127 178
6 278
8 538
158 539
283 545
171 435
118 523
19 446
434 519
468 582
159 176
441 513
2 557
244 365
486 554
4 58
268 508
275 498
519 590
324 412
110 398
458 471
280 586
32 89
266 485
74 415
545 571
10 544
9 543
98 144
25 575
52 413
272 500
165 181
416 531
289 413
7 402
30 300
119 456
289 489
169 269
313 434
303 310
132 246
164 588
379 455
205 576
418 462
378 446
5 330
109 317
89 321
82 551
56 106
97 121
204 256
59 145
18 347
170 353
567 598
52 172
38 410
3 533
54 304
102 182
477 595
42 599
98 348
33 419
474 565
181 193
283 446
175 408
415 440
288 555
258 588
21 157
409 548
47 257
51 499
49 263
235 580
307 535
400 486
229 512
164 584
8 270
111 209
84 90
199 306
33 276
250 253
44 397
278 331
113 329
120 347
87 424
103 365
59 436
237 564
330 575
27 520
216 244
0 325
260 453
31 59
100 258
110 189
294 432
96 263
219 258
507 522
263 389
363 530
400 554
372 521
22 524
55 65
339 552
204 469
243 590
85 141
481 580
59 528
27 564
262 565
40 254
222 227
37 520
181 448
119 381
479 583
89 105
93 231
35 393
439 564
227 269
393 472
214 473
26 51
399 450
140 388
24 422
53 245
154 321
283 563
208 569
103 313
162 218
165 448
46 306
71 247
419 531
230 560
154 344
50 52
118 234
418 568
358 431
47 285
240 504
18 73
38 178
20 79
121 162
172 196
336 423
117 414
66 559
412 494
197 377
46 153
34 396
0 252
60 378
104 453
117 432
178 491
81 381
463 467
24 379
282 316
447 478
396 445
173 355
455 498
396 408
298 564
264 351
342 413
89 233
73 185
156 223
311 437
19 354
57 415
47 223
193 460
147 598
105 211
126 312
387 541
219 533
10 184
285 386
572 591
98 295
338 543
118 492
61 268
117 473
387 587
447 521
261 360
136 503
13 51
115 247
340 382
400 577
14 575
52 62
86 513
236 557
52 551
52 196
57 246
78 361
90 408
291 425
87 179
209 433
194 304
105 180
401 494
66 268
461 552
74 440
47 156
188 341
228 538
115 191
169 265
310 558
191 553
394 502
58 285
88 303
143 360
106 501
195 516
32 211
17 523
110 355
216 243
214 336
138 507
136 178
267 390
155 420
16 322
267 350
92 142
94 457
138 420
212 324
356 460
15 358
194 571
130 131
191 362
176 337
441 555
432 531
71 115
323 465
188 204
206 544
416 432
369 376
457 458
94 458
56 385
67 516
305 496
172 551
257 419
185 349
437 512
476 598
187 188
44 527
30 454
224 307
173 408
107 170
122 177
171 353
541 578
178 503
355 445
133 201
244 438
362 583
202 439
45 129
89 184
249 251
316 340
39 394
189 235
403 471
148 268
285 399
142 472
194 563
3 526
292 472
188 260
474 594
45 234
545 563
92 534
137 231
2 349
162 352
399 499
403 457
383 549
174 388
439 572
313 346
146 454
174 267
119 339
26 58
182 573
122 261
295 363
427 538
3 100
553 583
30 297
51 483
175 570
138 264
149 203
193 356
99 228
183 367
503 530
309 412
6 445
110 387
462 556
229 384
252 589
204 505
95 463
176 375
337 357
247 489
167 259
222 429
27 466
313 519
124 488
43 542
126 317
13 150
174 330
242 329
259 574
167 574
381 560
402 419
298 450
143 332
23 133
216 421
239 578
358 546
21 376
68 452
323 335
417 424
264 420
420 453
138 343
138 587
175 443
186 555
71 583
155 351
303 594
11 193
127 384
161 444
255 296
81 220
443 534
304 493
22 589
421 463
38 577
80 121
167 569
87 535
318 459
63 72
322 436
229 320
365 438
20 494
372 478
102 573
384 437
571 597
102 532
48 249
279 498
295 348
350 575
87 201
138 327
108 508
337 375
517 532
177 187
140 193
392 393
114 579
36 248
230 232
280 510
166 370
72 220
337 543
333 556
522 541
529 552
159 240
132 232
189 221
92 502
130 255
273 599
139 584
230 246
31 222
256 505
454 548
74 376
265 326
164 254
274 528
9 159
88 118
229 437
108 483
17 241
259 389
105 287
255 315
395 559
355 592
18 527
163 432
308 593
86 344
346 574
33 285
122 415
57 232
10 32
119 212
459 563
263 574
323 404
54 493
89 428
419 480
24 384
106 514
167 391
332 548
124 373
30 151
173 396
197 580
345 444
10 211
394 487
166 464
266 284
241 537
353 435
176 357
19 283
200 393
311 379
26 285
51 150
293 408
239 507
230 381
158 582
280 404
20 599
270 427
378 563
284 422
279 593
1 279
207 543
199 521
356 514
178 410
443 570
89 135
386 446
457 566
492 523
93 212
430 582
13 65
8 531
242 578
286 443
63 230
212 456
232 246
9 375
523 595
27 496
376 586
82 172
218 407
328 444
88 234
422 493
498 528
61 190
11 388
462 568
254 338
71 289
141 159
171 439
202 496
32 105
84 408
213 590
76 271
339 380
134 540
214 414
200 584
272 598
186 299
563 571
226 595
376 426
145 436
54 214
278 347
217 301
77 99
361 504
224 265
144 363
210 314
50 62
96 103
42 339
130 549
238 571
180 211
106 281
47 112
333 568
380 599
3 258
22 325
379 467
466 520
71 489
287 335
200 290
537 565
76 111
68 515
189 297
33 550
533 542
261 369
114 219
52 198
128 583
109 403
324 370
166 371
269 593
234 492
14 267
99 452
206 466
52 195
20 203
207 254
362 553
320 400
20 380
366 449
251 547
55 298
133 261
378 386
197 300
473 493
203 494
522 578
53 237
162 264
186 217
476 500
47 267
522 587
120 472
66 190
81 461
343 451
466 478
461 599
29 525
70 147
150 508
146 151
293 570
310 524
187 488
270 402
334 443
445 518
127 491
185 584
38 382
0 361
35 219
359 595
76 354
7 480
128 431
423 550
185 254
59 308
75 247
210 439
63 233
142 368
230 428
107 171
507 587
435 496
378 495
5 174
25 540
428 536
286 292
197 331
84 592
70 243
28 352
371 464
194 318
220 288
52 516
165 388
153 405
11 249
232 488
542 579
183 512
229 400
40 470
258 533
88 129
62 71
365 434
217 220
343 352
341 407
125 386
325 377
403 458
476 482
306 521
120 290
344 405
8 525
107 353
275 528
217 233
137 370
486 577
250 287
282 482
252 325
104 221
195 342
22 474
205 208
341 351
84 355
199 248
152 376
208 383
215 326
391 549
70 95
24 311
448 540
308 498
213 346
199 506
84 242
240 543
159 375
432 525
31 145
419 550
565 581
209 386
143 505
406 513
322 528
274 498
175 396
304 597
103 279
150 268
185 236
223 285
490 564
44 504
207 338
323 510
372 447
325 589
275 455
239 327
30 409
164 526
202 564
477 523
342 346
152 426
294 525
36 161
384 422
11 168
73 504
191 462
191 291
55 499
114 542
145 238
105 395
325 532
249 471
221 260
248 406
37 395
153 506
262 537
228 427
459 550
9 64
327 507
278 445
172 475
180 206
5 562
94 471
465 510
266 384
168 514
7 267
201 261
124 232
495 563
36 406
2 504
316 530
418 556
244 434
367 437
68 144
540 575
33 47
302 315
149 441
81 230
282 340
163 294
192 557
22 215
144 295
281 385
377 517
215 325
97 381
30 481
16 528
225 390
169 326
120 185
271 596
123 549
179 596
113 239
273 441
161 401
133 369
374 593
525 530
357 470
14 270
243 463
156 285
317 471
162 277
381 529
137 212
181 460
284 485
383 391
101 329
382 410
134 385
262 359
332 469
147 567
142 502
337 470
238 436
20 309
128 449
231 456
278 518
43 219
267 480
150 483
340 577
62 289
253 287
187 256
409 469
257 480
80 232
147 366
28 166
289 576
158 576
492 595
252 581
96 511
259 263
53 520
320 512
79 412
27 245
336 414
119 231
298 439
476 509
263 313
14 402
59 429
64 240
24 437
29 266
138 451
214 423
234 497
108 268
291 553
224 573
19 545
402 480
266 422
142 393
76 433
248 345
290 584
4 483
379 422
37 66
128 362
153 344
55 237
288 599
185 290
578 592
147 509
291 479
487 534
213 519
341 453
4 209
66 148
162 231
17 118
270 531
463 512
279 374
348 530
361 397
303 474
326 573
78 504
387 592
219 368
157 483
147 449
104 585
78 85
142 286
124 177
280 376
122 124
363 525
328 401
73 347
91 372
149 273
195 346
116 271
189 387
17 474
23 179
409 454
48 251
11 140
60 550
44 377
314 450
95 243
90 101
72 217
19 76
27 490
260 409
251 390
3 588
80 97
282 577
117 336
120 334
112 450
216 438
116 238
263 346
188 453
327 451
367 463
93 137
50 289
394 579
330 350
60 276
157 209
72 81
45 169
42 380
474 537
116 222
247 462
134 448
95 509
269 429
398 518
407 488
438 455
227 535
87 548
315 430
183 463
135 250
236 254
122 256
29 491
102 417
555 599
55 450
82 366
85 252
22 303
115 291
194 459
279 511
163 473
105 520
297 580
224 424
155 341
5 388
148 404
534 570
356 501
362 568
482 500
117 163
53 65
10 83
201 360
141 240
169 593
306 506
70 475
57 122
67 590
312 457
492 561
436 571
108 280
130 359
349 504
87 332
112 572
235 297
198 516
168 356
482 486
36 513
218 277
497 593
57 440
110 592
347 527
53 190
212 370
83 544
131 359
178 442
532 573
211 544
27 53
186 220
246 536
77 228
14 427
72 230
39 579
13 499
174 251
94 168
49 492
101 242
264 277
294 485
107 126
15 128
333 546
125 285
33 60
167 346
62 551
151 454
179 376
361 484
170 457
127 229
14 77
49 96
383 430
141 581
100 533
440 536
309 324
108 404
256 360
358 598
299 344
227 429
64 159
429 593
139 393
363 515
391 595
83 154
243 434
126 249
305 435
0 397
385 501
69 486
296 315
103 498
448 562
112 225
130 262
76 596
35 368
305 353
40 207
316 382
41 209
152 596
67 70
74 369
19 386
117 531
182 424
148 559
221 387
135 510
271 354
117 419
419 423
108 586
214 318
319 525
65 499
367 467
13 53
431 449
252 484
145 222
286 472
382 503
430 539
181 385
94 514
378 550
136 382
8 432
369 415
112 126
184 321
255 302
36 441
176 255
27 478
45 326
151 417
459 495
18 504
315 539
163 485
118 594
80 218
210 298
34 334
187 204
186 301
210 450
8 363
134 181
93 456
83 521
11 94
59 593
96 279
280 465
358 567
311 467
238 354
405 406
128 358
326 524
414 473
28 371
367 512
53 564
218 341
585 587
195 413
389 595
177 256
355 398
136 410
301 344
455 467
382 577
396 443
15 431
137 162
287 395
461 529
178 400
241 523
500 598
246 440
104 387
57 373
113 451
45 558
287 404
80 381
21 586
436 528
526 588
62 160
366 551
511 561
81 529
237 298
86 406
170 312
331 580
101 293
6 34
154 521
129 558
581 589
115 462
36 345
77 575
116 179
353 566
6 347
236 338
478 544
301 321
139 588
89 253
269 307
411 487
88 594
70 82
324 339
330 562
266 491
108 148
302 430
174 390
114 394
97 162
104 587
1 103
423 459
64 543
35 392
28 162
387 522
139 164
182 224
224 535
204 260
333 418
322 597
130 595
161 328
236 240
69 482
86 299
127 400
160 583
116 145
111 426
258 392
230 233
383 569
54 194
205 569
312 317
262 581
225 547
116 354
509 512
386 433
305 566
452 538
515 538
86 555
368 502
85 484
135 287
153 406
377 397
146 548
213 313
376 596
336 419
452 515
539 582
334 347
19 433
261 415
342 576
387 585
39 411
346 364
490 496
343 464
275 322
314 572
63 217
102 151
185 192
46 521
146 417
164 185
92 286
241 262
264 352
449 567
460 501
16 275
442 525
104 420
105 253
26 499
67 172
62 583
5 165
238 545
4 157
87 143
12 138
417 548
96 313
241 477
226 359
292 334
398 445
202 435
65 237
425 583
196 198
69 554
43 533
293 534
205 342
149 599
4 26
206 520
103 434
71 479
358 362
135 323
78 141
98 452
109 457
26 399
185 557
277 341
30 580
137 166
320 509
186 288
20 149
55 399
395 520
113 242
212 339
402 531
497 511
385 460
66 520
47 450
159 255
17 537
107 312
67 475
426 596
29 178
114 368
14 228
208 430
267 402
510 536
483 586
295 530
8 515
92 443
60 386
303 524
128 160
503 525
87 224
495 550
485 525
45 88
39 293
355 396
119 529
232 381
41 111
177 488
87 360
176 296
335 404
424 548
188 407
32 184
44 197
241 359
546 568
439 591
214 459
0 484
576 582
54 473
221 297
109 312
83 447
364 516
227 307
207 337
30 517
331 527
296 357
74 536
289 342
139 258
151 532
280 323
319 530
387 578
309 380
14 350
31 429
154 273 27 334 379 185 445 23 498 127 502 495 501 295 194 99 490 498 267 381 174 227 477 594 251 174 119 235 476 165 16 393 561 130 481 85 552 596 149 263 179 249 177 60 586 472 573 475 358 206 166 460 332 53 164 259 109 249 40 122 530 573 81 129 18 384 36 441 176 442 440 153 564 325 283 578 329 565 131 173 149 261 59 438 221 587 179 410 191 413 219 327 594 163 411 488 213 362 392 504 169 336 74 86 450 169 56 289 217 424 531 461 108 84 546 69 56 482 145 299 49 176 460 445 424 233 491 570 276 112 309 32 13 38 390 296 569 483 374 585 436 437 365 385 448 386 314 492 347 437 563 286 226 327 577 232 198 388 431 302 191 595 520 260 565 310 108 60 502 126 376 20 49 300 50 489 261 367 161 92 560 70 564 415 422 490 409 576 212 411 439 334 342 311 461 308 530 489 66 280 83 185 52 138 423 188 563 126 376 254 37 17 418 249 293 375 74 256 0 118 229 243 225 273 236 381 99 313 32 96 253 233 542 375 19 157 554 242 422 431 249 113 453 441 525 364 76 400 316 469 208 54 495 376 257 229 314 471 296 62 260 582 61 20 10 20 548 380 41 274 218 243 21 384 157 32 438 579 96 213 31 181 233 352 32 358 251 49 229 131 20 315 209 67 381 479 414 325 94 277 280 538 0 42 24 382 168 496 312 189 147 253 70 540 85 40 36 487 100 79 48 476 317 339 440 507 220 51 400 392 464 375 145 281 389 402 579 437 82 130 362 479 271 564 69 349 413 424 152 248 583 45 518 67 584 518 101 521 399 469 589 198 522 290 6 312 113 552 379 512 135 133 366 179 165 21 66 99 332 144 19 25 397 529 312 394 28 59 91 51 568 394 112 121 131 266 521 167 479 314 12 506 96 226 312 250 525 460 257 280 118 123 478 486 274 336 334 249 81 278 591 551 500 526 395 83 47 436 555 366 11 470 290 295 253 536 54 139 412 341 95 440 438 359 28 529 404 518 166 156 302 598 179 210 562 9 558 290 328 555 425 84 136 23 188 55 367 488 91 533 476 431 276 446 517 437 234 52 20 367 196 2 523 595 323 143 401 274 595 408 326 378 173 212 345 76 142 39 146 136 515 380 246 272 386 137 260 565 193 171 68 290 93 221 553 111 493 508 123 489 57 85 275 251 149 547 371 494 150 126 284 263 252 486 339 531 407 445 11 531 171 540 257 18 92 253 353 39 574 538 96 302 180 487 346 455 215 439 167 219 478 19 408 210 273 589 515 571 1 599 304 71 233 436 450 501 308 295 330 224 274 541 18 61 62 579 9 14 395 163 378 306 389 460 69 275 508 433 168 15
332 770
634 646
285 840
153 993
557 272
865 179
187 756
799 273
863 336
397 931
345 108
869 84
59 460
555 191
880 264
961 803
671 554
467 769
247 802
591 396
30 183
509 285
418 737
416 418
775 564
952 246
615 287
496 16
42 419
834 492
262 638
554 513
360 133
704 327
148 753
113 901
97 28
449 149
921 535
7 844
370 993
540 319
75 274
84 960
293 729
502 656
246 109
725 281
748 142
603 739
784 874
556 242
799 835
561 97
722 455
597 181
988 45
340 346
569 298
580 529
670 357
520 170
808 859
249 241
382 916
586 152
479 132
776 745
978 356
949 635
842 724
830 935
221 245
253 828
379 295
799 985
559 375
919 273
316 796
26 218
207 394
197 291
830 775
315 86
64 692
363 831
147 127
398 503
492 723
357 175
19 716
380 1
64 850
45 345
843 15
872 727
634 722
176 355
997 363
979 271
139 976
1 685
387 617
659 667
183 565
397 114
968 6
687 84
460 249
770 61
148 670
533 354
730 172
1 600
49 924
873 976
536 447
792 390
536 736
130 336
171 853
175 393
310 442
578 890
292 418
676 328
726 117
870 561
921 856
465 691
568 861
550 846
286 294
388 450
988 164
344 232
915 493
46 365
30 508
199 918
875 116
388 866
101 873
310 496
966 373
563 493
325 585
883 760
438 217
75 153
539 210
366 616
474 362
184 37
279 109
125 494
692 280
522 308
623 997
415 904
867 829
69 73
105 421
802 416
227 946
909 145
17 383
655 816
896 41
511 629
720 25
648 77
804 784
83 742
836 200
73 784
456 923
279 448
882 514
461 440
429 107
952 143
389 583
847 662
300 133
257 894
173 194
254 466
211 481
172 623
501 130
924 957
280 883
893 65
701 440
732 848
798 807
258 683
778 798
227 9
173 887
384 487
622 62
48 143
264 512
698 913
419 57
334 961
660 897
562 322
668 173
378 106
32 311
718 751
751 414
393 708
749 647
225 209
179 433
77 939
177 231
210 574
526 514
699 258
424 562
768 210
554 825
487 515
896 297
848 579
280 273
94 364
249 378
269 212
528 684
192 639
309 910
601 132
574 443
39 567
365 893
497 808
51 661
774 714
721 660
514 75
299 314
820 985
120 10
766 128
367 224
776 172
375 796
364 197
279 984
484 904
281 470
734 316
161 966
620 809
246 581
342 446
477 830
659 744
104 467
464 585
822 515
816 240
483 203
493 568
853 300
494 438
1000 729
94 166
611 560
704 557
687 307
141 462
180 733
584 631
424 297
991 10
986 548
633 418
758 500
672 284
129 810
387 226
123 219
770 941
206 873
879 952
129 842
23 782
835 441
977 405
478 948
219 629
633 138
183 170
288 670
196 197
527 899
440 717
702 465
637 7
250 58
453 529
595 604
37 238
448 680
783 593
721 76
683 708
712 194
524 942
992 492
775 104
716 423
916 446
928 648
293 157
665 520
392 261
16 274
360 751
467 631
35 531
36 17
8 656
885 192
205 699
311 518
997 916
142 779
372 246
774 365
387 977
310 931
42 272
976 518
177 484
731 902
29 450
195 124
76 7
692 797
225 763
983 432
266 859
866 245
149 484
72 441
674 32
539 411
102 695
934 53
495 997
982 776
527 824
302 464
307 768
958 884
897 385
710 771
698 651
860 799
828 644
69 919
394 374
15 294
19 421
345 11
300 386
572 614
422 931
454 342
329 712
643 382
740 571
62 223
218 342
949 492
620 901
814 563
997 81
631 357
128 576
859 134
600 807
792 202
615 852
149 911
153 886
28 872
418 154
94 765
331 747
156 691
618 209
891 589
15 93
810 305
805 63
415 249
187 80
145 56
203 450
52 742
276 585
932 511
24 807
5 207
760 904
769 394
362 368
840 374
365 567
983 962
782 338
112 513
783 689
753 525
757 377
385 550
890 932
496 339
875 295
315 253
526 537
589 916
935 802
828 403
592 362
696 681
620 38
605 480
818 597
718 635
667 123
352 330
71 127
875 490
97 811
68 37
148 720
618 389
318 34
931 180
937 776
699 219
7 554
960 345
171 505
300 597
722 584
77 343
769 7
824 40
698 404
977 100
127 240
924 989
797 663
4 441
401 285
437 37
778 638
692 955
300 544
407 990
839 81
121 865
778 419
436 753
827 752
954 693
542 795
401 16
854 924
764 305
251 663
957 657
502 259
351 792
806 454
943 591
40 846
245 436
773 975
543 23
844 529
570 736
730 509
12 157
685 380
556 4
538 630
664 625
576 205
994 708
968 35
69 898
903 472
294 821
290 500
237 33
58 551
485 232
900 701
375 275
589 693
883 685
121 106
937 18
923 353
716 801
315 657
192 715
700 727
449 105
279 50
85 592
552 777
412 690
856 444
219 996
251 726
637 553
125 307
943 442
819 351
351 649
101 980
42 822
435 516
337 296
449 804
888 326
612 958
1000 202
110 589
48 948
340 936
395 87
602 426
990 875
756 189
313 563
601 884
695 362
820 812
99 276
911 940
913 606
151 159
977 997
291 864
464 668
430 179
245 338
588 720
912 194
656 419
579 85
424 804
711 4
972 748
972 912
662 851
50 785
614 445
720 148
441 611
662 774
922 240
719 954
967 574
94 616
5 901
224 665
401 798
648 959
880 910
218 910
162 566
472 273
108 566
205 948
403 764
752 745
699 106
115 656
548 606
481 743
581 825
485 380
659 490
970 723
85 219
