600 1122 600 657 5
147 435
169 210
339 597
194 308
375 396
49 554
20 229
116 489
255 469
88 267
72 598
134 502
288 540
327 523
415 472
375 511
500 574
403 435
141 150
72 148
33 539
385 555
299 348
256 389
159 444
6 452
41 167
12 541
47 393
4 280
132 414
328 571
492 509
29 386
350 530
57 67
248 308
147 270
244 447
150 171
243 452
96 499
93 511
458 573
44 80
157 217
5 263
515 544
203 448
368 454
464 510
504 593
466 582
171 353
425 438
64 191
13 87
578 591
148 252
252 585
438 577
39 555
276 324
44 140
87 232
284 430
225 465
253 346
216 421
95 548
22 284
210 529
430 502
211 426
402 555
100 109
113 553
348 420
125 583
287 474
27 57
499 572
23 58
20 59
200 344
36 269
169 529
30 309
56 244
132 558
12 119
159 567
176 296
168 472
158 493
52 121
44 480
52 244
444 570
486 535
130 147
134 284
16 270
344 463
175 333
457 528
219 432
288 322
40 587
200 224
7 509
423 475
142 351
137 149
71 556
95 271
432 452
119 444
58 563
260 324
41 64
25 544
14 152
176 574
170 364
359 422
112 196
283 304
221 322
317 539
67 268
246 565
10 130
310 333
75 105
101 468
516 517
196 403
294 528
140 191
15 528
359 390
194 380
179 273
296 574
388 403
260 427
387 454
469 587
110 345
530 567
66 200
54 169
129 448
230 430
416 424
358 359
159 593
194 358
162 248
54 457
145 178
181 553
102 524
409 488
250 555
113 278
169 557
156 182
349 564
286 404
306 574
190 504
321 339
26 192
191 501
331 424
218 508
118 344
106 430
133 152
16 345
191 534
256 434
186 576
357 389
453 457
167 215
333 343
173 302
389 434
95 433
169 323
410 568
452 522
31 530
94 205
10 228
396 414
119 363
26 33
88 305
441 478
362 509
245 582
53 82
175 205
470 556
111 200
4 218
42 407
211 401
181 506
312 530
18 299
74 92
572 589
318 325
311 416
373 406
431 433
99 386
352 512
169 184
90 445
129 521
144 159
152 507
61 479
48 497
407 429
369 471
229 541
24 367
236 267
32 259
32 132
49 79
319 373
9 429
386 429
193 312
304 363
256 504
105 295
381 541
187 388
395 495
304 541
255 560
124 345
189 436
14 480
307 504
0 154
79 548
220 376
107 359
83 166
94 502
101 379
352 469
29 211
476 592
173 214
69 236
246 354
331 558
244 569
431 576
121 194
167 201
295 375
85 353
84 295
408 552
317 461
6 484
170 204
411 571
271 420
181 507
56 414
383 591
159 350
342 388
384 558
143 368
362 513
72 252
121 274
121 387
3 132
33 317
75 392
65 535
274 595
132 396
149 539
281 588
487 514
104 374
175 179
299 561
100 346
149 594
325 490
465 590
146 344
152 482
359 567
16 494
11 204
124 302
68 95
113 573
290 436
53 361
78 272
165 403
84 86
303 316
23 276
228 421
74 401
36 357
31 193
234 474
302 575
348 576
365 539
226 315
218 491
342 590
301 499
413 464
0 78
356 541
386 407
2 386
109 235
17 387
423 547
132 331
228 270
445 510
247 357
120 123
455 535
64 80
147 535
55 267
183 447
450 553
81 525
166 325
425 498
64 501
341 361
15 598
436 446
21 97
85 234
209 447
210 598
151 563
400 412
208 472
247 258
314 390
53 487
12 363
24 206
45 599
127 554
195 550
139 233
342 465
292 486
217 379
3 396
91 526
62 352
54 453
379 596
0 235
225 576
145 440
408 487
350 570
366 468
77 166
203 377
27 295
128 415
70 218
161 411
432 483
334 506
306 484
204 433
158 541
388 560
205 502
384 424
90 371
341 584
208 471
266 293
307 353
307 586
286 515
25 497
53 408
320 514
46 157
71 470
11 340
114 443
176 452
70 407
141 314
181 536
324 330
61 213
357 434
76 351
284 484
323 457
128 168
347 453
48 130
192 212
216 220
267 341
363 541
67 442
437 459
33 192
125 397
231 251
175 521
36 313
123 398
156 410
162 358
46 413
238 562
369 585
264 414
58 277
249 336
145 451
143 387
278 599
24 557
127 285
91 293
241 316
245 466
215 360
292 342
371 510
74 559
246 488
43 549
289 455
467 586
57 392
168 301
226 242
510 568
268 295
84 382
507 519
318 490
304 381
294 598
500 543
168 499
487 552
74 503
96 154
263 566
239 549
481 580
222 395
448 545
22 378
326 425
167 223
189 571
53 552
329 367
294 323
147 165
17 125
160 578
517 532
404 572
207 505
133 534
364 560
540 541
54 323
176 587
59 229
277 578
129 175
100 587
24 54
52 202
131 360
160 405
174 377
11 226
46 83
292 403
237 329
342 560
76 98
176 243
235 412
153 314
97 198
155 443
208 369
271 431
157 596
430 483
114 226
33 155
8 194
36 122
374 519
200 240
151 578
19 182
230 432
395 533
240 344
237 272
386 417
321 597
26 372
198 489
62 527
95 556
239 349
385 577
156 285
402 591
9 336
517 542
269 503
207 393
139 413
178 440
455 590
27 442
130 270
50 585
60 509
52 581
243 484
62 399
190 363
78 329
204 226
129 273
11 242
56 263
508 572
283 363
288 356
39 402
441 599
40 109
151 485
25 515
391 445
109 255
317 365
37 524
11 512
86 424
536 573
142 566
186 348
110 248
136 578
340 512
97 137
204 531
231 467
202 581
102 425
79 420
153 345
392 468
12 540
184 562
376 421
423 481
215 501
125 164
370 492
545 588
298 487
87 597
66 111
378 580
47 122
191 279
129 203
368 583
110 437
122 559
31 107
165 196
51 275
448 588
150 359
316 529
83 217
89 318
451 460
161 326
23 324
31 422
271 433
290 563
272 543
95 470
549 564
94 281
170 576
56 266
221 540
24 78
245 594
411 479
46 464
214 561
196 400
14 133
368 397
2 426
164 579
13 232
404 544
206 367
327 440
465 576
156 495
112 412
68 470
462 559
45 278
354 478
364 512
34 367
13 357
355 520
10 216
79 222
43 503
47 178
116 542
6 230
106 309
360 506
47 505
404 589
10 338
283 434
22 205
239 589
218 572
438 498
257 493
49 420
204 431
74 462
400 497
48 515
365 461
210 241
506 536
224 532
84 511
449 527
261 333
402 513
2 417
142 285
33 315
11 352
291 361
117 359
92 122
160 290
124 173
399 452
214 590
126 525
536 553
213 411
15 369
231 321
102 326
36 559
263 414
137 370
528 598
186 431
306 475
59 247
89 233
465 560
50 472
220 421
148 177
22 175
47 473
484 574
2 429
325 355
182 495
373 475
74 456
385 405
236 305
564 589
39 439
225 364
196 497
118 463
484 580
550 554
250 383
193 583
94 179
300 537
349 549
122 313
396 511
57 262
192 315
371 556
547 580
308 459
75 410
439 524
263 375
35 560
141 353
248 459
111 224
180 482
154 412
125 579
257 393
20 247
49 550
70 99
228 474
108 246
420 538
223 360
290 438
325 546
117 194
346 543
125 368
4 188
241 598
238 303
425 577
313 398
85 265
276 330
239 564
273 448
248 358
38 182
100 235
413 445
131 534
280 585
219 372
456 460
251 376
154 208
87 339
30 106
170 340
166 546
5 142
319 500
65 147
34 206
3 93
350 567
330 427
138 399
334 360
46 126
168 208
44 236
258 357
49 195
131 181
352 587
408 514
372 477
281 324
17 121
78 347
473 505
26 461
369 528
85 254
255 388
183 293
457 471
81 410
209 244
89 594
28 211
468 525
190 593
282 442
184 409
138 212
47 327
485 563
151 518
133 140
115 406
126 157
50 491
236 291
57 468
409 562
221 288
138 527
157 525
112 187
267 305
111 370
133 480
393 505
337 439
113 394
118 402
499 544
128 472
47 123
189 290
315 443
238 507
160 385
309 365
342 403
236 480
131 507
426 551
150 159
81 468
35 469
80 496
121 447
2 29
101 262
353 504
314 345
120 398
116 198
154 471
200 492
280 491
234 265
99 549
290 485
164 422
331 384
476 514
110 332
51 330
1 58
436 563
122 123
234 254
52 98
253 587
274 459
174 599
128 499
315 449
52 569
292 590
278 394
18 110
139 445
212 372
292 535
425 524
98 127
395 410
293 419
219 483
220 597
8 579
177 514
287 345
73 91
103 419
148 298
37 439
334 573
246 409
370 532
324 427
399 587
30 483
76 566
477 483
43 99
262 468
34 169
49 538
32 264
118 513
237 543
237 500
409 519
21 370
436 571
227 433
3 424
19 495
369 457
234 586
306 580
1 502
131 152
18 550
183 266
309 461
193 422
333 423
65 403
32 73
297 311
55 82
216 564
96 301
126 464
270 474
235 543
343 481
261 565
39 118
50 415
256 307
20 398
508 549
199 418
27 282
92 460
533 548
4 42
104 478
151 277
172 247
194 459
222 548
26 317
73 264
335 374
446 571
56 566
105 375
178 327
202 274
63 459
248 345
180 305
165 435
289 535
199 362
158 356
365 509
135 360
265 474
261 406
86 382
324 502
16 289
302 494
74 269
261 423
319 367
212 315
102 161
167 501
265 345
116 355
28 428
13 503
174 310
213 479
419 537
270 287
290 385
346 500
347 471
135 279
404 499
31 312
282 295
392 410
246 335
10 286
410 495
80 191
199 309
255 587
34 184
74 460
25 400
27 86
516 542
163 207
136 199
8 380
165 497
79 271
43 401
279 501
176 253
146 463
109 187
181 450
98 554
293 454
417 429
377 599
106 578
89 391
333 481
361 584
160 591
160 485
251 586
233 391
138 452
180 238
188 320
383 555
170 431
15 252
37 425
126 568
183 244
78 453
56 76
66 492
16 575
42 429
5 375
0 347
230 452
185 246
56 569
251 474
202 595
226 443
518 563
382 424
385 438
89 582
376 474
393 493
187 403
30 461
55 341
30 372
310 377
319 574
302 345
227 531
320 476
197 372
263 396
236 361
83 318
121 595
14 482
104 599
76 569
195 538
250 405
91 266
75 156
101 366
430 432
175 273
32 297
355 542
128 572
43 232
401 503
411 498
105 268
131 135
202 554
97 594
202 459
101 596
104 278
545 550 380 67 400 42 306 117 549 320 288 164 91 216 21 489 47 520 121 37 448 115 402 208 562 9 41 322 148 191 524 527 343 80 227 172 367 28 429 288 2 358 159 596 215 473 569 333 216 136 256 479 357 114 511 103 562 390 565 371 426 251 297 398 228 66 123 560 203 405 199 398 570 539 400 381 281 112 593 295 111 472 34 517 225 471 152 418 520 573 535 591 44 573 137 142 251 2 110 68 204 304 222 435 405 212 148 109 249 215 334 516 526 468 484 349 412 162 281 96 250 194 362 437 27 256 510 533 145 311 515 76 308 145 85 530 333 326 147 223 165 238 432 232 191 38 282 537 522 339 489 56 63 154 320 24 535 361 159 213 107 316 1 463 576 371 451 295 509 554 262 552 391 419 519 56 412 165 530 201 556 126 93 511 488 21 244 391 136 521 506 289 171 246 598 585 487 136 564 64 67 220 548 5 475 160 280 68 352 77 536 588 35 122 551 57 468 90 587 571 397 330 493 593 557 554 74 258 592 286 38 290 262 223 531 286 55 441 334 87 363 425 331 427 147 313 486 355 25 164 295 213 266 271 2 13 385 321 14 350 322 548 582 155 212 579 288 34 36 572 435 405 524 221 65 431 285 501 476 535 124 473 538 567 179 67 511 282 538 152 73 260 255 342 0 518 44 333 298 346 571 590 165 368 266 119 112 165 439 584 482 191 281 463 192 361 416 533 136 146 425 36 103 548 268 545 182 227 74 172 18 334 68 598 541 316 468 44 137 588 363 161 243 565 522 176 551 263 533 459 159 329 117 221 425 491 284 445 407 84 466 446 157 112 295 138 320 213 529 453 29 341 530 407 320 86 236 575 128 384 118 371 458 396 235 305 344 259 396 14 342 499 123 37 0 75 303 444 70 221 52 48 326 146 108 180 335 409 555 392 122 242 299 514 36 531 498 141 413 136 310 483 460 108 571 99 342 105 371 302 374 419 343 595 455 471 242 283 375 34 105 454 330 379 99 580 366 187 443 459 536 560 181 255 308 305 541 415 462 302 328 323 590 563 263 336 260 487 58 308 517 428 3 423 172 552 112 171 92 129 323 364 232 192 493 383 193 99 584 49 174 293 156 174 216 289 404 567 185 317 576 25 397 450 389 420 132 362 516 566 78 179 573 217 190 253 137 438 426 482 345 295 430 432 253 419 76 440 242 572 469 352 526 563 585 316 475 396 564 319 522 250 168 286 373 113 336 123 258 465 437 22 518 109 16 51 478 199 591 169 377 594 412 35 470 14 61 488 405 77 21 339 481 561 52 344 338 577 307 211 163 210 248 553 461 87 220 442 423 410 174 156 292 597 325 23 286 527 210 461
669 368
367 153
948 636
72 888
899 526
139 814
444 254
190 323
419 886
952 556
695 630
367 417
672 957
801 770
881 161
853 404
538 682
357 942
393 684
257 683
843 933
107 355
476 162
371 109
738 319
664 519
296 298
35 756
986 715
884 700
283 230
505 973
106 979
289 349
735 243
461 420
860 842
62 106
278 707
94 103
524 387
997 17
904 564
828 698
974 163
639 0
96 559
977 903
652 574
301 687
828 467
323 16
294 834
998 353
778 327
896 333
192 859
49 698
330 121
784 897
192 268
189 38
368 385
374 813
990 60
569 590
72 288
90 707
307 532
944 279
866 616
237 547
899 390
175 985
869 777
178 740
222 842
13 563
688 333
277 630
995 140
137 680
935 360
98 519
33 830
583 788
3 813
761 743
894 256
147 414
216 491
179 904
922 828
32 866
431 63
287 583
694 456
120 399
249 797
853 648
578 380
19 661
11 16
247 985
712 88
151 783
326 188
515 944
641 248
546 422
409 753
43 267
604 431
732 18
256 426
666 195
33 376
464 905
70 154
639 937
894 943
327 883
923 875
923 907
450 690
401 928
109 598
275 743
773 519
533 58
641 618
852 68
91 912
898 132
419 148
885 62
214 207
129 333
411 337
124 502
944 138
543 830
181 778
318 967
592 918
993 757
9 163
601 600
902 435
177 353
546 870
270 150
851 128
499 771
672 404
247 351
202 717
82 615
806 970
561 914
231 150
90 20
467 772
999 996
434 958
592 533
38 529
933 33
755 467
788 292
380 491
592 845
842 890
439 647
651 74
530 102
506 335
953 455
960 812
478 85
873 226
822 86
235 710
241 915
766 221
693 234
418 545
576 487
933 495
206 70
631 893
973 94
319 320
467 965
396 857
356 686
616 501
345 280
83 396
207 242
89 256
962 6
318 799
600 14
339 463
458 111
722 276
914 997
743 435
297 882
824 278
927 706
366 316
187 6
469 583
914 74
739 671
50 560
833 556
361 248
701 705
655 985
237 650
929 0
1 271
451 475
298 428
243 516
623 661
813 927
441 223
696 751
793 691
142 458
620 739
633 394
946 216
616 324
821 173
793 597
28 215
874 309
328 409
479 259
262 885
200 393
709 191
812 859
416 790
998 572
158 144
654 715
877 457
548 307
616 777
494 410
674 882
865 972
777 858
94 947
390 31
614 160
19 710
136 866
147 970
555 753
208 891
903 299
109 746
831 805
577 686
332 588
636 347
503 66
350 792
300 49
337 77
269 185
682 11
943 90
890 485
460 38
59 775
705 907
423 180
247 755
710 593
568 723
711 998
547 638
240 89
993 245
509 553
197 930
835 351
81 811
499 290
74 972
928 402
377 632
280 1000
719 477
477 665
834 224
735 930
902 218
538 239
683 840
447 834
250 236
614 100
36 964
479 997
880 873
540 788
331 366
856 261
259 298
108 475
597 276
980 484
708 785
620 995
811 322
375 70
41 449
61 42
971 842
254 7
655 321
367 11
44 917
398 716
556 130
862 19
737 138
978 623
12 66
736 608
761 789
372 450
955 310
508 517
505 135
62 193
481 740
561 348
703 384
395 594
785 632
561 980
213 790
429 411
627 822
701 147
37 408
766 987
788 824
476 862
508 896
897 24
980 291
124 262
704 937
415 492
216 286
60 636
668 274
353 993
802 446
89 324
205 537
309 269
601 231
750 96
101 836
674 691
620 51
500 184
21 606
363 889
769 935
4 853
168 178
10 930
152 114
893 652
321 928
559 454
727 838
499 825
178 484
130 712
925 963
701 56
170 643
106 867
390 991
878 915
443 339
641 473
849 729
124 189
555 515
733 554
188 133
637 216
875 580
994 426
781 178
168 701
130 3
636 437
137 544
126 904
810 512
6 972
918 612
148 239
206 963
311 634
655 663
484 934
580 149
0 900
85 69
951 670
423 16
945 731
928 582
378 187
374 535
389 224
336 517
727 879
591 566
260 66
353 736
151 68
2 114
992 805
648 120
71 740
264 387
601 959
177 525
288 3
274 917
537 17
372 347
780 100
956 767
433 284
751 358
288 952
484 621
877 748
767 387
776 21
381 769
910 761
269 262
862 812
38 154
135 582
482 491
208 434
662 767
93 657
467 388
277 526
724 408
788 475
989 931
624 703
571 221
984 531
322 236
683 112
155 33
919 180
531 166
863 187
352 207
501 228
252 120
541 552
956 417
744 171
62 355
99 425
863 511
118 294
840 991
497 704
222 676
988 208
636 541
117 41
739 524
585 320
954 57
420 114
815 737
645 861
964 962
833 41
814 118
824 590
169 297
165 569
66 858
408 449
100 228
995 457
682 567
0 426
2 347
301 146
777 138
5 476
562 77
384 292
1000 878
32 99
115 632
148 939
397 364
798 374
798 259
524 997
285 467
14 316
203 612
886 98
524 596
802 36
208 994
350 654
216 343
703 967
738 976
3 379
604 360
703 544
473 10
8 520
555 188
235 600
830 627
330 709
989 667
978 394
788 64
306 750
121 137
199 575
751 289
64 941
896 807
481 448
438 599
806 203
296 111
774 660
675 163
193 829
544 953
155 614
253 827
590 989
221 0
803 557
805 3
526 268
517 650
449 519
127 96
239 187
431 919
526 210
288 792
176 424
426 999
972 338
839 438
659 799
497 365
504 14
758 579
475 537
201 177
957 515
615 865
163 380
333 836
52 591
727 747
871 356
657 32
