600 1519 600 660 4
269 591
363 562
45 309
333 560
154 227
298 367
70 251
321 577
207 415
304 362
68 84
296 329
136 264
82 109
16 39
2 551
125 581
261 355
182 331
84 486
156 586
419 505
98 223
450 520
238 347
84 336
223 381
77 566
256 518
331 425
346 519
177 569
491 539
509 525
49 60
167 456
91 434
271 595
217 545
44 365
435 575
92 401
377 439
23 460
57 594
235 465
26 480
100 430
109 550
282 463
239 376
357 379
173 396
338 588
358 552
103 551
308 327
394 438
204 391
540 548
42 181
183 332
211 463
146 281
65 343
46 60
323 508
145 557
13 255
300 350
48 57
347 562
3 58
87 415
49 386
42 268
125 489
5 167
310 538
20 340
143 564
27 162
105 378
424 515
47 536
310 423
315 570
450 526
63 568
19 35
183 343
85 222
46 433
127 426
33 581
215 493
32 179
392 402
144 479
152 172
28 396
318 523
22 572
241 598
509 599
64 546
378 493
231 450
235 421
33 256
111 534
73 557
248 591
213 255
338 404
400 582
318 511
203 432
41 436
178 370
215 378
33 519
115 560
362 469
311 397
502 536
220 595
321 567
233 384
304 469
475 576
465 480
511 568
31 120
6 117
35 377
210 309
35 247
217 226
16 479
281 339
50 260
99 286
342 561
123 324
121 470
522 595
291 482
30 316
201 237
71 359
56 588
9 256
43 302
1 52
329 525
83 263
161 327
20 215
502 512
36 89
99 180
551 596
141 555
138 524
365 447
36 39
476 490
20 192
137 383
495 574
14 288
24 534
97 175
111 402
301 395
240 534
119 131
309 330
74 486
8 242
323 568
141 292
88 547
92 236
127 347
99 559
114 234
12 142
331 594
179 356
428 498
210 580
57 407
149 543
63 323
9 359
170 489
94 478
61 66
422 586
38 143
59 329
138 145
12 309
1 233
158 266
105 475
33 125
94 466
413 540
106 526
484 568
300 481
389 395
107 427
295 403
107 443
38 335
97 132
41 475
262 426
185 490
185 516
380 478
51 330
143 193
306 433
112 194
82 502
108 190
137 498
272 483
128 289
68 486
422 542
246 534
121 411
522 537
393 563
433 570
269 589
27 360
119 523
38 253
124 513
33 316
196 367
209 372
67 407
22 259
390 412
136 439
331 406
93 570
178 588
56 410
134 566
392 582
41 118
138 557
410 505
167 251
333 503
155 573
313 538
202 533
121 169
314 557
269 371
80 120
301 474
23 159
58 321
237 346
73 456
41 489
43 299
171 313
6 461
534 582
241 543
175 358
40 556
17 376
71 518
258 431
168 338
48 407
326 486
259 572
162 360
392 446
244 527
327 404
0 116
306 351
220 446
445 458
24 362
151 521
436 533
268 599
217 250
66 320
63 484
79 112
55 491
155 422
241 563
49 473
40 91
257 454
101 280
553 574
321 509
474 579
385 402
105 253
488 565
53 243
307 585
185 218
248 371
351 433
278 411
73 314
277 468
131 411
183 467
258 329
0 109
10 599
107 302
324 571
464 481
146 247
161 308
46 212
330 589
160 441
50 466
136 270
305 356
25 91
119 353
228 296
5 73
274 311
46 473
336 339
112 538
220 522
297 325
332 520
309 517
81 542
467 526
77 543
96 505
101 459
422 597
511 517
232 396
532 555
8 409
288 341
50 386
43 337
223 225
447 516
180 390
60 198
38 105
363 375
496 513
311 539
52 139
241 286
135 162
93 101
432 598
194 501
287 557
83 295
289 319
145 451
143 205
153 515
247 248
26 170
198 449
190 285
18 429
255 303
15 319
368 546
64 450
495 551
35 276
137 428
28 586
423 538
347 529
174 390
231 368
200 384
234 328
75 482
38 297
317 354
135 360
85 140
16 383
213 223
217 468
494 563
431 532
250 445
168 178
207 548
167 463
32 403
166 549
56 162
407 502
132 175
145 454
87 364
78 438
67 399
150 353
280 459
457 481
62 533
292 441
230 423
330 444
436 438
196 298
99 543
227 486
226 443
262 382
25 434
18 361
24 240
149 566
471 550
14 390
386 460
273 333
408 482
76 422
211 219
209 537
169 411
80 597
130 302
131 353
580 591
28 232
471 536
322 424
181 369
257 497
471 483
500 570
4 12
348 481
17 271
149 453
198 433
55 387
97 501
428 435
263 278
243 350
335 378
214 411
25 83
275 303
400 446
171 420
168 370
154 369
53 348
71 565
47 48
115 163
52 394
45 269
167 231
354 578
452 545
61 502
443 513
140 478
1 200
86 245
352 508
57 182
193 205
157 459
54 303
208 236
221 514
176 533
6 189
117 558
51 568
115 273
430 561
430 556
127 529
328 525
79 501
54 483
75 291
195 532
210 269
54 255
186 508
174 241
400 504
47 406
155 347
174 203
73 285
311 491
151 359
82 512
287 524
172 443
21 425
417 419
258 408
107 513
62 205
90 385
166 343
54 455
341 474
19 439
18 437
78 436
39 127
147 285
66 512
111 530
375 562
284 374
169 283
397 491
276 377
8 558
387 420
577 586
30 192
89 507
24 66
535 544
488 493
357 532
327 342
54 394
373 403
341 412
140 317
105 254
18 342
227 542
279 446
109 564
227 369
220 279
299 427
152 277
322 592
313 418
30 340
147 190
412 559
354 399
34 363
265 555
355 389
180 412
224 313
69 460
12 210
159 289
226 468
187 435
17 466
457 590
83 214
48 448
56 178
197 367
50 464
36 479
83 95
495 596
158 552
211 282
444 589
410 588
295 569
218 414
64 368
85 478
19 248
487 552
68 477
455 462
384 391
96 249
135 409
145 524
351 570
100 561
25 458
119 150
398 462
165 466
214 278
62 118
320 399
79 527
52 275
72 532
332 343
380 537
135 334
122 342
72 431
106 467
465 581
221 411
118 254
334 360
202 438
229 508
50 457
228 525
176 193
86 238
398 536
369 572
10 334
16 498
395 570
377 461
46 88
146 248
111 246
251 463
249 525
163 463
222 478
79 194
10 249
149 492
138 287
402 490
329 583
229 307
154 486
16 319
311 474
125 316
363 415
356 437
311 579
266 552
173 441
87 134
177 556
408 583
44 271
151 565
86 540
355 559
344 391
399 534
392 400
416 434
242 409
3 59
435 498
176 202
170 480
164 532
24 184
22 409
148 264
218 584
162 437
198 575
153 290
199 527
28 156
37 55
31 331
76 542
250 458
301 389
85 188
132 244
496 528
148 270
310 547
44 218
213 574
292 379
492 566
60 386
315 395
34 160
0 24
527 587
274 579
84 339
250 452
60 575
297 469
123 365
319 498
558 572
125 465
5 115
246 392
61 67
371 596
84 225
129 333
252 447
363 548
204 235
176 483
282 467
276 572
116 469
118 436
449 500
201 519
264 270
256 521
187 498
31 406
342 429
83 349
383 498
239 466
58 296
234 583
87 441
371 591
144 507
485 555
73 546
59 195
271 365
7 531
226 277
103 200
243 423
401 486
110 155
239 537
150 523
123 252
298 468
127 262
187 428
59 294
490 516
101 449
281 371
395 397
15 102
109 512
38 116
80 507
38 325
70 167
109 345
261 280
204 484
306 547
217 298
264 439
219 282
54 139
99 390
118 576
393 503
206 519
366 588
129 503
399 582
417 505
123 447
346 352
242 305
503 560
111 240
55 547
35 369
250 405
391 531
204 568
212 590
328 329
135 305
56 437
177 295
359 521
98 336
51 309
432 563
85 102
429 437
68 339
271 324
285 314
113 421
86 535
388 406
333 364
160 363
71 192
171 310
169 353
325 335
217 528
202 483
215 340
355 412
376 466
76 597
264 461
266 324
67 354
15 85
2 495
203 290
139 303
157 492
399 504
206 465
302 337
217 405
180 559
542 586
15 479
99 149
308 427
196 458
25 416
164 166
163 333
41 576
296 506
122 124
45 330
372 537
347 426
26 489
301 341
40 100
11 358
451 454
310 312
323 585
273 560
133 440
29 381
252 266
155 586
464 466
55 397
388 554
4 142
31 388
396 573
39 544
141 379
263 458
21 331
243 487
42 369
223 406
112 313
200 444
92 227
67 320
359 565
53 300
281 440
373 430
89 382
243 266
201 216
29 255
30 256
204 384
22 268
41 125
169 197
323 511
52 200
432 560
157 540
8 117
225 388
8 189
164 183
11 552
126 555
421 465
265 485
229 585
288 579
114 408
230 442
212 457
529 544
453 459
485 499
19 377
227 577
110 586
212 473
271 571
383 544
185 402
134 415
179 189
347 375
65 374
116 143
84 554
203 560
57 354
137 535
405 528
116 297
192 488
506 509
483 536
261 315
345 564
36 144
300 571
17 481
80 236
164 343
13 275
279 595
94 380
285 287
453 559
32 189
53 481
371 589
391 480
241 432
284 482
179 305
38 205
216 237
229 323
214 263
249 360
15 188
69 222
14 592
361 370
510 587
431 549
69 289
61 512
0 66
342 370
40 434
8 572
192 518
50 165
91 349
319 435
276 369
215 488
134 207
208 486
237 519
107 161
0 512
287 314
142 541
11 587
206 581
371 440
29 47
9 521
132 510
211 333
43 308
108 546
0 345
160 375
92 542
179 429
368 450
113 346
176 550
29 223
133 495
245 459
96 360
295 461
144 188
374 408
3 329
117 276
245 540
81 227
4 580
10 409
7 438
422 426
249 334
178 338
42 577
117 461
77 494
442 457
426 597
357 467
277 443
330 384
203 598
163 273
1 7
61 407
372 446
121 278
206 421
414 595
455 536
253 254
133 596
21 80
234 419
155 375
413 548
46 547
178 361
189 305
135 242
6 8
238 544
228 506
27 96
99 241
332 450
382 507
47 407
157 245
2 275
186 235
131 169
261 389
15 144
79 199
317 594
55 306
77 241
64 108
382 597
406 448
7 394
3 499
90 111
164 467
159 435
307 508
75 114
75 419
153 497
87 129
260 457
28 155
108 285
26 531
188 594
106 251
317 380
205 254
424 592
133 553
160 573
56 361
195 431
254 576
28 110
100 556
156 577
112 224
66 534
194 224
74 326
2 213
104 482
83 148
159 575
260 386
250 416
87 393
261 453
274 474
356 429
329 431
264 295
344 480
240 530
148 214
289 460
128 222
128 319
365 584
161 342
351 397
206 346
139 275
15 128
6 403
100 496
37 306
281 593
79 244
211 364
8 22
177 349
366 410
200 551
283 353
112 199
68 326
214 541
231 251
326 477
429 430
33 206
90 530
449 575
200 330
310 313
259 268
282 357
119 517
162 356
168 404
23 575
373 556
339 440
376 595
71 488
100 124
28 58
129 364
36 507
358 510
425 507
516 584
290 515
0 191
17 595
212 312
402 476
58 506
487 527
39 383
465 489
126 485
5 557
267 517
343 374
284 408
202 394
219 364
527 538
246 582
334 409
495 553
164 549
344 531
261 559
42 567
210 591
74 154
393 494
268 321
321 506
89 127
158 252
276 558
185 476
29 406
58 232
53 350
39 529
268 409
589 596
375 573
47 398
467 532
257 290
39 89
319 479
492 540
105 335
132 501
181 577
53 442
53 230
225 554
249 328
298 452
403 569
120 236
226 513
420 547
434 496
17 464
130 337
218 446
126 441
35 477
28 321
186 323
347 422
339 593
542 597
266 487
177 373
389 412
235 391
255 462
354 407
374 549
445 452
107 122
14 412
177 403
208 554
312 547
455 483
88 306
134 494
19 136
137 544
95 148
162 410
188 331
436 489
444 596
32 373
418 420
87 494
104 291
47 448
85 594
182 594
331 448
393 560
160 396
104 284
233 391
20 488
142 214
95 264
27 410
405 496
487 587
202 436
275 551
323 484
170 465
90 402
318 323
394 483
98 574
52 103
98 213
231 456
307 318
161 427
255 381
32 430
236 554
146 593
122 161
368 456
205 253
327 370
376 537
163 167
69 466
288 412
171 418
245 535
236 401
218 516
364 379
363 413
424 497
60 473
96 419
449 459
173 485
457 464
85 317
293 421
195 555
386 466
329 408
390 592
2 13
159 319
68 593
196 452
44 595
12 514
439 461
196 470
413 562
328 583
94 537
21 120
45 589
120 388
59 431
438 489
84 208
51 511
301 412
107 299
350 571
116 345
131 514
270 541
0 304
20 30
23 60
268 567
251 282
126 173
44 584
446 522
133 371
94 239
316 475
21 31
228 329
26 344
372 400
9 518
51 517
29 462
442 590
93 449
279 414
72 549
184 240
75 234
142 270
198 500
130 443
409 599
166 374
244 587
174 286
324 350
57 317
146 371
144 425
66 67
515 592
433 500
215 475
86 562
378 475
126 141
41 316
21 507
34 415
182 448
234 408
13 303
19 247
158 358
124 561
288 474
81 586
11 487
352 421
387 491
387 547
35 154
24 191
115 451
342 430
458 470
346 421
183 526
44 414
121 367
68 247
86 413
196 445
457 473
136 248
35 74
267 523
165 464
209 380
186 484
384 568
131 221
302 443
117 377
385 472
28 573
27 505
207 566
295 349
47 502
149 157
250 545
513 528
4 270
149 459
318 517
415 548
130 172
263 470
408 549
82 471
444 551
266 350
112 527
37 397
49 260
153 424
348 442
259 369
149 559
51 384
119 267
65 291
5 451
193 550
118 205
416 496
231 526
440 553
245 575
60 433
105 576
175 510
65 284
114 482
278 470
293 508
69 386
12 580
238 529
312 590
410 417
209 504
79 132
208 401
245 449
403 461
45 210
550 564
130 152
567 577
351 395
224 418
142 221
207 540
233 531
74 477
62 193
225 336
93 500
18 370
258 549
3 265
139 394
184 362
59 265
72 164
12 517
222 289
428 575
243 527
140 380
106 231
46 306
141 357
235 484
126 292
144 331
101 261
282 379
503 48 263 98 408 272 129 217 434 100 238 26 573 170 537 524 347 376 125 501 127 65 2 524 533 215 422 259 579 97 371 78 417 308 36 588 130 6 196 452 544 481 162 586 278 152 178 262 585 128 489 280 428 333 566 545 36 426 245 256 104 211 516 191 435 491 442 354 77 538 55 531 52 323 94 342 222 190 275 71 582 107 562 468 508 65 254 395 556 317 413 240 92 147 133 238 324 80 142 587 207 274 455 434 437 359 333 183 569 580 50 268 155 249 585 555 598 348 481 290 197 589 537 123 32 506 397 294 483 364 5 361 556 330 314 540 548 149 57 361 190 347 370 53 171 91 233 553 391 381 519 525 238 70 415 28 339 16 461 163 478 81 109 125 214 12 170 390 182 417 565 348 449 433 339 144 574 350 25 55 231 394 412 13 252 1 228 387 505 80 346 89 571 179 233 162 478 229 114 396 150 464 225 401 397 138 307 143 283 568 119 362 92 448 299 278 363 357 327 158 127 419 474 371 366 256 353 83 582 178 107 542 186 209 509 250 408 482 471 178 365 202 357 463 571 1 198 540 330 320 360 432 440 60 538 206 96 131 65 239 204 590 593 243 336 424 251 456 443 464 517 14 242 362 460 329 134 537 421 505 501 452 571 478 121 587 359 206 329 478 503 74 352 558 45 178 355 417 291 239 482 61 348 403 315 551 396 188 508 496 145 199 59 15 241 108 304 471 526 281 515 328 37 571 542 335 331 280 523 92 96 142 323 441 463 48 419 49 102 154 180 396 346 112 22 125 204 583 372 217 424 36 53 19 231 258 247 364 466 570 429 291 336 579 191 326 494 262 72 60 551 149 130 217 111 104 509 382 588 161 414 41 189 449 332 194 386 381 289 142 306 268 552 263 190 247 594 424 29 54 483 141 453 34 18 448 173 466 452 247 231 583 21 105 255 59 510 379 228 544 290 560 486 134 209 489 226 225 363 196 126 343 315 258 312 325 282 263 478 204 588 449 91 426 437 589 100 10 94 272 110 482 489 120 517 591 449 548 165 54 127 501 469 279 315 226 234 518 161 328 144 308 76 232 236 412 319 203 229 150 580 552 70 257 69 257 444 137 242 381 101 158 14 140 585 312 152 345 418 437 237 288 256 532 518 221 555 238 106 591 405 564 389 420 408 93 85 430 39 499 165 27 216 382 135 548 10 8 381 17 212 44 409 438 102 271 505 109 55 316 574 237 250 350 503 35 350 380 578 462 59 168 519 568 47 25 160 448 335 98 188 173 298 192 501 285 124 215 322 377 593 581 310 234 176 206 92 428 2 162 75 45 482 378 451 396 185 371 367 17 569 37 83 119 110 436 316 526 213 310
884 550
693 772
616 673
181 441
443 820
130 89
303 707
725 772
261 653
929 956
179 543
953 123
491 875
622 633
407 30
629 361
562 353
838 265
109 726
407 672
940 854
561 475
276 617
620 222
924 521
277 862
771 793
84 604
320 435
679 582
889 877
604 516
227 714
833 889
335 299
399 625
560 398
643 60
954 681
485 366
232 806
846 784
311 525
19 897
921 267
538 801
702 126
722 535
737 497
679 216
735 235
591 882
666 737
829 169
698 640
673 49
72 664
733 463
244 455
183 407
649 178
824 518
860 689
636 912
17 141
2 362
869 514
816 472
472 616
728 293
111 154
961 898
123 339
47 89
417 575
32 485
430 444
364 164
812 759
901 30
498 461
387 489
798 585
299 833
510 594
700 389
439 284
275 222
693 90
519 387
968 423
244 854
458 482
547 162
752 334
336 796
102 550
961 9
563 594
386 112
189 823
513 191
659 376
636 721
28 400
947 764
88 201
81 884
13 101
836 580
356 440
929 427
834 37
728 976
71 494
184 96
932 603
334 690
875 718
485 938
543 504
334 932
97 836
938 207
130 840
841 850
224 322
444 381
630 328
234 180
12 975
437 939
953 60
533 724
334 205
176 605
416 715
521 268
109 26
691 679
736 402
175 294
426 847
895 651
590 414
141 6
462 681
24 0
366 793
430 161
462 992
998 978
84 976
251 35
380 599
364 409
307 463
443 199
995 161
632 269
325 357
71 807
110 635
171 124
97 299
775 249
63 335
120 122
33 751
380 954
781 830
751 55
48 974
282 324
327 60
998 52
799 653
235 760
23 690
168 698
423 95
367 540
672 488
58 285
941 490
967 336
695 941
566 265
650 420
242 684
1 34
958 531
925 892
830 652
877 12
154 375
264 948
334 980
611 177
868 60
630 766
830 948
790 711
287 91
676 878
902 685
796 901
389 226
494 548
789 379
526 834
189 179
735 155
585 627
375 842
966 822
871 968
177 928
930 336
181 238
877 330
417 907
693 333
631 559
805 0
588 572
127 955
401 532
175 483
618 990
816 131
79 167
262 425
656 791
71 528
700 901
484 497
821 981
471 293
793 305
908 492
347 115
222 624
886 123
914 60
507 235
883 437
434 656
442 739
147 550
215 922
127 189
989 217
944 727
899 759
667 627
892 930
213 17
109 420
309 583
725 197
503 145
498 409
335 861
354 752
215 395
931 176
521 960
260 568
499 807
414 792
892 241
753 676
220 108
489 15
656 691
353 638
125 990
334 891
908 312
485 177
494 673
130 224
375 986
55 418
22 62
370 82
61 0
449 45
662 319
238 69
1 432
241 286
674 966
191 367
317 770
205 467
962 623
211 989
49 894
853 193
523 75
56 927
669 657
948 575
195 663
642 102
570 998
3 834
559 875
786 95
528 3
750 102
783 38
53 50
557 115
878 845
760 430
553 945
596 337
843 458
271 500
364 17
625 941
904 208
993 671
448 584
40 813
126 500
151 447
579 829
638 470
8 267
207 145
184 575
984 708
534 619
8 941
3 725
518 651
905 819
491 66
108 796
21 312
735 814
885 620
777 971
414 350
791 193
278 803
888 179
599 82
698 996
428 987
780 466
488 116
136 691
152 274
984 133
966 935
137 594
68 703
996 516
366 287
224 218
954 251
4 592
289 974
53 146
342 567
63 750
491 747
830 365
207 739
65 380
381 359
833 307
364 668
987 759
196 269
763 362
650 591
525 424
511 337
650 823
992 453
693 247
660 10
572 537
524 110
402 70
704 853
905 399
287 162
732 715
553 76
277 390
593 37
725 576
831 424
868 373
462 518
948 396
261 732
3 758
167 890
648 525
781 502
72 446
235 594
50 615
388 879
463 91
407 266
891 285
314 237
203 892
25 564
750 13
33 522
694 11
743 939
398 411
849 129
294 24
591 449
467 406
52 855
548 237
148 729
176 758
148 405
309 126
652 132
202 862
601 288
843 754
108 669
763 760
368 717
497 706
284 284
780 158
85 946
589 771
249 915
905 360
1000 257
707 508
562 196
12 191
157 43
224 954
467 153
176 9
730 624
73 112
761 186
291 899
486 211
661 282
321 733
702 607
160 191
807 248
767 868
764 290
111 261
156 991
986 573
300 937
794 615
967 470
699 175
525 45
929 795
967 369
431 613
725 350
597 375
739 851
835 224
28 447
760 639
674 917
247 347
442 548
925 136
990 885
804 802
998 356
609 7
412 191
990 841
291 196
567 690
151 863
243 1
578 311
231 423
578 156
921 5
780 539
246 144
810 401
63 576
239 486
555 431
651 993
217 509
986 98
569 916
820 551
106 908
459 898
283 53
993 313
515 916
923 925
788 934
6 230
934 988
843 336
526 1000
91 0
155 508
54 232
856 98
134 896
470 325
928 461
693 821
152 323
832 713
873 484
480 261
751 600
800 350
811 78
565 0
435 240
396 818
423 486
395 147
502 306
194 957
38 118
713 63
353 249
111 379
833 611
590 713
959 156
537 693
523 539
193 319
202 794
102 58
307 662
436 128
256 110
158 801
394 326
336 151
860 639
999 928
375 194
268 537
618 864
285 760
608 127
871 217
314 620
313 391
563 655
589 218
876 783
338 506
794 428
457 2
472 844
815 865
865 403
120 466
961 289
600 963
359 472
919 97
23 649
559 774
778 125
461 784
335 28
468 648
692 421
864 301
568 738
468 437
328 90
222 545
