600 1185 600 925 9
558 584
34 403
23 48
428 587
141 241
128 379
29 145
368 512
175 336
405 414
42 359
219 500
78 451
30 170
432 510
21 563
309 472
172 309
275 486
9 254
128 269
316 344
214 215
332 427
356 540
170 442
411 439
167 433
27 369
227 351
271 364
94 421
331 568
249 505
199 507
222 403
38 373
38 371
61 217
296 421
246 290
73 379
42 151
247 456
239 579
35 51
41 326
2 87
18 419
67 357
419 483
427 597
192 276
90 181
468 584
204 441
84 333
154 491
166 581
37 163
0 515
176 361
162 460
156 269
126 459
313 591
83 216
422 576
182 560
117 456
11 500
178 524
86 348
67 146
91 504
279 477
259 360
166 267
78 526
473 500
16 527
25 67
139 169
30 381
127 362
481 560
199 516
412 417
219 314
338 528
28 398
63 444
230 523
16 90
237 433
144 475
504 505
19 548
270 591
19 307
52 254
459 545
469 573
62 505
171 437
93 248
261 575
126 550
300 546
262 267
45 495
283 339
436 517
131 248
35 170
113 390
270 486
385 529
106 590
25 140
205 445
241 278
230 340
156 563
423 517
209 214
187 469
157 418
129 485
71 585
177 222
171 599
155 327
251 332
206 566
315 560
293 540
76 414
237 297
119 151
343 563
101 561
290 302
359 375
280 326
66 520
291 387
124 292
136 545
30 521
386 543
548 570
33 492
262 365
1 74
203 254
428 531
25 120
322 481
110 407
48 132
294 586
334 512
33 216
164 215
55 280
206 279
416 494
52 437
385 417
424 584
162 306
103 404
36 400
339 406
17 413
50 422
121 246
48 118
150 557
282 445
423 478
172 472
101 286
346 502
59 305
15 398
27 89
242 246
151 363
137 177
221 567
259 353
415 522
54 415
201 259
393 408
348 439
143 479
326 474
493 531
147 248
173 254
89 574
343 470
341 509
19 547
0 383
346 553
482 544
97 202
133 453
205 442
299 458
108 167
12 336
110 412
423 566
310 508
51 543
69 299
76 394
183 224
203 387
199 247
160 548
44 114
93 224
412 498
455 468
344 462
49 416
119 310
297 406
308 377
395 493
111 324
134 295
101 132
183 300
382 532
18 333
152 358
107 581
292 527
94 371
12 355
206 423
149 509
79 598
199 463
104 281
484 528
6 385
189 567
168 285
462 579
338 484
360 499
336 456
153 291
109 506
71 268
92 344
130 470
429 449
296 589
521 564
13 253
204 592
245 573
46 118
50 250
12 379
366 485
276 551
273 453
160 547
178 198
145 184
148 501
114 234
71 321
373 430
265 549
60 497
87 513
269 563
434 503
155 584
118 389
192 533
58 493
270 297
161 301
99 542
340 556
342 516
95 457
200 540
214 576
77 338
129 312
41 241
109 531
55 326
278 326
97 553
36 356
374 495
66 548
70 431
39 224
52 599
306 489
256 449
260 445
392 594
365 581
144 529
187 245
2 312
24 334
174 355
372 445
152 518
90 599
218 245
337 371
166 415
485 591
401 446
431 488
254 480
126 545
363 577
77 246
102 222
284 490
178 502
162 437
9 52
218 359
102 389
460 515
353 362
541 593
203 480
195 544
92 294
451 526
42 508
185 361
178 346
95 511
1 62
201 362
412 509
174 379
78 389
173 203
92 112
390 546
241 347
126 318
248 501
256 521
339 366
334 598
284 301
246 302
412 464
561 594
110 341
319 440
14 294
152 355
341 506
166 262
34 565
67 416
168 284
81 587
168 594
71 446
308 479
80 285
55 598
25 85
301 490
42 245
53 77
169 350
193 588
304 472
333 569
220 427
63 86
407 589
85 184
202 288
425 431
243 394
49 470
101 594
171 186
27 528
141 223
247 507
555 591
104 223
328 565
105 152
384 525
315 481
221 370
514 593
123 136
342 467
474 501
27 574
253 534
244 573
403 481
370 565
369 572
159 345
128 287
387 480
299 576
60 213
283 312
409 555
73 378
135 346
381 557
538 575
318 469
336 525
29 343
470 513
381 543
437 599
70 425
372 408
363 582
163 265
379 595
76 243
65 79
364 369
401 581
102 560
223 345
210 553
3 487
255 287
101 154
175 456
543 557
185 396
135 468
230 585
313 485
18 554
75 370
78 490
283 391
193 308
151 577
378 541
457 492
555 569
149 464
308 436
69 209
109 341
46 392
253 353
161 279
484 535
62 74
278 501
253 450
63 216
336 507
341 412
23 102
139 503
61 251
272 434
220 224
363 440
285 432
330 518
284 559
113 546
290 441
344 430
473 590
3 231
90 171
93 183
356 400
72 473
286 307
113 555
188 264
185 293
229 400
38 331
76 405
241 539
447 572
83 421
8 228
68 188
236 324
347 498
44 449
424 558
132 197
57 96
47 536
196 248
78 301
41 223
210 524
21 115
145 255
134 196
9 173
447 465
32 556
113 452
348 444
161 206
179 492
7 482
50 143
127 499
312 330
577 582
233 593
117 185
163 211
167 487
329 540
94 373
91 323
160 212
190 209
204 291
162 171
459 552
29 255
332 597
448 485
303 373
135 502
145 388
262 550
258 339
181 292
2 513
322 560
262 318
532 542
299 349
366 448
45 256
117 325
108 232
275 591
123 545
156 330
452 569
235 454
67 494
347 539
282 578
452 496
52 480
303 589
24 65
445 585
206 588
452 555
395 531
369 535
103 265
157 172
220 454
103 334
133 556
169 396
510 542
477 567
14 586
134 188
251 298
35 543
301 382
343 513
139 352
394 419
336 355
53 179
18 84
391 518
25 494
194 241
466 488
157 261
212 571
283 448
383 515
43 437
351 367
349 422
496 546
58 395
125 427
180 544
326 368
272 406
268 556
274 519
147 194
134 438
94 296
16 420
410 472
258 283
429 521
221 477
41 278
42 119
141 348
83 475
127 360
191 388
6 529
227 266
239 491
184 255
158 586
367 538
133 340
203 204
5 252
153 592
261 562
22 454
168 559
112 285
33 457
191 470
408 442
354 590
217 332
382 566
272 503
29 287
330 391
317 532
236 596
541 595
27 179
139 258
375 401
185 358
276 530
155 519
40 430
244 318
8 162
359 578
440 445
371 568
198 431
1 18
389 451
95 337
466 499
21 29
16 480
371 421
314 354
153 387
13 103
242 290
328 567
378 379
346 402
65 580
25 357
397 526
368 598
16 181
181 186
542 586
205 260
235 470
114 521
75 177
463 595
2 129
321 581
133 138
192 400
43 52
70 580
32 133
226 333
32 547
26 280
52 426
283 330
336 384
106 287
13 127
358 525
167 237
41 281
148 584
98 100
197 367
345 497
7 98
320 543
185 551
88 157
226 238
193 567
430 462
405 491
419 554
444 465
199 595
275 409
81 239
169 518
9 426
337 426
235 300
41 104
107 321
19 286
258 503
227 268
85 120
221 328
50 479
207 286
27 338
480 599
105 252
158 532
148 468
192 399
107 365
159 281
46 168
400 533
53 511
129 313
202 210
215 583
232 237
117 311
17 91
147 295
182 367
203 302
147 501
34 177
390 555
502 580
324 596
510 586
403 410
476 537
436 479
20 63
13 362
14 331
149 531
492 511
107 418
324 572
271 369
444 572
268 277
140 357
442 523
258 391
232 272
414 433
68 505
143 165
387 420
498 539
370 526
139 518
441 592
294 373
248 295
78 559
54 166
23 182
478 566
231 571
169 358
2 563
351 575
37 265
7 378
237 419
173 302
229 564
339 448
325 530
449 582
188 452
87 313
329 396
137 565
321 401
8 158
160 273
320 386
279 588
7 219
579 587
32 197
8 383
444 574
262 418
101 118
158 383
226 569
115 287
130 191
284 285
16 387
142 578
15 200
104 345
88 261
91 412
252 518
520 570
244 552
468 558
204 387
31 165
128 174
301 566
471 482
243 428
163 213
171 306
98 471
176 525
275 569
362 450
111 364
341 407
49 454
545 550
57 133
0 478
8 437
256 374
87 129
29 388
38 568
28 356
240 516
47 540
138 273
37 103
72 120
10 231
93 131
383 532
479 489
21 343
84 486
121 242
47 200
321 446
73 128
83 457
232 406
100 180
39 300
80 542
43 568
31 489
425 534
268 321
13 334
371 373
169 329
399 564
446 578
60 439
377 479
266 351
62 238
186 190
203 441
291 592
66 167
414 570
418 476
416 461
93 148
489 515
97 210
172 481
183 438
350 352
199 379
491 570
82 293
264 295
36 533
30 56
242 484
198 524
483 486
17 241
289 435
316 462
24 79
350 536
151 245
192 530
186 292
142 282
44 429
358 384
37 497
142 310
125 274
403 443
380 427
187 522
251 288
79 334
305 372
136 304
257 515
490 559
56 234
486 554
64 337
134 264
221 279
274 427
69 165
270 406
222 451
359 415
324 364
110 144
302 511
442 445
427 454
0 517
232 297
201 353
53 338
211 265
199 233
345 439
82 185
40 506
538 560
32 138
177 370
154 435
553 558
0 532
231 487
59 582
194 295
385 498
4 232
120 140
8 586
130 494
313 555
245 359
44 59
72 184
249 504
323 504
302 441
267 318
439 596
73 287
65 280
250 377
181 527
297 486
19 491
116 538
189 193
266 277
95 492
161 566
2 343
138 453
208 422
97 335
264 413
119 363
261 321
22 217
513 546
66 212
91 413
95 302
277 321
348 465
112 316
398 540
314 473
358 396
37 213
117 361
200 536
352 434
155 335
314 500
159 334
56 521
369 484
92 432
178 402
22 597
159 497
7 541
112 432
317 382
470 546
309 418
83 144
33 83
343 388
234 521
304 309
40 303
153 225
152 169
328 370
244 469
45 374
51 320
39 220
349 458
276 325
318 550
449 577
231 320
55 79
46 559
39 454
413 504
270 485
99 432
341 531
217 461
249 464
224 519
210 402
58 149
229 356
264 505
246 484
318 459
165 422
73 590
228 437
167 520
19 570
95 173
227 277
124 190
77 511
28 540
5 269
200 398
59 449
436 489
212 273
253 334
166 365
18 58
263 409
104 159
216 529
118 392
125 155
63 529
309 476
200 381
249 412
438 452
28 521
12 174
72 590
32 132
32 227
257 460
194 264
110 417
209 299
34 137
213 439
379 541
49 130
259 425
428 493
69 186
55 65
261 277
282 585
410 443
240 467
369 574
10 487
64 568
409 569
227 556
217 298
233 240
258 272
316 579
48 389
25 145
172 315
67 461
334 534
404 497
96 320
3 232
64 426
465 572
335 380
386 557
188 438
121 290
296 303
360 362
61 146
152 252
122 192
306 460
356 521
102 322
89 179
35 57
270 275
312 448
37 404
109 430
463 593
297 483
348 411
244 459
324 376
135 455
509 531
305 393
217 416
110 385
31 186
446 585
82 329
192 551
311 42 151 76 337 196 127 493 366 310 4 205 274 500 504 529 132 570 257 216 63 317 372 188 53 375 308 195 392 420 188 398 275 86 185 254 416 512 79 255 107 490 532 21 591 237 510 248 103 46 216 597 14 248 463 585 558 442 150 139 446 485 469 349 61 172 366 364 446 176 427 502 570 488 485 470 14 532 235 225 104 496 24 415 504 568 190 104 579 246 401 215 145 528 245 127 475 1 536 217 189 284 371 232 252 383 537 409 393 374 473 67 127 419 282 365 190 67 253 302 571 77 522 262 438 362 245 136 166 12 61 56 481 158 463 545 190 329 348 491 106 488 307 459 180 310 431 104 284 318 233 266 471 508 189 378 215 263 274 570 74 549 576 82 66 448 79 348 72 101 11 387 535 41 135 535 4 405 468 266 60 333 25 468 29 4 118 87 396 574 10 564 299 105 211 464 129 274 122 258 73 568 106 52 16 168 406 41 256 508 514 227 430 469 558 455 589 197 464 342 550 88 580 360 227 154 458 329 250 30 426 540 457 339 539 238 257 190 384 427 362 26 546 2 204 386 124 398 322 86 143 11 312 437 476 49 560 179 243 18 590 424 157 591 135 549 335 50 599 521 467 477 590 478 118 312 524 287 379 578 103 124 252 145 346 383 302 499 175 481 184 556 132 247 219 335 587 255 12 518 593 155 177 66 283 334 231 47 109 68 448 263 389 59 414 189 202 458 465 459 39 178 93 436 53 332 398 121 154 228 103 487 577 210 420 339 472 328 174 342 313 144 263 420 503 590 452 448 171 201 578 114 27 291 307 120 272 252 171 136 197 474 211 480 410 123 39 204 230 397 136 53 505 152 32 486 292 240 577 554 344 4 50 128 420 548 453 456 130 561 556 513 26 333 53 517 38 98 20 58 595 193 585 220 474 359 328 286 218 105 455 517 368 76 554 151 369 296 202 53 401 35 116 118 255 581 429 290 45 343 230 414 216 565 480 268 295 358 346 304 93 205 494 44 430 535 201 40 582 94 95 336 266 552 436 255 292 550 125 201 278 32 80 529 513 449 310 314 56 488 203 160 394 585 343 565 317 556 14 221 519 128 253 340 538 458 231 422 120 185 418 217 378 141 227 178 558 317 292 71 247 245 366 496 65 384 174 417 168 214 298 329 551 461 257 29 253 499 510 373 459 345 8 482 25 595 124 87 494 558 240 292 471 119 590 168 550 158 236 281 103 489 209 207 222 595 232 571 256 492 587 225 16 32 240 119 220 126 286 296 386 57 213 40 240 355 309 38 7 41 490 285 83 235 134 293 576 84 139 288 283 595 513 356 352 261 16 130 545 172 10 101 366 590 266 220 348 597 263 181
146 719
594 547
794 370
501 345
534 347
770 255
585 762
899 112
225 733
333 850
429 358
985 187
786 167
836 955
325 701
481 208
264 933
655 710
527 539
339 423
611 821
835 329
922 480
195 419
913 835
934 350
894 761
530 912
483 135
867 313
445 176
128 875
265 382
527 837
14 436
403 206
542 109
761 919
350 716
837 524
405 694
742 781
182 37
281 767
332 34
418 13
199 518
530 171
197 455
864 467
22 785
423 231
265 824
467 876
141 135
837 805
424 145
347 267
534 575
304 48
725 918
992 445
614 571
573 838
312 796
885 795
416 401
957 390
663 558
102 899
969 818
255 253
960 232
881 195
569 592
77 500
431 516
441 893
120 532
873 822
221 624
400 537
597 148
494 799
589 494
942 301
639 811
746 382
119 282
556 862
213 875
618 675
337 628
794 573
394 757
419 811
394 284
949 655
919 62
273 637
923 14
278 497
120 437
811 907
734 826
731 226
900 237
106 215
505 390
433 596
532 728
587 980
326 574
760 457
401 71
827 297
147 333
638 92
182 483
228 63
1000 281
402 981
521 0
17 167
152 986
915 608
23 109
852 985
844 216
697 357
883 424
789 628
254 424
311 310
728 588
861 734
17 198
13 468
319 374
627 278
979 335
663 787
224 136
84 801
516 775
900 302
999 388
748 677
834 655
501 610
512 287
213 7
690 227
296 991
312 511
887 639
756 314
86 279
234 700
771 836
360 379
107 582
188 807
773 967
30 973
91 837
108 138
456 396
214 549
623 210
372 176
169 839
51 302
385 837
770 197
758 112
704 120
48 474
956 757
500 879
975 6
213 915
158 408
805 537
939 260
601 110
176 887
102 39
704 563
46 653
145 937
886 371
575 42
63 681
706 685
983 96
746 615
223 406
986 793
822 71
528 215
926 943
997 614
339 912
340 946
308 158
106 622
287 440
38 817
99 941
970 686
733 1000
396 358
722 952
64 949
84 990
541 801
941 458
133 57
934 118
870 542
29 569
75 434
715 803
833 569
225 984
669 526
254 348
240 771
502 74
300 208
457 324
546 405
829 1
400 117
836 450
643 976
494 461
639 538
356 544
788 21
696 738
432 979
465 519
26 45
149 20
439 926
804 110
806 664
582 623
3 741
983 513
723 265
878 898
305 884
890 268
381 10
177 759
611 327
931 906
322 187
162 287
82 159
651 464
693 608
805 954
200 324
78 100
250 290
781 282
610 416
528 992
587 349
362 335
891 584
609 470
621 44
210 275
756 739
58 610
856 776
760 807
240 166
641 332
173 575
233 595
307 462
856 251
989 565
272 563
375 994
319 967
189 954
569 135
330 664
726 641
461 735
565 432
979 476
62 909
813 495
141 579
400 900
425 730
4 243
310 84
140 826
341 477
58 731
32 252
198 117
695 53
726 317
719 420
932 161
85 320
359 578
199 658
59 73
250 93
424 279
197 244
100 404
607 647
619 993
647 19
809 788
841 625
0 550
569 181
683 299
306 724
955 523
621 505
849 875
945 624
741 146
362 809
478 905
625 373
301 265
468 663
731 44
825 366
371 644
698 848
923 720
622 715
663 841
60 877
585 237
218 362
543 267
905 919
916 187
725 183
509 111
977 366
651 165
162 112
949 966
672 100
891 963
258 46
560 995
109 185
638 406
187 384
816 825
539 960
48 518
355 754
336 99
371 686
451 20
165 156
702 995
22 703
871 153
841 162
961 557
504 232
166 637
176 726
683 190
563 719
484 298
300 940
891 330
152 483
765 427
659 270
242 493
368 97
470 482
494 577
601 183
80 568
476 174
527 37
535 67
195 199
974 718
37 409
768 882
391 497
584 391
466 699
370 130
697 466
46 374
642 889
557 648
674 650
418 483
124 94
917 415
566 683
82 236
508 499
262 971
447 783
23 847
104 696
909 665
936 853
302 828
932 563
445 557
366 38
415 625
966 872
312 613
469 427
559 327
313 543
89 751
235 807
743 561
691 881
257 129
368 932
345 145
3 390
591 889
270 171
235 227
646 924
664 372
308 14
862 929
107 494
714 528
350 302
881 502
833 720
725 89
487 830
29 892
2 72
147 793
965 425
388 610
851 37
538 620
614 923
999 969
744 16
859 704
59 32
859 399
938 40
7 317
948 198
797 721
487 756
55 212
28 615
137 666
28 756
260 890
75 381
932 89
537 463
468 965
684 403
575 463
475 368
985 927
120 782
148 547
345 514
457 836
492 548
919 377
486 15
751 516
723 889
599 733
934 997
974 141
761 708
924 767
596 301
642 644
640 600
424 661
821 135
178 84
504 655
302 642
426 867
818 855
798 402
896 3
148 761
782 60
109 729
643 237
846 596
437 438
450 79
98 75
339 233
988 744
674 142
89 529
235 935
504 945
585 798
562 0
472 624
185 698
567 74
906 881
459 995
557 216
46 169
160 365
634 774
512 146
878 70
279 673
454 264
999 52
0 134
788 465
301 400
378 407
823 996
30 139
598 67
13 12
933 687
556 497
728 466
280 306
494 260
893 697
166 523
106 358
284 526
110 244
784 340
470 48
1 503
140 617
16 644
314 765
694 499
383 436
419 319
625 952
77 8
556 896
186 351
30 922
243 5
195 150
385 564
933 801
155 200
269 19
122 970
867 665
261 205
261 729
413 575
83 640
434 699
931 222
688 438
333 1000
897 34
255 526
848 86
675 965
926 513
846 836
227 843
