600 1003 600 1130 6
170 570
35 399
2 405
286 367
372 460
344 535
14 468
237 397
231 580
310 586
38 280
159 598
269 358
425 518
26 354
215 316
156 479
209 581
235 437
197 329
30 140
343 542
274 562
399 587
166 303
48 397
262 450
291 390
478 583
278 296
66 532
249 356
92 147
199 572
173 324
364 405
22 229
344 400
267 379
415 461
360 420
337 461
40 510
361 532
26 577
118 523
84 566
277 403
431 596
38 312
57 418
32 256
113 271
192 263
263 436
92 521
327 337
409 548
202 204
166 197
203 292
85 555
471 488
274 295
255 553
374 386
65 178
262 573
154 294
396 566
115 366
82 398
261 315
340 409
125 169
154 376
44 374
86 481
137 438
174 534
188 480
328 564
89 426
339 492
50 434
118 365
287 505
314 586
284 561
36 336
314 505
168 459
346 395
184 484
16 559
54 439
149 330
143 427
69 496
483 577
237 363
37 353
276 379
398 541
206 306
85 284
209 464
20 499
369 372
240 357
69 486
315 496
96 257
259 297
127 587
290 432
432 570
178 210
244 587
66 77
220 272
2 106
244 399
56 359
287 347
485 523
312 438
55 502
134 153
217 553
185 296
271 350
350 573
140 522
263 493
40 376
538 598
150 267
299 480
278 544
121 459
470 548
250 498
167 445
156 498
153 310
524 547
474 553
209 329
180 571
114 360
229 344
245 460
140 262
222 573
170 447
319 557
12 576
131 423
46 242
224 374
35 389
51 533
129 499
191 224
104 122
374 589
107 182
194 265
214 550
90 518
181 485
66 207
404 561
397 550
413 591
178 454
66 597
222 262
41 291
267 526
57 200
9 293
162 240
61 151
160 591
189 528
106 530
318 408
21 41
146 317
43 540
32 564
45 466
27 383
256 573
64 156
275 326
355 412
198 290
110 512
15 432
372 390
360 447
55 364
63 67
147 469
101 259
447 563
92 487
49 265
273 290
152 486
172 227
367 544
316 551
343 593
268 381
410 488
456 538
100 549
122 431
294 322
288 428
208 318
130 441
490 599
171 474
115 499
140 469
210 547
35 91
501 597
374 446
245 369
338 353
90 593
199 565
355 562
131 307
255 380
20 439
9 405
184 554
500 517
85 379
280 444
148 358
90 579
193 441
444 496
248 508
411 483
17 151
105 254
433 465
103 267
210 458
324 351
85 102
284 403
119 435
234 336
83 487
38 444
338 551
3 502
332 486
70 539
116 508
113 469
13 99
236 379
292 300
33 153
135 380
253 446
69 395
168 567
220 335
407 424
114 420
20 491
500 557
283 572
205 373
392 578
68 77
367 523
281 494
12 520
39 297
22 386
53 295
412 457
20 428
144 564
164 533
187 300
21 326
286 599
274 473
182 258
422 506
429 531
239 431
388 474
384 452
127 204
6 278
353 538
31 527
436 566
180 590
319 517
128 492
143 491
588 598
92 491
38 137
536 597
111 318
40 98
441 548
138 159
319 500
33 440
237 550
32 202
43 548
144 393
359 581
157 569
15 583
108 303
145 172
209 407
16 497
122 546
78 291
62 518
259 402
345 530
208 217
282 552
481 558
20 104
242 351
31 147
349 386
533 565
57 390
122 288
43 488
258 539
45 183
134 586
124 182
84 289
507 582
361 418
50 180
68 532
389 525
221 468
259 366
154 285
242 324
71 168
342 585
179 436
272 429
240 519
40 509
65 565
297 495
219 525
311 529
15 198
224 435
371 539
523 577
360 511
234 359
418 515
542 579
368 571
273 513
187 314
96 211
392 545
52 572
201 246
363 397
56 531
147 527
215 387
146 261
202 309
203 518
120 180
158 232
52 283
139 349
330 396
108 389
19 464
397 568
157 340
119 191
77 356
27 189
281 403
329 581
520 576
215 429
441 520
268 463
196 275
281 284
189 594
221 590
166 329
230 493
179 462
136 588
261 279
126 496
85 404
264 442
8 303
422 494
46 305
382 478
6 318
230 266
370 557
19 365
79 469
198 432
192 436
401 486
44 589
378 525
16 377
50 95
86 225
545 578
127 244
123 161
165 214
81 288
63 266
101 297
337 415
4 293
119 224
48 473
22 64
132 367
10 276
221 279
99 381
486 496
101 271
332 496
18 533
34 208
206 557
61 302
327 542
10 379
111 112
123 344
0 123
479 498
282 582
400 421
82 541
107 124
365 485
272 324
372 515
64 478
333 437
144 398
132 523
171 511
77 444
196 277
336 429
442 505
461 466
132 544
126 321
230 425
9 366
197 503
64 386
390 438
170 273
249 435
163 333
282 323
50 328
359 483
256 450
98 558
225 322
233 239
270 560
10 150
454 547
66 465
266 425
34 380
305 425
416 528
488 540
277 373
109 361
31 149
292 493
419 514
42 437
436 462
74 251
171 352
96 592
15 513
52 529
152 395
377 407
23 395
97 591
352 419
329 359
14 213
207 249
360 563
369 458
84 330
272 531
223 459
94 136
153 586
76 468
163 437
124 183
391 473
167 521
96 208
62 182
410 471
77 301
17 529
317 580
67 159
480 594
460 533
365 523
322 557
194 271
60 380
35 166
294 557
199 533
384 542
21 284
221 571
59 458
253 381
65 454
532 597
88 123
250 479
244 571
188 276
110 287
238 480
453 520
299 492
266 493
384 437
45 252
278 408
394 574
358 497
299 467
80 410
162 445
56 577
212 540
480 492
197 209
266 551
195 376
216 585
237 504
233 550
71 223
75 297
308 449
184 352
141 438
165 251
239 323
201 291
107 415
158 283
137 141
35 503
271 304
404 467
94 598
406 494
121 223
96 574
55 509
228 274
128 471
212 341
522 527
243 378
180 244
100 192
131 383
177 449
80 341
173 342
7 474
60 375
35 313
226 325
307 594
185 484
4 355
552 582
246 283
58 394
71 459
565 572
95 221
179 187
103 506
225 526
342 351
475 543
243 538
66 536
215 336
50 76
164 372
273 419
34 111
308 545
68 200
98 376
41 201
324 335
250 433
46 272
42 452
502 557
277 326
157 468
226 501
381 508
253 595
352 554
30 113
203 425
411 581
14 72
88 451
231 368
349 556
191 249
6 544
341 410
58 400
240 537
96 148
380 388
166 313
498 556
175 578
250 465
169 500
312 390
388 484
141 218
380 553
330 522
63 138
439 491
132 176
63 493
218 441
347 539
43 441
249 465
541 564
323 431
35 378
105 413
448 556
538 588
181 577
257 394
443 539
154 370
244 309
150 169
235 452
75 366
49 427
59 460
21 78
36 108
45 512
5 548
175 366
43 128
45 415
187 292
62 90
48 177
369 460
348 497
458 533
125 150
153 179
163 384
105 591
285 370
169 526
330 566
108 475
334 354
255 474
531 577
26 254
80 404
125 276
148 592
213 409
70 371
448 498
200 301
447 514
58 474
226 532
60 112
462 493
80 467
77 207
483 581
117 143
155 321
140 147
136 298
454 524
116 148
87 223
9 578
503 559
23 227
108 336
280 312
145 346
3 106
420 563
318 464
188 299
167 240
188 555
472 481
158 246
40 558
22 270
295 575
431 546
433 536
229 374
204 256
298 450
28 471
336 387
154 510
37 67
157 221
219 476
79 92
263 462
122 129
97 417
333 415
183 512
383 534
229 560
53 558
433 501
46 324
158 572
61 454
11 157
108 362
376 481
125 188
35 197
110 347
289 357
33 289
12 453
272 305
114 511
459 507
97 490
432 584
214 504
236 281
256 262
294 370
48 568
120 571
21 404
112 375
331 549
189 477
585 591
5 43
186 501
57 68
384 593
62 333
82 345
73 250
95 434
49 402
18 51
6 176
344 446
209 592
236 506
342 413
219 362
440 586
37 266
249 401
42 384
440 455
202 328
20 121
37 338
327 452
426 435
211 464
386 430
101 194
133 226
266 338
269 346
505 586
268 346
9 175
102 555
163 593
93 146
24 243
332 401
36 362
365 411
142 314
129 578
193 470
546 596
136 450
252 461
318 365
291 438
126 315
7 58
25 248
145 497
234 531
92 482
245 458
148 269
55 457
161 563
164 232
82 101
184 474
187 462
118 489
256 298
487 521
16 407
199 232
214 239
110 183
203 443
164 390
47 231
3 364
13 426
169 557
38 218
238 307
414 475
242 320
203 516
38 520
305 316
11 569
154 322
190 328
154 225
234 429
85 561
274 575
29 229
101 402
34 112
0 22
188 500
227 580
185 241
299 410
144 328
1 43
300 443
424 497
11 279
236 422
269 463
58 511
542 585
161 170
220 531
247 311
127 378
208 464
189 534
295 509
268 395
90 342
208 211
241 408
415 466
78 341
32 190
393 398
122 392
477 594
252 466
6 408
226 361
370 502
133 515
50 202
362 389
99 435
382 584
30 262
373 403
53 509
266 305
501 536
251 363
357 537
99 152
323 552
142 347
182 333
254 354
291 540
281 302
147 167
104 129
19 581
87 92
206 319
142 539
235 415
26 367
346 463
228 355
303 475
87 487
385 399
347 505
260 314
5 213
189 307
353 362
102 299
257 574
258 371
509 562
131 306
476 525
172 510 461 504 539 371 233 595 272 466 173 578 449 64 265 475 9 385 560 399 538 343 25 201 367 583 193 92 423 307 534 77 6 224 482 81 80 515 564 283 84 225 130 359 131 357 47 519 115 151 63 33 234 24 112 370 262 384 565 17 303 230 383 586 43 264 262 143 137 482 579 298 165 82 24 500 32 4 204 142 336 521 237 215 122 309 585 325 83 137 546 237 167 7 104 564 504 138 548 0 553 181 381 39 47 177 427 505 292 41 368 232 584 133 328 462 17 447 35 301 319 165 265 67 316 215 547 85 62 124 192 266 20 536 365 309 537 278 384 34 453 433 346 276 357 150 191 347 536 294 159 597 322 35 319 561 591 370 548 156 111 104 405 292 389 557 181 199 16 381 578 363 477 560 464 394 41 141 133 85 10 146 108 422 232 256 476 352 398 185 81 300 44 500 190 574 489 146 59 372 557 140 304 483 484 98 9 145 77 580 328 92 535 225 103 232 39 441 37 240 521 116 355 248 10 503 370 265 111 551 540 375 510 486 466 567 406 222 149 213 53 318 265 209 388 351 421 342 157 307 419 496 235 316 16 106 336 491 519 40 384 85 421 393 590 23 157 588 167 296 378 149 116 333 517 105 84 72 125 82 577 310 85 530 460 25 2 326 279 83 20 181 73 302 473 270 267 509 77 541 302 58 251 0 568 276 551 482 428 450 24 195 583 59 289 420 400 271 509 197 139 184 80 552 130 59 558 291 32 580 389 43 35 97 222 571 117 439 316 381 291 68 409 589 417 276 387 114 331 495 287 2 416 457 397 68 373 137 356 394 406 297 217 443 11 31 494 270 271 514 255 491 573 575 344 281 121 362 125 130 407 368 223 19 260 400 533 278 590 16 91 418 410 522 25 483 173 456 406 397 510 400 158 262 483 52 232 238 448 577 167 508 251 465 68 36 122 176 54 240 511 500 502 45 519 184 502 401 382 593 314 16 191 599 467 188 34 398 431 470 97 413 438 379 409 165 17 466 523 181 90 393 320 223 451 546 126 421 171 298 481 315 558 214 262 103 390 150 226 2 183 570 114 68 401 454 315 588 82 518 42 170 24 409 352 518 293 278 139 458 516 447 154 10 79 222 409 280 392 517 208 502 41 507 433 122 506 234 246 551 514 599 56 340 308 296 205 206 477 488 209 369 155 465 376 288 494 133 472 580 205 371 437 429 444 415 512 94 464 48 555 496 526 371 491 369 336 500 576 326 84 268 524 74 245 345 410 9 498 289 161 266 80 243 26 585 128 123 243 359 291 333 438 473 515 582 285 46 33 151 559 530 136 167 473 523 548 480 312 269 228 37 172 133 147 456 80 289 12 87
836 58
336 303
220 641
205 599
133 794
316 337
948 437
845 284
717 535
170 707
63 389
447 366
438 226
689 188
330 384
921 15
665 408
107 178
135 67
798 442
293 825
143 255
780 54
555 330
539 595
783 208
883 583
339 514
245 330
762 133
437 746
520 877
458 544
631 961
847 330
654 534
698 639
660 695
383 201
257 647
52 651
172 174
961 888
299 295
707 77
887 968
800 727
508 413
37 825
323 766
431 494
144 45
158 153
35 678
320 919
147 639
813 562
376 120
833 212
206 32
923 358
40 141
874 822
633 756
736 11
65 99
473 83
629 716
425 99
559 248
797 849
323 971
306 376
595 15
2 908
237 689
368 449
448 133
218 229
430 838
206 272
243 878
355 631
409 969
569 840
130 328
38 525
363 921
855 78
711 137
925 754
614 510
414 884
503 336
545 688
422 464
778 347
995 586
26 616
650 211
548 755
308 692
151 363
43 347
249 816
911 644
224 585
877 911
686 579
407 83
770 962
830 368
874 371
405 728
845 188
246 760
725 307
406 821
872 471
627 137
483 482
287 931
237 837
847 106
836 922
108 384
500 262
536 551
270 338
248 789
391 277
254 545
933 499
309 6
640 909
898 354
505 616
331 185
584 683
620 72
470 757
323 232
725 892
359 828
391 568
627 347
518 357
477 867
704 320
546 826
69 414
75 182
602 233
609 915
106 559
447 308
644 10
399 380
214 132
608 695
953 623
893 106
474 980
904 841
259 84
116 990
693 517
470 956
300 978
134 466
945 120
913 228
593 335
895 664
335 423
213 745
939 460
79 849
122 35
591 848
458 473
836 546
853 890
827 956
981 282
982 317
517 10
626 853
129 405
301 464
427 558
614 115
578 775
398 309
328 737
82 560
100 205
672 482
960 55
198 100
399 112
241 156
438 527
818 819
484 559
19 213
199 531
490 124
802 361
753 423
140 11
795 391
260 218
341 353
84 975
766 652
988 684
816 312
348 222
640 622
855 616
415 438
420 690
318 947
657 126
99 529
393 14
589 392
73 764
765 106
701 780
545 423
246 104
134 924
773 584
949 917
29 314
72 929
211 412
178 914
522 983
960 366
842 759
571 582
503 504
235 6
243 129
72 122
739 220
542 131
565 13
9 989
889 1000
694 222
904 613
907 291
457 622
786 291
806 872
259 702
645 880
491 307
464 671
607 776
758 997
366 761
681 732
29 380
636 266
680 312
803 64
374 687
835 657
983 116
25 765
139 227
91 362
107 263
963 457
432 390
385 159
11 243
225 954
192 158
103 293
138 582
951 545
723 953
271 832
561 892
951 92
243 201
707 814
160 771
119 514
39 714
977 403
269 674
485 644
223 338
702 858
414 139
14 186
698 553
367 716
759 715
200 566
258 483
106 801
464 498
622 884
78 150
338 159
670 506
705 936
535 273
751 680
518 386
842 419
189 491
830 727
469 270
94 488
209 936
853 703
349 19
113 235
999 841
400 538
747 519
528 804
497 719
520 192
897 874
947 596
866 655
753 618
993 939
693 686
288 405
364 384
240 258
919 707
975 795
804 141
329 599
627 307
735 928
617 380
629 39
385 659
896 741
955 253
671 649
914 563
104 771
512 158
547 926
659 325
791 552
896 171
393 43
681 608
32 932
184 655
835 486
244 733
920 520
544 448
275 4
131 555
782 879
279 42
46 200
702 109
862 402
60 575
698 456
580 539
69 343
905 317
676 239
871 24
339 571
956 850
579 442
672 72
716 661
933 326
654 565
305 130
63 828
212 816
363 609
807 251
588 281
520 771
66 888
406 611
582 472
831 156
562 184
290 734
64 256
174 303
214 683
3 57
710 433
946 412
384 350
229 281
812 495
128 732
922 681
739 583
900 930
275 535
971 568
353 85
968 201
858 147
784 168
3 274
294 600
668 351
784 756
687 157
372 784
263 917
799 637
673 15
194 883
931 46
522 34
392 459
646 155
605 799
921 895
310 160
324 886
664 981
366 251
733 993
769 838
408 183
442 985
749 152
918 156
578 47
140 873
490 670
870 48
992 878
414 227
46 34
630 995
634 685
127 683
201 3
266 967
229 34
996 990
630 815
680 269
795 417
552 32
928 975
200 319
371 414
427 796
372 327
240 304
6 507
38 792
926 270
722 560
602 617
299 431
851 1
620 12
232 389
9 567
459 905
813 527
949 308
843 514
574 223
393 916
266 286
918 478
999 520
349 873
246 356
661 780
0 159
313 658
515 225
653 369
607 50
288 778
166 441
468 29
160 606
644 455
28 965
701 970
8 344
241 995
716 275
79 696
84 601
885 226
835 991
988 27
963 164
336 65
834 860
208 449
849 792
501 995
382 232
463 933
490 811
887 506
19 20
653 601
86 447
490 838
298 517
120 156
266 613
819 592
429 73
178 50
378 528
827 93
502 61
564 958
624 663
763 893
293 238
402 640
988 815
754 543
952 481
174 792
197 837
38 4
343 326
520 724
112 905
729 702
182 963
868 295
985 238
126 366
599 83
151 490
17 651
672 445
795 97
126 300
92 733
905 137
426 590
107 86
544 787
353 969
25 882
421 350
915 95
476 421
160 123
440 654
748 327
8 676
415 258
839 569
185 768
970 754
556 381
782 499
172 995
889 3
893 74
965 710
666 912
548 524
538 634
745 74
455 449
966 670
750 389
927 806
254 409
763 185
166 882
451 57
566 667
975 540
