600 1539 600 655 10
82 360
101 173
114 174
34 114
167 486
91 572
232 452
208 555
21 594
262 424
384 464
139 358
505 507
526 528
198 375
214 582
160 442
47 520
264 296
168 213
419 552
314 565
296 459
85 587
195 592
154 501
208 233
188 252
343 445
285 525
210 258
43 351
65 445
126 298
204 428
101 365
339 447
309 505
113 453
161 262
193 438
229 562
268 378
459 579
226 527
60 412
363 379
249 265
351 400
282 496
171 283
165 579
75 99
426 445
149 226
178 251
169 315
11 368
169 381
68 450
149 196
186 271
63 370
35 390
486 543
119 461
158 179
227 380
347 430
373 397
92 501
76 195
141 322
32 341
366 591
240 560
37 339
555 584
260 580
17 40
251 552
217 491
61 452
311 537
403 418
446 489
264 353
94 536
297 544
308 456
44 552
207 496
41 529
44 419
110 161
425 507
475 560
104 415
570 593
82 223
35 352
180 355
344 599
23 40
83 456
331 393
213 267
133 428
178 552
212 591
92 280
90 209
205 493
197 265
91 262
495 563
112 143
146 281
298 431
100 421
221 551
39 596
77 377
125 229
67 420
23 350
428 429
516 524
33 82
297 380
400 430
222 388
271 435
77 563
100 281
484 599
246 269
318 514
492 517
226 511
238 333
287 546
119 283
164 352
249 348
144 236
49 263
54 70
137 271
105 164
309 324
39 96
120 396
305 453
128 395
326 457
166 437
58 560
13 598
339 475
14 452
424 524
346 434
212 436
34 210
340 484
58 300
415 584
296 520
9 181
273 407
162 474
174 422
50 408
127 286
497 578
18 255
239 245
270 576
30 374
152 399
155 330
48 99
491 522
66 242
365 380
427 479
167 346
287 591
197 319
397 495
347 402
84 152
487 519
51 467
405 582
293 462
78 82
166 265
71 432
101 358
121 507
303 327
396 592
585 587
59 175
353 474
0 563
392 531
337 542
21 240
214 250
22 229
225 270
1 309
303 487
248 354
325 353
392 524
237 258
256 449
361 585
457 575
343 564
255 342
220 572
112 159
260 391
9 269
423 503
127 257
188 566
405 504
353 581
18 313
317 403
44 139
45 410
206 350
366 517
5 128
217 522
207 376
118 407
59 575
143 340
28 302
254 570
378 576
315 374
151 158
118 469
138 525
313 342
216 503
47 236
259 571
297 358
19 541
87 357
177 255
223 578
471 594
253 477
277 294
217 240
325 590
359 553
186 553
0 377
460 593
53 517
38 475
5 142
424 499
317 372
377 563
13 589
142 219
191 321
199 271
180 316
115 230
41 150
329 478
208 227
93 569
131 497
426 577
110 498
515 517
266 320
151 533
208 380
58 339
250 270
150 389
114 140
312 562
69 390
448 573
17 565
105 211
389 508
203 557
167 543
188 284
86 182
200 423
120 506
275 579
153 518
146 510
299 416
121 562
244 463
357 557
278 336
210 371
453 503
41 532
9 168
307 420
252 557
198 543
21 471
30 309
115 134
219 496
259 412
321 466
415 567
6 215
308 408
11 133
316 341
360 488
551 565
489 535
144 257
22 149
70 357
241 304
4 295
197 240
48 300
17 551
401 534
193 578
54 101
263 493
137 186
118 273
286 583
379 443
70 227
387 438
158 420
165 275
219 282
143 484
5 278
135 516
129 170
81 218
164 573
185 186
200 496
413 532
271 413
85 515
251 370
65 556
223 317
333 473
178 342
236 520
453 561
283 578
106 508
0 102
374 579
44 432
28 194
230 382
291 439
349 476
154 588
55 538
3 266
69 130
64 409
68 385
36 597
43 542
132 579
220 467
283 523
94 190
254 328
330 518
40 472
118 589
477 481
82 418
111 454
431 454
337 438
12 430
343 569
394 416
395 514
500 539
72 461
52 146
190 552
181 213
220 302
201 454
539 557
104 192
235 391
256 406
115 382
323 527
45 573
192 358
212 488
364 472
156 367
237 462
66 243
262 499
311 527
356 526
130 483
126 484
373 445
169 324
133 368
204 419
173 566
118 211
168 181
121 425
107 523
257 300
51 91
217 560
147 369
254 378
113 548
97 532
254 256
49 265
106 494
556 564
27 535
81 446
62 426
157 309
102 495
43 430
233 588
370 419
396 480
463 528
435 529
73 184
64 529
227 437
202 501
567 584
332 451
389 409
442 573
61 351
63 342
490 559
353 558
589 595
215 432
386 468
253 344
153 404
15 254
19 574
45 405
420 462
205 539
117 231
79 294
449 457
3 299
433 526
292 331
92 153
98 471
122 379
89 370
47 579
125 213
197 475
194 302
269 286
305 463
250 582
270 516
224 387
99 522
81 450
290 333
152 502
253 484
301 530
31 109
101 566
262 448
103 506
119 141
263 590
89 342
29 584
9 267
430 570
123 569
14 201
180 536
469 589
176 300
191 478
225 510
171 565
60 329
8 228
10 200
4 183
168 554
77 281
105 273
354 390
32 178
158 239
351 542
213 243
8 443
189 190
183 295
274 399
281 509
73 236
391 473
79 346
277 541
166 263
177 266
40 350
145 277
38 513
442 448
453 528
334 400
272 452
246 267
290 415
62 291
514 530
22 66
322 497
108 164
179 258
38 162
206 576
332 482
405 516
253 599
390 483
2 245
427 596
51 164
192 567
183 382
157 505
226 537
159 538
0 152
113 436
242 537
27 489
281 377
328 570
231 307
325 451
142 336
163 179
188 203
57 530
180 458
185 594
246 389
283 461
277 375
118 595
131 322
3 480
8 106
206 225
232 395
75 300
315 324
201 334
48 491
228 267
124 489
211 479
225 576
98 413
257 286
136 473
234 478
65 343
274 498
3 120
174 187
300 491
52 225
300 586
194 572
138 468
82 488
135 531
135 270
15 268
471 522
6 432
73 362
405 524
145 248
444 566
104 458
390 467
434 535
306 363
244 433
370 429
13 335
129 427
22 549
545 577
215 285
209 261
186 260
261 288
237 595
280 330
313 429
136 355
410 499
8 494
67 307
56 208
235 580
275 571
70 365
128 514
148 414
419 525
184 512
299 394
84 424
188 444
196 226
527 540
117 533
86 366
56 555
70 437
114 529
138 209
86 492
66 228
73 512
170 582
64 114
229 425
139 552
395 452
359 435
335 598
100 152
357 500
16 188
101 544
70 500
241 535
248 485
56 588
374 382
48 522
92 202
73 144
221 364
102 123
253 481
345 557
11 428
304 485
113 463
143 159
316 536
254 270
335 379
178 370
226 311
456 461
55 369
184 383
270 559
193 372
250 504
30 315
170 214
22 414
238 280
240 319
184 447
370 552
58 491
447 512
124 434
204 429
149 414
3 10
92 555
92 155
223 403
132 381
244 318
93 397
216 282
463 526
92 290
384 458
546 591
124 218
292 474
406 430
140 529
172 403
6 173
303 483
198 574
308 361
175 347
105 129
309 562
109 539
21 202
106 267
61 224
132 165
323 540
393 558
147 195
20 278
71 358
83 308
355 369
382 579
256 490
324 411
206 378
60 259
223 497
232 318
336 376
95 510
8 311
183 374
89 178
287 361
32 320
556 574
157 321
27 434
149 549
392 516
125 168
177 416
34 547
162 339
383 558
482 493
156 310
133 419
27 124
368 525
202 319
106 228
100 510
331 474
176 586
211 596
31 437
10 561
164 273
98 185
354 485
244 488
199 435
264 581
302 467
49 513
245 553
105 479
325 482
212 546
272 298
90 203
2 580
141 578
162 590
228 311
131 361
2 538
42 291
160 164
22 125
222 321
84 392
28 572
415 555
267 269
22 242
33 418
372 418
239 481
205 451
410 573
117 239
90 261
120 480
154 249
465 536
70 109
253 431
119 578
103 336
281 510
86 591
426 439
115 236
301 514
439 445
3 200
146 509
221 460
254 268
16 284
200 561
431 481
12 460
64 187
141 456
80 201
17 364
13 306
37 46
57 142
228 243
191 388
69 483
493 597
42 439
288 345
20 128
130 446
287 360
183 338
349 481
143 455
303 352
142 530
344 431
127 289
292 393
134 583
265 348
423 496
279 414
193 337
335 363
97 522
310 486
506 592
68 511
266 299
163 553
35 51
47 296
256 570
425 562
11 401
440 532
34 595
100 531
96 129
65 574
67 96
41 435
102 563
66 213
185 413
290 473
172 418
435 440
270 504
233 249
11 468
216 528
264 383
25 527
134 269
144 286
166 597
275 459
45 170
142 356
538 580
22 279
502 556
386 401
57 247
162 475
414 507
14 111
238 290
320 480
321 411
511 527
43 400
194 541
73 264
53 515
42 486
6 71
104 136
196 511
358 544
104 384
231 575
281 421
128 272
132 412
55 355
268 593
195 417
32 255
263 482
190 458
279 425
67 326
79 375
450 540
275 581
571 581
82 287
147 538
64 174
97 289
388 478
380 555
462 595
12 523
363 598
59 406
105 427
76 103
71 101
95 531
116 166
14 334
40 509
84 399
316 369
205 597
46 339
107 430
135 225
180 369
260 280
79 543
1 324
307 550
21 217
381 412
83 322
8 363
504 516
154 202
197 560
20 272
459 581
238 391
109 116
138 368
95 225
56 92
53 585
91 448
24 307
373 577
26 511
126 340
47 230
52 509
94 180
52 206
62 577
94 465
273 519
314 551
352 519
157 222
292 353
407 519
50 456
445 577
359 529
325 474
227 365
214 559
200 207
47 459
147 417
131 287
208 588
527 568
144 176
345 539
247 526
75 127
54 87
306 494
157 466
264 558
128 530
9 554
185 404
519 589
165 259
49 162
352 487
259 329
171 461
72 456
146 225
41 440
62 310
267 508
14 454
113 492
59 256
250 405
48 75
141 497
178 190
408 585
222 505
284 285
225 531
310 367
30 324
297 584
347 406
224 351
238 473
303 335
349 477
63 313
43 107
58 512
378 460
221 398
113 182
5 530
110 556
219 376
36 166
231 431
191 222
237 293
66 537
418 438
258 462
18 177
18 342
537 549
446 540
184 558
117 481
464 552
367 545
194 470
88 547
57 301
0 123
228 537
246 286
264 362
148 196
360 546
219 356
255 320
6 101
66 125
36 263
49 590
564 569
193 317
158 533
198 439
165 441
74 295
4 74
270 378
123 564
87 566
411 466
305 528
6 566
232 514
106 187
156 545
503 561
47 115
28 220
247 318
143 538
253 349
18 416
371 529
239 533
469 595
186 518
88 187
74 554
341 465
224 276
250 559
91 467
188 209
374 562
212 244
81 385
224 438
15 593
315 579
127 150
37 162
60 191
70 87
65 439
4 338
83 131
350 364
365 544
235 473
126 599
93 102
276 387
185 518
76 417
304 354
108 170
97 98
93 123
92 238
260 518
74 134
31 70
90 288
436 463
424 498
226 549
130 489
450 527
115 583
336 506
166 233
24 326
72 119
121 505
143 349
192 384
136 180
23 206
462 596
153 330
112 278
341 592
301 318
51 352
248 346
51 448
46 184
195 369
359 371
182 436
37 184
20 298
216 496
21 522
54 365
42 198
74 168
247 433
117 151
248 294
75 257
167 434
435 532
298 344
209 468
474 590
152 392
255 266
238 260
319 348
224 232
387 418
521 550
62 156
86 212
40 52
378 593
201 231
39 462
145 354
184 393
88 174
75 289
347 400
134 183
111 431
76 112
185 471
203 345
320 592
76 506
269 583
171 314
449 575
104 567
16 209
235 355
325 581
64 150
112 336
79 167
77 509
36 493
155 280
332 493
312 425
132 259
231 521
177 299
51 160
12 593
218 489
178 189
13 547
176 257
45 582
316 592
96 420
178 255
37 331
33 78
291 426
122 527
161 498
491 560
236 296
150 529
88 422
500 557
391 580
96 326
292 558
320 341
90 345
25 122
45 424
142 376
6 285
93 373
11 138
354 467
54 566
390 535
169 411
343 556
130 323
193 283
248 434
172 223
197 513
88 494
130 568
138 284
363 494
83 141
31 116
122 443
84 524
138 285
262 410
58 475
190 464
211 595
23 52
2 553
158 550
266 480
380 584
288 534
366 585
39 427
82 172
76 159
103 112
116 437
175 201
256 575
8 379
282 356
95 100
283 314
547 589
111 272
16 138
145 302
402 430
335 487
154 319
457 490
122 568
164 442
126 278
159 417
284 566
22 425
104 473
111 298
236 362
3 207
377 421
46 447
397 563
158 258
113 305
261 386
29 358
121 309
81 124
152 377
152 421
323 568
451 493
163 258
361 366
30 562
326 575
386 534
475 513
25 311
15 570
93 445
252 444
222 234
32 189
17 221
190 465
253 476
73 383
7 143
134 382
210 237
107 337
406 570
68 81
150 289
13 363
61 334
69 489
35 483
208 437
20 126
352 483
129 559
272 395
194 277
99 289
501 588
430 593
247 301
231 326
539 597
110 502
115 286
175 575
74 125
407 589
63 89
259 441
90 188
258 420
223 287
53 366
318 433
190 384
1 30
404 594
80 334
198 541
129 457
120 207
320 396
139 384
523 551
269 554
129 214
327 483
127 246
413 435
291 310
175 231
541 574
153 155
416 561
327 568
44 71
12 551
60 169
91 220
245 349
7 340
19 194
457 559
135 392
197 348
50 308
203 252
199 359
153 202
441 571
515 587
60 478
455 484
229 295
64 508
244 526
275 441
143 476
396 506
76 592
105 170
156 577
179 239
134 338
17 398
422 547
158 307
33 232
14 272
357 444
302 354
371 553
136 235
317 578
11 386
151 521
408 587
212 360
108 573
78 244
140 371
244 436
64 389
117 431
381 579
121 312
169 412
274 502
19 470
224 452
229 374
55 580
49 197
45 108
26 196
154 348
137 553
191 411
372 438
57 526
187 494
34 237
258 293
5 336
218 446
43 337
263 265
476 484
41 97
419 428
296 362
450 511
258 371
2 349
231 454
7 112
0 564
100 392
56 501
105 118
53 587
131 308
482 590
399 502
128 278
340 455
93 343
140 210
139 464
117 521
430 523
47 209 297 68 73 534 546 98 304 573 472 300 243 505 539 81 116 202 437 93 501 249 97 431 501 236 412 217 464 99 276 207 597 145 94 116 542 435 327 477 361 19 10 270 47 179 171 390 241 444 208 443 390 286 317 147 113 446 505 598 337 549 404 358 492 127 33 218 43 173 166 105 205 448 222 331 493 38 224 468 463 50 150 511 376 25 152 207 514 310 537 567 520 227 130 561 150 324 76 231 101 419 288 82 590 41 151 76 282 397 530 553 15 142 8 208 179 133 33 160 542 310 356 596 487 240 464 69 252 70 476 548 260 529 509 164 598 346 164 566 53 315 455 383 369 62 134 135 445 113 105 477 112 339 26 199 178 398 486 223 19 480 444 433 46 153 388 540 68 552 505 375 296 284 580 511 393 373 563 378 80 361 443 373 294 426 237 54 437 85 334 199 373 333 319 258 407 387 547 182 198 545 95 306 459 131 254 360 133 316 176 221 302 210 523 187 86 559 493 291 114 262 38 33 572 506 568 300 186 21 422 340 396 247 75 187 139 243 188 447 488 347 302 246 439 213 169 153 315 178 0 141 394 461 134 258 102 239 125 92 244 502 115 138 577 175 90 566 360 309 464 155 149 50 22 156 222 287 113 342 462 539 278 58 434 92 345 462 292 446 422 49 524 258 268 478 26 210 112 466 176 477 442 189 541 109 143 6 88 485 314 509 292 378 339 557 323 584 262 52 245 503 153 463 97 263 537 257 474 249 179 32 131 474 238 134 591 59 395 399 40 348 54 554 135 501 575 239 96 147 12 472 444 314 489 543 239 210 413 150 583 476 18 548 379 575 34 121 326 198 447 25 396 504 202 229 406 494 213 337 426 330 276 593 367 14 509 78 201 291 371 124 395 282 468 48 446 470 35 341 431 111 320 420 119 221 599 29 38 344 440 390 323 168 198 30 378 420 233 289 461 348 76 203 339 41 178 96 322 106 48 202 115 423 41 415 35 128 337 263 210 527 56 219 309 112 481 191 286 114 28 449 199 352 84 346 214 119 279 8 450 33 32 282 68 154 492 272 236 329 99 2 75 55 147 318 372 100 316 327 19 585 2 249 553 330 374 116 319 142 501 276 567 412 499 430 198 304 10 98 346 98 16 567 264 170 541 409 537 93 182 88 581 7 227 193 427 20 336 220 355 136 350 534 160 424 501 399 463 590 10 58 97 549 531 550 24 531 413 26 438 361 275 161 45 509 511 229 96 14 244 414 112 407 386 511 562 177 406 476 599 596 533 121 183 433 98 55 519 235 4 34 492 231 223 169 227 233 73 574 400 467 279 245 574 504 587 509 168 240 549 59 462 345 530 13 262 119 490 10
787 70
914 851
396 581
60 452
818 760
238 377
115 826
268 473
798 543
762 702
40 433
10 882
429 122
700 506
353 321
499 167
67 895
443 6
9 558
856 195
274 372
445 739
918 683
564 34
548 362
855 549
999 589
985 378
845 251
208 749
901 828
274 893
76 579
202 211
614 538
809 375
378 953
563 885
518 869
616 376
528 20
594 649
939 139
356 150
78 764
691 273
597 873
763 857
573 729
488 916
80 2
778 342
612 12
34 82
186 835
284 564
340 798
186 339
571 812
473 252
897 950
323 250
952 65
29 655
653 592
889 112
872 651
573 379
978 546
907 428
215 886
124 773
258 30
657 839
813 724
612 753
212 505
717 10
154 211
956 222
409 272
993 503
188 180
174 38
719 175
38 9
70 163
173 891
679 571
40 621
105 965
805 271
334 723
844 40
151 633
630 112
593 363
515 687
515 664
603 716
678 91
164 807
814 49
200 454
219 676
657 355
726 606
323 107
685 331
284 937
829 174
348 359
240 469
25 268
624 574
762 810
322 920
413 411
673 410
269 56
107 470
965 785
844 495
809 80
990 429
852 710
299 419
650 728
266 343
607 343
903 454
160 82
844 946
16 814
786 778
611 159
244 671
469 558
53 871
119 715
579 559
233 43
183 369
298 489
686 816
903 275
642 46
251 527
989 632
937 643
625 651
475 417
720 123
386 704
366 808
360 710
957 33
980 848
502 418
245 502
748 345
799 197
521 896
490 499
717 349
814 954
369 903
979 225
798 680
874 911
659 295
355 6
204 144
147 834
646 564
444 295
629 833
14 535
77 629
519 457
211 612
779 657
23 217
842 799
624 873
468 658
437 619
698 586
125 910
89 602
124 653
916 920
181 730
295 114
869 235
219 532
942 598
448 866
930 162
476 593
77 432
413 332
418 763
118 938
15 718
331 995
568 61
109 430
312 819
71 922
565 510
639 401
85 189
805 633
610 286
75 821
79 333
518 783
982 453
131 383
835 292
430 67
997 921
213 104
301 238
606 107
900 594
245 835
840 612
898 724
787 858
479 342
229 233
333 857
985 969
277 646
709 839
586 484
311 688
461 447
471 797
937 334
905 658
855 635
104 222
450 493
700 716
176 287
949 279
378 861
618 250
62 663
168 931
375 456
523 157
39 550
496 232
654 777
546 439
842 970
344 659
69 950
770 238
405 960
665 910
420 892
43 524
735 669
514 134
751 745
595 199
462 614
302 342
701 418
799 165
721 978
273 228
901 246
258 398
961 710
341 683
687 57
131 321
326 66
89 871
73 846
709 775
138 116
50 994
636 704
287 745
978 112
587 923
574 457
923 257
840 774
723 896
206 773
333 391
12 486
593 782
222 314
876 286
799 480
917 357
25 297
710 538
524 378
139 24
938 835
986 42
860 572
941 774
3 642
376 34
862 861
204 574
247 122
202 266
435 825
84 539
975 900
208 57
907 487
897 874
562 999
561 327
845 464
497 205
873 976
398 681
585 898
462 997
289 702
361 276
770 474
189 410
324 141
819 786
540 854
270 447
115 568
19 611
870 96
354 417
136 986
979 266
415 241
399 873
409 500
522 52
352 206
766 386
586 983
913 308
242 621
147 338
196 935
183 765
513 561
136 156
101 70
702 877
750 520
484 66
212 836
45 136
954 0
29 862
232 584
42 680
511 524
259 165
877 21
869 821
923 212
140 427
735 35
536 113
791 506
257 804
856 886
791 810
641 897
162 701
1000 561
25 923
257 207
961 964
705 668
910 387
311 656
651 143
614 894
27 460
277 309
129 500
854 11
423 32
760 137
386 248
2 953
422 213
233 147
407 714
657 227
451 226
688 439
93 36
675 602
725 272
922 888
851 921
501 624
964 682
263 714
0 445
271 515
236 179
50 774
552 396
712 80
641 526
59 410
753 210
942 748
926 84
634 357
7 767
9 688
422 180
383 400
98 785
155 277
987 314
499 600
59 229
287 867
292 171
941 114
563 639
779 978
739 322
832 541
151 908
900 75
950 494
569 861
764 290
495 259
940 532
438 997
329 288
9 314
383 336
304 466
191 22
528 291
183 662
712 936
446 102
308 15
581 424
74 270
130 694
110 618
944 876
818 325
33 892
662 437
822 196
491 701
490 26
273 685
571 945
522 839
354 488
394 472
919 963
645 378
70 513
407 441
508 985
858 421
327 466
948 309
995 164
765 426
143 188
947 415
548 244
556 781
5 177
415 986
739 566
809 15
98 401
186 84
770 191
748 252
237 960
359 774
773 110
43 356
629 214
980 820
157 507
976 728
704 614
648 2
651 94
944 565
607 841
489 869
253 298
4 82
631 181
2 127
424 671
742 414
728 873
463 384
522 734
352 78
673 193
49 820
139 298
886 540
56 286
552 577
232 344
661 122
535 638
445 416
17 979
966 336
154 605
875 620
295 526
221 984
917 513
901 187
318 186
977 192
211 809
915 1
107 169
664 503
36 237
913 622
490 388
408 51
95 659
470 526
787 725
294 767
845 114
186 967
628 922
582 260
530 815
29 408
906 778
773 6
816 103
415 5
141 859
238 695
875 459
834 72
477 178
736 999
813 237
735 295
886 151
491 287
560 91
909 44
270 92
819 911
314 611
658 993
667 266
756 777
247 749
70 81
608 813
33 42
333 830
660 462
512 941
98 138
130 524
478 130
469 717
635 446
605 406
297 991
727 508
333 428
