600 1345 600 1080 21
42 589
243 462
107 137
103 348
126 305
139 160
203 490
97 352
254 353
232 516
141 550
398 519
30 530
154 530
111 170
136 172
163 375
513 596
481 528
56 65
155 335
239 253
182 514
359 577
173 251
279 579
521 526
246 571
113 218
127 423
263 502
82 291
36 55
140 200
253 538
140 288
495 540
112 199
287 544
98 387
363 584
476 554
284 418
3 11
10 476
432 557
104 504
199 330
296 536
190 335
452 566
443 525
61 258
342 448
237 472
179 186
117 468
60 374
44 497
24 567
94 499
392 460
25 99
55 562
399 465
246 565
283 291
301 384
15 221
433 587
483 487
77 169
23 78
360 477
50 353
416 425
98 195
489 599
201 521
311 455
175 592
231 236
268 323
66 541
292 556
459 477
94 105
159 471
57 272
264 447
99 576
149 373
27 454
201 380
262 350
60 326
157 463
235 452
402 414
82 151
223 390
261 401
229 570
566 585
32 364
73 484
188 573
324 418
223 522
343 480
287 419
390 496
141 522
192 529
59 186
85 158
191 410
165 430
570 587
211 592
184 382
92 269
486 507
94 206
260 567
225 242
305 340
400 444
88 363
379 390
364 392
228 363
421 441
22 342
52 219
48 146
327 433
323 506
296 329
52 250
244 303
4 582
96 276
36 190
105 379
329 569
86 473
401 449
231 246
297 416
200 398
96 159
259 297
58 586
67 84
289 554
495 530
406 587
161 476
41 145
36 500
215 313
75 357
494 565
119 596
8 104
146 408
26 154
203 568
96 283
217 329
234 244
179 313
101 149
140 233
179 293
314 342
304 310
25 143
477 522
340 579
536 564
417 420
54 249
249 335
134 228
104 369
71 586
392 568
277 378
145 489
168 576
37 434
270 348
514 515
350 381
198 551
89 379
139 495
227 475
189 307
429 555
424 556
335 494
2 247
252 405
219 361
212 513
2 527
87 535
276 287
51 79
26 192
129 203
116 599
109 585
11 217
356 395
83 231
54 190
373 427
341 506
70 560
178 188
10 135
158 295
143 228
219 226
192 242
330 362
10 534
156 182
388 509
92 591
181 434
421 439
300 530
395 467
191 436
232 495
259 327
50 484
179 215
479 584
542 592
356 463
87 109
117 445
5 152
81 455
92 513
3 569
202 598
135 476
21 88
40 343
137 456
43 171
492 567
492 591
236 500
282 344
72 150
100 373
172 598
132 542
178 471
292 536
146 542
344 543
79 240
268 428
100 149
205 371
287 386
238 431
262 451
31 419
33 407
114 435
123 347
230 457
162 563
221 485
146 241
76 554
174 328
349 473
423 513
334 377
469 502
205 475
44 599
436 452
218 481
39 130
194 415
107 533
300 495
329 474
178 598
1 168
137 455
222 415
267 513
112 504
550 577
6 424
47 95
296 564
81 137
199 454
78 165
25 408
309 508
19 196
65 121
7 229
73 129
299 478
178 202
538 552
437 520
176 489
148 365
0 157
363 561
218 321
349 478
277 509
204 591
71 511
285 457
132 175
116 527
359 496
519 559
376 579
497 599
149 161
80 185
169 198
406 570
209 238
213 446
59 179
199 501
99 435
21 483
139 232
65 583
55 500
109 322
466 485
386 439
352 387
251 574
106 248
346 563
211 248
303 562
205 306
63 277
223 359
217 298
181 398
242 255
76 525
191 193
317 422
36 571
96 471
421 524
187 354
119 153
343 543
77 239
1 438
230 293
196 501
0 582
152 209
90 374
238 400
95 445
151 555
322 535
55 234
1 80
458 480
256 549
281 388
187 440
288 398
81 368
462 553
172 441
8 456
454 552
125 471
57 430
247 527
273 314
279 332
82 93
13 145
391 398
14 434
11 569
166 180
84 390
196 431
1 310
73 514
69 94
90 319
352 459
325 493
62 572
142 572
377 566
35 497
47 117
565 571
486 580
42 427
46 211
186 416
167 417
34 452
154 255
405 531
45 305
162 404
382 523
377 403
53 263
200 288
268 576
123 543
55 190
143 408
321 481
340 476
342 391
66 547
322 337
270 511
226 337
162 257
160 232
8 264
350 483
194 222
108 217
84 379
52 226
382 597
331 442
94 379
418 519
81 254
510 586
67 574
275 382
215 307
309 444
315 408
308 578
24 47
309 412
366 535
171 427
295 390
256 269
368 581
254 262
308 467
398 434
472 558
85 575
266 526
379 409
382 598
177 317
289 476
91 299
248 560
379 574
20 431
164 218
120 484
2 482
245 420
121 205
243 385
96 419
39 236
94 553
339 422
15 177
85 510
325 432
275 405
324 342
77 551
5 541
125 258
116 130
114 545
110 358
41 555
383 483
312 530
63 388
111 460
307 555
225 255
117 481
55 263
146 315
391 559
152 541
152 547
330 454
525 554
97 477
195 541
419 544
411 464
199 362
264 316
162 508
311 581
19 431
7 406
37 187
249 494
250 588
73 281
278 515
297 576
275 523
167 420
195 548
183 351
100 427
347 469
32 561
171 213
16 170
222 538
106 211
26 312
262 483
353 509
80 573
517 526
147 184
102 259
165 421
68 115
15 29
12 151
329 375
78 427
83 565
360 522
310 370
481 595
254 466
319 374
239 552
45 376
306 453
446 589
160 520
28 302
164 331
316 447
108 166
340 376
448 549
17 425
241 576
88 487
309 581
286 468
265 461
150 197
172 524
21 134
115 199
65 227
493 557
230 313
247 489
94 387
208 515
45 332
72 226
54 263
57 101
324 424
412 508
183 410
156 453
114 128
31 465
201 282
64 432
137 378
93 151
216 572
73 120
113 164
308 356
31 488
391 519
33 351
171 503
211 266
308 333
43 505
216 282
56 330
91 478
128 383
223 496
112 294
34 436
320 565
317 595
358 541
146 594
295 575
22 324
323 341
182 316
38 237
529 582
136 178
276 419
158 575
314 567
271 325
7 429
224 414
46 402
404 563
389 443
564 569
260 492
359 550
426 529
257 459
186 293
235 403
345 563
21 487
92 212
238 309
216 543
67 295
58 348
91 217
419 488
249 320
37 491
193 410
67 173
128 545
345 581
311 444
383 470
48 364
131 299
7 215
75 486
129 568
180 284
144 324
423 470
49 194
49 431
197 348
53 207
561 584
232 300
142 426
9 159
193 318
359 372
98 459
267 596
377 588
21 383
323 542
182 490
62 480
393 529
406 429
235 401
43 450
205 453
210 360
201 216
230 258
426 572
139 453
42 100
64 567
130 365
366 588
416 532
56 498
8 369
70 248
114 539
122 351
46 175
79 465
150 219
242 458
64 468
26 393
39 231
337 535
279 349
333 578
364 568
26 529
121 124
235 326
66 508
109 122
15 74
69 499
40 123
255 530
35 433
15 350
230 307
317 496
110 459
8 205
346 550
132 506
205 397
5 195
49 222
471 573
185 188
501 552
168 435
69 265
235 280
441 524
1 370
60 261
377 585
367 499
150 511
189 429
400 455
17 532
83 246
372 464
75 272
85 586
356 467
162 210
139 520
228 413
130 599
188 523
294 504
213 589
235 449
28 291
526 537
314 391
66 257
79 291
480 572
164 318
224 517
541 547
32 479
444 581
247 482
282 521
32 484
61 471
107 456
512 582
312 393
198 290
139 540
351 407
182 540
121 227
370 523
265 553
388 484
100 338
96 136
395 463
212 591
61 125
406 489
208 514
153 370
227 504
423 493
0 393
37 214
70 266
102 428
63 378
3 166
35 148
557 591
31 544
515 533
263 417
461 553
464 485
258 438
163 332
283 488
132 355
73 278
271 339
529 572
331 445
303 417
81 345
13 429
373 430
269 405
200 326
229 406
116 176
252 523
421 430
174 348
29 271
43 589
346 577
169 551
203 540
430 441
190 571
442 445
147 357
273 288
252 275
408 594
45 279
413 584
97 206
5 548
171 446
63 533
320 414
80 125
329 580
226 535
233 288
112 115
127 596
52 535
17 416
327 428
107 515
283 457
12 291
427 589
216 343
78 373
364 479
354 478
21 128
251 510
38 472
143 315
69 553
31 546
249 537
265 462
18 31
142 216
256 405
47 314
274 518
45 126
184 357
33 274
50 487
468 595
43 446
258 425
292 324
229 433
505 525
307 313
83 148
141 223
25 114
85 173
240 399
14 374
174 385
99 241
48 542
41 151
55 417
32 568
433 570
426 512
386 544
91 131
180 440
369 504
144 556
159 283
4 512
198 394
95 273
204 557
355 506
253 415
99 408
266 517
245 417
81 378
141 563
12 555
306 520
58 328
122 407
37 118
75 147
40 347
142 380
396 556
299 474
536 569
360 459
47 273
589 590
110 541
453 540
32 584
135 534
48 170
8 447
193 436
62 192
375 486
317 468
455 456
125 573
157 356
150 274
80 370
123 207
187 214
138 414
24 117
267 370
165 373
205 227
77 552
16 111
64 339
355 414
22 418
85 251
443 554
122 518
220 579
272 332
0 463
49 196
9 61
207 502
435 576
444 455
15 381
73 182
94 574
6 448
39 116
118 434
106 578
262 487
238 508
103 197
32 120
90 491
66 459
234 562
109 436
404 581
97 409
172 276
4 106
209 508
293 416
465 546
185 573
13 555
71 85
224 537
145 247
453 520
101 430
145 555
273 398
424 448
17 168
192 225
265 385
261 374
161 534
101 272
272 534
212 493
235 436
197 361
234 500
25 435
146 323
53 344
25 539
31 291
286 595
192 572
184 597
11 329
343 458
120 568
140 436
65 498
288 331
124 371
403 452
4 426
72 337
314 549
171 558
304 545
325 423
29 74
115 400
12 307
98 352
72 322
426 560
179 229
28 79
76 505
243 510
45 272
565 593
33 336
397 453
50 509
180 217
213 427
44 130
114 304
23 427
192 458
21 114
481 575
17 438
501 538
254 277
264 397
346 411
493 513
76 100
402 517
256 448
326 436
412 581
74 422
12 457
220 279
23 386
215 429
57 147
60 401
258 416
301 302
407 518
122 191
450 525
106 426
148 320
140 326
107 208
112 330
126 534
222 501
37 319
50 388
206 379
411 466
89 133
318 410
327 341
96 488
130 231
33 511
249 414
18 79
292 569
94 367
164 336
395 582
320 593
128 470
11 166
283 285
30 495
393 582
64 204
124 437
167 303
369 400
24 468
239 415
159 285
355 402
221 254
206 409
118 214
190 263
490 540
422 468
177 372
115 294
38 240
259 576
90 261
206 387
472 546
252 370
149 338
439 524
295 481
368 455
332 375
266 521
507 597
8 208
293 313
211 578
296 597
29 325
409 477
195 367
177 464
311 368
484 561
10 126
113 336
12 230
13 489
346 466
221 262
209 547
134 143
345 368
93 384
141 360
53 54
78 439
155 571
70 380
138 320
6 396
125 438
378 533
118 519
104 475
134 363
74 271
16 460
88 561
365 497
325 557
144 292
58 243
15 317
237 503
70 201
170 308
51 240
100 590
224 402
170 333
99 594
19 199
289 443
386 524
494 593
45 534
185 523
41 482
532 576
218 336
411 577
80 523
380 426
316 397
76 589
6 405
3 180
318 331
191 351
118 418
180 214
341 428
198 330
154 312
60 235
4 578
399 546
78 421
127 513
216 380
15 464
127 128
339 468
29 381
12 82
15 422
84 574
104 205
28 93
467 578
41 93
138 355
189 555
357 486
76 590
63 509
417 502
229 259
279 376
183 336
119 267
322 518
152 431
3 324
182 208
390 528
290 583
403 566
80 438
14 37
218 511
189 215
13 406
7 179
58 510
75 332
136 471
11 108
140 193
131 474
229 327
28 301
496 528
101 534
269 591
35 320
238 444
482 527
106 560
324 448
54 335
252 267
164 442
257 360
394 551
93 301
369 455
500 571
174 361
161 338
177 496
133 379
396 536
208 316
119 127
164 183
74 339
287 524
328 348
178 382
122 436
60 181
90 187
217 474
175 542
275 396
404 412
154 225
273 331
345 346
133 409
172 184
29 483
211 333
102 268
41 384
65 290
329 564
53 249
252 531
119 545
321 575
281 515
245 502
273 391
102 576
71 270
117 286
3 418
141 359
122 322
83 130
41 247
298 440
103 511
50 451
3 292
360 563
207 347
19 132 486 218 286 371 87 82 344 226 394 328 569 519 520 319 218 496 419 46 448 295 37 102 533 221 213 148 443 37 498 459 228 126 145 104 177 274 185 82 236 291 485 472 17 136 27 190 504 437 354 340 332 399 418 412 400 121 410 585 228 508 468 276 373 287 392 232 191 113 362 150 30 518 271 371 123 536 206 526 563 481 292 271 125 409 82 163 465 509 432 40 10 155 106 144 41 598 191 409 378 553 117 159 438 515 408 383 460 241 577 353 301 439 147 212 13 223 62 175 359 17 394 313 227 262 115 15 566 331 375 352 316 139 511 61 226 99 234 166 503 287 438 259 290 306 368 259 346 37 562 382 363 280 163 518 396 386 525 589 515 391 205 134 398 412 161 88 311 156 350 439 290 51 163 430 547 216 554 239 470 237 22 110 382 489 467 248 387 327 246 165 311 555 296 571 171 404 472 526 553 560 458 484 382 63 140 17 160 119 154 44 439 446 293 492 72 564 62 108 156 90 397 88 462 233 301 337 517 56 420 562 595 416 27 33 123 228 147 160 464 165 419 150 295 411 467 545 310 441 583 61 142 265 85 143 78 387 594 330 31 241 515 543 268 53 164 15 23 460 472 87 149 240 6 116 99 331 550 470 333 583 528 59 319 325 287 313 380 212 277 342 14 297 526 241 561 564 58 560 390 347 283 211 48 440 514 142 55 362 343 29 42 15 396 61 582 95 52 132 443 229 512 538 488 331 485 366 205 121 381 252 117 191 209 441 442 417 406 349 535 192 69 147 400 340 401 538 421 278 508 550 208 485 512 422 270 535 506 53 52 41 86 429 422 521 364 68 560 271 373 439 212 259 481 48 384 373 197 114 246 0 158 385 479 40 145 438 123 543 510 160 225 140 154 372 480 125 43 199 292 556 278 459 160 24 229 555 275 338 550 559 295 534 2 369 368 159 69 232 440 199 373 379 239 234 99 541 100 498 422 263 580 63 218 112 34 9 17 156 411 303 15 547 468 95 504 478 390 99 127 210 527 262 517 429 4 391 532 25 188 467 143 198 306 395 262 17 310 71 398 393 193 145 1 71 137 311 509 296 4 97 504 530 202 217 366 33 253 414 168 531 519 467 285 245 444 551 366 278 362 428 234 377 409 570 253 539 584 319 541 373 137 170 574 310 124 84 429 410 22 79 83 474 569 480 111 469 196 565 440 461 333 329 580 83 2 406 133 139 306 140 403 11 108 102 278 108 339 66 566 50 405 29 69 597 135 593 155 178 289 516 11 384 31 286 474 2 215 493 367 180 173 254 163 537 241 143 417 501 324 240 215 305 313 171 390 81 149 178 158 156 168 477 596 153 76 439 63 323
493 113
354 564
16 428
527 809
407 146
988 338
510 689
174 412
743 180
189 574
222 976
449 844
119 535
109 411
590 907
672 500
446 225
303 516
89 660
887 214
857 246
507 432
576 772
93 786
658 645
416 424
443 47
940 90
73 599
594 512
569 114
121 664
538 293
844 813
763 914
182 305
51 165
562 891
19 721
13 302
257 17
35 500
83 867
20 894
95 344
287 922
293 236
649 703
412 297
950 269
585 332
36 605
993 915
219 118
168 134
63 131
835 81
236 828
933 691
212 486
676 927
218 592
375 40
668 305
621 611
811 52
912 354
857 589
860 203
978 551
326 132
859 719
953 850
583 216
644 539
309 836
97 924
991 100
158 814
93 626
359 601
740 302
87 564
69 268
822 560
876 681
476 988
875 895
545 397
815 505
576 996
418 928
482 601
58 543
961 513
657 743
187 676
910 461
935 418
363 445
117 875
235 872
280 368
912 754
758 138
931 526
380 136
718 251
475 864
837 898
925 387
419 252
836 153
811 765
457 470
822 208
23 330
696 674
600 860
442 530
546 257
766 69
829 863
229 39
770 29
270 612
249 931
486 515
495 462
561 174
67 337
393 889
301 278
845 512
514 397
186 956
259 662
750 257
217 273
617 54
724 845
803 453
321 65
464 401
467 752
71 440
352 325
278 820
123 280
193 880
937 818
84 520
954 298
398 522
517 44
109 176
639 134
515 194
858 644
184 614
651 27
162 912
843 361
339 891
766 748
187 822
506 854
36 31
331 490
965 46
383 275
30 804
248 748
875 619
986 737
337 258
19 359
702 528
293 662
191 458
500 887
637 923
617 200
774 797
291 772
328 623
228 448
508 956
343 652
114 460
128 141
800 853
404 51
754 857
980 244
989 420
916 247
960 793
898 32
882 185
677 869
300 115
300 699
577 142
583 618
724 111
939 475
191 66
687 221
895 290
834 395
336 198
511 583
55 821
535 913
149 445
287 89
437 887
812 718
999 832
358 976
638 443
953 222
773 512
216 200
483 26
980 869
806 94
478 368
204 423
177 541
29 267
612 25
689 825
3 162
727 941
11 231
6 764
860 282
996 188
33 633
333 358
467 1
936 636
12 107
115 47
46 234
27 459
344 158
168 189
982 975
903 631
409 616
977 158
688 373
527 15
533 637
877 361
252 574
285 400
584 687
645 985
621 393
135 101
717 169
996 617
303 151
442 567
290 325
491 634
888 730
608 556
266 853
663 778
901 806
397 664
206 711
689 326
604 257
352 931
775 977
591 283
260 97
143 615
548 830
165 592
726 622
164 730
692 795
120 991
828 13
113 584
465 793
231 540
818 175
828 616
380 778
259 412
456 922
382 915
568 50
13 562
2 595
31 60
410 477
257 959
688 63
122 493
417 193
849 310
352 528
789 283
486 84
154 498
613 709
425 367
651 187
717 566
742 821
591 969
149 261
847 693
914 877
324 322
539 772
559 543
709 888
217 365
955 725
411 840
861 101
719 769
308 867
387 200
808 986
144 166
811 795
953 880
125 938
647 580
254 996
245 318
562 747
307 12
247 64
742 346
746 401
207 10
945 758
396 994
585 470
826 835
889 419
645 370
481 948
248 237
481 190
322 782
959 402
767 482
826 431
993 792
888 141
519 367
477 279
91 299
942 975
989 473
768 314
785 208
389 586
738 41
735 484
148 844
618 951
340 857
314 942
868 986
703 299
872 527
325 101
628 493
356 717
528 466
18 523
982 671
137 760
961 453
611 318
7 996
795 532
621 775
502 225
454 74
930 7
473 156
455 701
679 161
650 857
49 684
815 236
689 981
274 205
796 955
789 366
464 667
143 383
865 847
392 359
889 493
771 832
714 427
826 333
456 319
193 234
999 223
268 493
91 63
559 799
141 694
84 19
209 779
673 568
523 523
514 758
281 536
387 108
99 843
246 365
139 418
207 844
886 246
618 583
199 333
623 878
377 477
793 890
701 36
295 574
165 778
501 920
254 793
722 725
81 986
822 280
722 689
27 858
707 200
544 723
731 972
12 955
604 368
799 919
674 93
910 105
781 244
749 222
144 561
389 3
895 391
446 264
984 587
978 639
503 166
669 470
85 691
672 410
445 172
691 598
176 1
560 510
231 642
78 744
429 993
367 878
774 115
174 984
877 446
434 959
498 300
355 14
784 651
3 484
562 441
569 302
671 442
342 822
579 403
156 656
53 390
598 165
546 959
611 647
537 567
124 204
574 79
765 539
129 331
864 72
992 521
3 200
917 201
144 29
1 803
792 147
36 928
273 279
350 782
872 329
648 325
912 663
862 781
424 110
496 558
650 236
642 264
690 1
250 176
907 849
632 831
654 68
277 131
842 456
383 637
189 752
47 954
249 130
10 394
788 594
404 83
537 64
450 635
316 438
682 271
207 923
940 924
411 757
224 150
946 180
451 437
600 109
946 357
345 291
275 43
120 737
441 496
62 712
932 327
997 373
577 716
772 444
985 19
962 134
929 599
93 958
79 486
436 728
565 579
36 773
605 809
353 109
556 356
38 92
788 419
416 791
91 226
819 939
630 680
537 213
435 818
164 363
78 196
344 47
301 632
891 569
829 652
328 401
710 471
395 173
289 999
372 831
790 332
459 126
865 26
528 329
854 956
899 699
161 330
908 985
51 888
78 898
549 607
359 221
120 233
370 379
727 593
472 541
366 746
265 716
73 367
