600 1334 600 976 10
175 310
50 364
5 295
481 549
99 474
463 486
411 542
31 96
62 73
221 301
101 283
295 347
239 437
279 377
345 427
211 542
120 321
114 236
117 360
13 47
65 595
187 203
174 496
153 389
83 544
256 389
388 443
224 273
203 253
513 525
115 586
46 488
205 228
69 238
206 559
151 448
325 398
304 564
97 308
75 427
183 363
412 430
168 426
263 514
179 294
454 491
74 99
422 517
109 562
406 496
425 464
34 199
72 476
377 540
50 127
169 294
178 381
278 365
127 319
274 534
241 510
8 545
99 162
339 351
292 388
163 263
275 326
39 559
151 272
203 480
171 408
397 501
11 29
271 425
20 149
83 522
167 211
251 252
46 228
119 372
58 379
234 567
49 408
102 242
17 442
173 445
320 425
0 124
448 599
143 393
556 566
27 474
218 547
70 122
429 589
277 394
414 524
134 431
85 513
207 452
125 586
147 412
14 357
288 352
200 250
209 492
61 248
213 223
167 388
118 183
253 466
189 220
233 235
55 178
280 543
33 378
52 313
156 326
492 502
10 337
1 306
102 238
158 471
188 356
287 451
481 565
52 290
24 54
199 481
44 150
63 590
4 104
118 252
180 337
24 426
138 409
233 590
316 504
106 195
39 422
224 559
276 432
395 510
211 443
287 548
442 545
126 364
93 517
89 162
52 461
533 596
92 297
81 285
249 270
196 215
109 213
111 188
255 329
71 376
125 555
98 284
11 441
202 438
398 501
235 590
188 264
205 308
419 587
88 282
327 340
416 597
239 535
52 418
197 505
336 499
6 599
286 481
154 512
52 525
246 524
552 593
81 587
6 235
14 463
575 598
223 550
55 598
48 168
8 589
95 361
106 226
445 539
189 254
72 90
6 138
155 257
242 262
68 112
272 329
20 585
423 483
249 396
210 515
290 487
513 526
4 159
184 371
29 454
178 598
49 326
134 596
203 466
76 518
225 526
481 530
339 407
154 195
291 310
9 416
519 571
153 228
476 577
159 181
116 137
270 518
27 245
416 563
96 434
312 481
169 170
2 110
376 564
178 479
0 83
31 210
391 412
298 344
331 522
313 373
21 566
37 485
373 485
155 289
98 533
254 573
248 576
177 412
114 578
80 324
196 511
221 254
332 569
195 203
481 532
71 486
185 286
272 341
49 194
74 89
6 385
502 594
440 531
57 270
8 442
63 247
364 423
28 440
301 358
165 386
360 387
299 341
191 588
332 459
62 168
146 413
1 28
158 385
241 319
126 300
87 91
472 535
155 490
171 315
282 546
10 99
224 570
74 285
285 374
72 594
103 183
269 591
167 542
575 586
207 355
2 489
572 576
35 315
260 471
48 221
50 354
225 273
18 140
245 349
66 345
181 538
8 309
303 450
104 471
19 504
212 328
67 548
216 265
134 535
88 340
289 411
135 176
369 419
46 356
228 389
283 456
180 438
129 350
153 488
457 481
220 434
218 454
500 508
273 519
165 468
447 506
157 465
105 339
227 493
526 571
349 560
53 122
41 262
245 386
437 533
283 599
29 186
216 513
33 247
41 119
88 327
30 288
231 235
529 546
213 296
141 165
280 434
197 597
32 469
188 470
123 373
211 389
18 335
332 461
374 587
387 501
115 361
110 475
306 400
339 436
38 263
464 565
340 471
449 497
230 583
134 380
188 466
21 224
31 573
175 482
40 588
534 570
257 577
219 582
333 356
276 520
172 546
62 426
2 160
99 141
474 560
320 412
121 377
98 596
135 250
131 302
352 465
27 165
258 581
338 411
410 457
459 562
68 385
97 511
420 565
417 527
153 211
60 307
106 353
166 280
166 593
70 493
25 267
125 199
525 526
245 561
137 403
65 175
217 449
202 310
68 541
93 384
197 592
39 45
385 541
45 517
247 507
16 406
129 495
114 598
30 483
284 416
509 552
43 78
51 268
382 450
216 534
205 277
56 499
44 251
362 526
40 235
376 390
76 261
130 545
156 453
397 524
200 529
145 241
11 245
370 524
258 553
66 427
59 475
135 200
13 26
166 484
281 567
15 43
246 319
183 338
285 346
121 200
55 379
204 460
80 201
181 261
19 299
291 392
105 436
151 299
89 99
188 480
193 506
467 483
73 220
120 238
222 257
146 154
276 442
379 479
173 539
512 577
336 450
7 201
309 589
266 422
289 516
136 596
224 521
574 582
550 583
128 260
439 533
193 447
19 82
254 534
137 417
257 476
9 410
151 341
22 580
368 581
241 395
184 369
94 239
443 503
99 180
39 206
282 340
178 379
115 199
63 191
5 16
314 463
161 336
88 263
36 73
37 373
196 552
488 490
139 380
15 243
229 325
250 469
437 592
217 379
344 495
169 373
28 306
24 168
268 401
149 234
91 255
499 537
169 485
41 372
104 209
71 350
425 574
26 47
67 239
460 598
119 444
211 473
16 18
216 515
334 547
112 599
35 49
483 494
56 588
11 524
25 149
156 282
379 381
277 426
66 157
579 589
496 539
116 192
31 220
51 166
85 296
170 415
45 206
350 499
330 496
448 456
53 383
414 560
50 241
255 531
239 548
332 508
60 589
105 470
265 534
29 441
72 367
193 234
232 523
133 305
240 502
144 260
342 428
1 531
6 237
52 569
46 277
466 512
431 535
23 275
157 288
502 541
141 285
26 269
75 559
54 264
101 231
165 474
30 352
17 173
69 478
84 492
10 311
95 114
120 465
177 410
55 460
182 224
69 372
187 226
73 401
361 575
247 344
24 384
418 513
183 455
204 449
35 194
45 570
460 575
17 64
35 219
265 526
88 163
64 545
175 595
177 279
443 473
131 468
201 322
390 574
246 417
84 104
69 270
11 560
200 377
41 106
25 585
34 286
213 515
223 278
372 444
292 584
414 474
384 517
370 397
303 314
130 293
19 190
214 438
294 557
365 528
84 413
74 415
406 433
540 546
2 402
296 487
281 506
567 585
467 498
58 217
359 433
110 160
195 512
148 592
107 445
118 338
42 495
357 463
279 410
24 394
256 473
32 139
184 294
103 388
172 282
405 469
215 509
124 355
38 282
320 464
125 530
270 478
94 472
281 484
388 455
488 542
48 93
367 492
7 80
10 446
96 210
287 366
47 307
99 446
231 590
403 417
206 570
9 284
314 315
44 252
121 279
157 423
338 523
288 465
25 278
223 528
85 418
250 498
105 111
267 280
508 569
133 244
57 76
15 540
27 349
222 316
139 431
83 355
202 337
85 487
428 572
473 503
336 350
42 537
37 123
132 334
107 173
43 326
151 255
120 242
130 452
108 382
220 280
87 456
218 468
39 75
477 529
203 226
159 372
400 440
69 102
137 139
348 400
154 367
0 544
70 554
162 180
136 284
314 486
57 518
161 463
50 319
158 260
19 150
357 486
107 331
325 397
268 543
154 413
477 546
81 295
300 556
205 426
114 361
359 522
7 77
229 579
358 517
324 329
459 461
522 544
115 576
48 189
53 70
32 250
500 569
412 420
116 417
33 164
179 313
309 491
231 283
373 525
335 433
160 328
12 150
259 552
149 365
185 416
187 480
206 224
261 477
77 252
17 432
47 432
411 516
52 500
228 277
3 267
167 411
179 500
225 570
38 88
308 511
9 404
416 435
356 488
13 269
123 536
42 56
529 540
169 458
287 318
127 364
205 259
311 414
4 261
33 113
135 249
274 301
159 538
495 507
326 462
185 563
0 355
103 363
234 447
20 25
132 547
478 538
148 305
105 266
438 519
213 583
12 82
96 230
301 517
158 209
392 395
321 352
418 487
262 339
79 363
125 312
198 350
390 425
367 594
5 334
320 565
143 505
319 483
432 520
385 409
40 128
61 328
0 18
229 309
120 427
163 260
6 409
425 582
328 342
215 584
472 554
190 299
186 524
25 365
77 558
58 304
66 120
408 453
452 545
297 498
271 304
433 496
479 564
136 405
457 549
233 588
97 259
295 302
125 460
118 523
87 283
10 180
304 376
410 420
109 459
199 286
34 248
22 91
5 347
84 154
78 243
33 101
126 157
118 142
486 574
4 471
387 417
387 429
321 465
48 62
100 257
286 475
467 494
333 466
295 587
16 334
392 510
194 275
238 270
82 504
230 434
60 429
266 407
6 112
46 264
149 447
78 275
464 497
320 430
225 534
215 568
79 388
14 336
401 552
255 580
176 529
172 462
155 466
19 240
281 593
115 248
241 246
1 580
84 367
9 405
411 488
147 565
272 324
259 401
343 449
2 375
121 404
309 579
186 441
267 484
201 258
533 597
219 486
65 521
169 313
256 503
66 556
90 476
326 408
67 287
70 472
322 329
111 436
383 429
337 438
240 504
33 348
439 596
41 102
23 194
133 493
187 188
186 491
148 318
29 561
318 451
497 565
193 567
26 227
365 447
244 269
278 528
243 540
29 491
114 575
209 471
284 597
306 580
374 419
37 214
152 264
285 302
386 468
129 537
207 218
384 470
312 399
477 518
75 407
262 351
13 244
299 502
186 309
17 520
387 398
66 566
214 458
42 499
536 571
51 552
58 479
179 184
190 558
253 512
275 391
385 492
111 470
290 418
59 212
354 364
0 140
421 510
215 308
78 177
177 391
48 358
102 262
24 152
134 136
451 592
194 582
291 337
352 396
116 139
532 549
39 407
138 260
404 410
162 458
366 548
319 417
76 477
85 515
108 163
124 547
30 157
176 249
476 512
333 488
109 461
94 548
483 527
458 485
10 414
4 181
420 457
81 302
89 458
72 240
185 475
64 208
247 298
421 595
380 469
498 551
313 500
41 353
282 477
353 436
45 274
123 362
198 376
175 521
100 516
104 492
36 62
145 319
453 514
311 337
95 317
133 269
6 128
48 254
503 568
195 253
43 462
442 520
242 407
400 581
433 445
307 432
86 491
130 309
67 451
393 592
117 387
0 547
205 389
296 515
68 299
313 525
131 346
175 202
22 348
293 491
36 205
345 559
127 423
69 159
176 477
134 139
6 231
73 259
16 132
495 537
126 595
466 490
58 564
109 223
416 549
160 212
218 245
219 574
111 187
64 331
424 493
349 474
148 375
494 527
231 237
58 271
164 507
258 323
53 554
335 544
437 451
182 521
435 597
454 561
117 535
60 122
225 265
318 366
15 462
246 370
294 313
58 343
178 236
61 576
224 566
92 116
238 321
139 297
46 54
268 552
264 356
278 550
196 509
445 496
86 207
71 390
519 521
35 171
71 574
363 455
162 214
92 494
197 533
76 538
274 570
309 325
375 402
269 493
260 409
180 214
107 208
411 490
240 299
264 470
112 448
170 184
3 280
3 550
532 563
375 489
194 219
217 460
380 405
141 346
70 94
368 553
122 493
18 406
74 141
524 560
204 217
15 78
291 482
398 429
25 550
56 382
312 530
143 185
130 491
226 353
15 546
91 151
14 161
121 469
14 350
352 483
153 542
40 163
197 435
176 518
396 483
40 108
3 25
311 392
59 286
40 233
559 566
87 378
159 413
112 299
227 424
251 316
354 595
34 59
36 426
128 235
219 314
221 358
245 454
252 558
384 422
117 431
305 402
220 543
317 428
284 405
254 515
305 318
192 417
23 430
63 298
22 33
100 338
392 414
163 514
0 335
110 212
332 562
27 386
150 190
273 521
308 389
41 351
97 205
236 598
249 518
271 343
303 315
71 198
438 521
45 422
225 571
80 322
117 554
249 321
1 440
146 444
80 272
330 539
86 293
77 272
307 424
177 420
113 400
170 419
12 44
197 437
77 341
399 555
109 487
11 561
270 321
286 532
215 503
199 530
132 140
156 462
109 296
32 498
484 593
89 415
9 549
261 471
319 527
176 200
382 588
292 455
39 266
47 227
268 280
136 380
258 368
113 164
395 524
16 140
360 429
166 268
310 482
300 595
137 192
322 323
144 327
70 548
17 545
526 536
7 272
549 563
222 232
57 538
117 472
304 390
53 360
415 419
106 119
111 353
221 534
359 544
99 165
376 479
210 213
237 599
361 576
514 62 311 599 529 334 350 562 501 422 477 190 252 228 550 181 482 145 436 307 399 584 522 397 472 356 42 437 500 563 585 400 223 224 7 307 242 442 384 404 585 589 70 50 323 284 552 454 30 57 307 564 540 114 574 440 198 389 380 484 253 368 322 11 146 548 33 5 413 551 572 424 244 8 533 572 262 391 572 449 535 399 167 282 546 10 309 306 276 134 314 516 222 358 360 327 253 174 208 487 457 236 574 302 553 77 529 543 353 380 261 238 547 100 365 583 174 144 39 107 18 172 572 288 368 70 549 19 128 371 59 401 61 273 17 1 112 492 502 585 295 15 430 471 353 129 72 322 35 321 187 220 541 346 322 331 505 572 509 406 124 68 572 245 233 148 375 85 194 113 537 544 296 30 270 582 140 122 474 213 490 94 297 293 170 266 484 228 373 237 598 393 433 227 566 144 59 405 469 157 379 474 317 174 471 592 349 511 400 57 395 344 164 41 406 67 30 116 583 353 573 107 498 530 321 128 79 258 0 309 550 130 566 575 416 132 10 269 523 399 425 492 279 262 386 21 554 244 96 266 97 323 280 429 262 493 334 87 230 495 513 518 346 266 474 30 436 315 145 108 100 443 126 157 396 491 239 219 506 259 595 489 406 215 443 487 214 131 25 556 473 401 300 330 495 403 417 77 80 458 331 454 296 599 366 316 301 543 530 512 434 64 217 21 300 338 542 156 35 466 16 80 200 118 183 205 120 530 316 192 319 178 5 43 573 247 465 187 117 554 206 467 462 459 475 127 388 243 583 164 299 287 55 551 389 150 330 228 322 33 135 51 459 215 284 387 210 232 227 222 503 538 215 5 504 162 305 56 183 64 101 431 355 3 51 572 504 597 435 223 21 18 420 467 275 409 65 588 335 495 13 397 99 479 325 451 125 517 509 358 379 510 332 188 409 283 508 91 213 10 531 85 546 389 102 351 252 82 229 344 93 419 344 119 404 598 249 597 363 264 91 397 323 482 229 546 110 401 551 376 198 448 520 36 437 279 102 296 186 127 57 22 523 114 238 63 287 137 363 101 86 480 180 104 39 455 0 490 599 399 122 531 110 272 504 126 207 183 250 397 164 63 45 248 479 100 295 453 311 340 557 569 415 144 273 585 460 222 239 279 492 168 85 235 337 435 0 495 472 10 245 21 218 564 523 540 321 243 423 32 273 588 397 49 323 371 311 45 330 45 161 425 266 484 11 140 384 307 440 529 173 307 515 554 393 257 120 219 115 339 254 229 3 45 527 517 98 181 289 294 496 580 483 254 186 448 307 419 242 215 99 366 320 162 171 269 129 579 523 72 553 19 255 288 261 20 143 573 257 153
820 113
101 917
999 734
121 129
385 637
765 10
286 807
9 785
891 266
756 694
588 198
707 268
87 674
990 434
506 936
594 701
831 25
989 237
885 57
153 723
92 62
465 297
161 903
619 799
223 312
102 95
978 394
697 185
119 970
766 237
580 496
228 153
693 569
218 962
880 802
544 838
135 281
465 173
461 731
376 356
371 849
355 524
425 936
587 739
59 704
354 306
191 386
981 359
241 219
552 795
598 405
25 168
375 77
833 401
221 360
807 950
415 912
461 592
716 951
900 780
878 355
946 843
200 228
291 922
931 223
498 305
474 425
887 564
251 770
418 556
879 474
608 943
211 658
123 235
622 78
414 385
476 627
67 772
630 732
24 486
22 813
667 34
117 684
848 132
291 672
311 89
817 198
167 877
421 730
572 102
250 612
142 882
699 529
251 305
882 499
932 941
183 130
83 301
820 612
607 122
124 603
230 904
394 516
54 541
342 657
320 385
306 539
946 150
436 833
259 48
948 767
297 438
213 778
229 997
888 952
861 850
726 495
820 482
19 622
335 545
473 470
659 640
870 397
430 152
772 121
808 861
521 382
608 441
312 818
430 994
852 233
740 35
815 63
952 516
753 553
601 591
756 586
763 480
309 788
718 554
847 76
645 120
28 650
872 691
394 758
653 399
313 592
706 813
939 641
115 31
91 703
134 842
269 376
129 434
288 638
150 563
533 753
526 432
324 716
401 590
977 779
499 891
558 130
403 793
254 981
669 148
66 160
87 479
194 260
504 96
534 72
515 836
524 719
981 150
952 15
523 279
540 595
675 736
843 990
454 2
581 150
418 636
449 276
25 549
528 19
826 716
720 308
280 470
252 436
192 196
114 761
377 919
735 471
44 12
577 820
265 540
25 276
881 626
596 967
848 803
619 641
0 889
500 235
233 506
768 903
123 322
387 316
788 168
960 181
306 692
226 113
98 441
946 810
218 80
543 159
35 350
340 177
751 925
747 154
572 875
148 192
278 235
129 629
211 23
417 284
377 229
299 507
946 400
139 395
812 313
157 86
275 896
99 601
355 869
58 45
320 845
866 975
262 847
431 511
859 563
174 703
631 366
428 470
626 706
983 482
742 182
693 405
302 958
919 817
540 560
650 600
62 666
11 697
216 529
253 188
108 842
76 386
155 614
8 960
102 278
337 775
445 641
394 456
451 768
239 390
348 204
354 377
89 120
89 192
958 450
453 534
671 921
47 807
403 246
319 267
612 753
953 307
139 350
172 27
679 698
126 154
3 28
467 702
233 854
785 671
656 59
863 773
917 565
537 479
142 534
337 82
588 309
19 411
827 236
484 45
667 5
272 83
667 542
325 943
156 762
525 351
295 255
695 47
468 889
658 987
1000 609
130 938
937 331
82 341
823 288
524 254
598 250
781 830
437 38
548 894
472 842
158 648
987 992
963 575
622 414
683 844
481 512
36 885
14 915
35 844
763 321
570 774
384 717
969 853
72 862
1000 48
929 180
319 0
187 458
773 41
905 104
458 918
549 229
74 588
363 427
403 694
94 786
984 918
698 930
349 959
436 371
671 108
700 18
153 951
688 236
514 978
365 457
569 539
336 473
569 393
797 140
221 415
529 954
259 263
932 122
793 410
883 876
392 154
27 521
581 429
137 11
941 549
256 649
58 969
582 18
731 388
500 17
376 563
462 133
630 44
985 638
633 988
625 676
212 886
775 962
724 598
813 975
395 866
849 363
282 334
274 741
717 160
762 400
40 459
101 392
636 961
646 771
619 278
919 675
172 344
643 318
590 568
740 335
772 347
751 873
136 991
67 236
1000 667
755 456
709 653
762 653
926 24
399 407
527 807
314 741
721 705
122 492
679 804
357 592
642 266
573 72
795 696
717 452
325 116
598 52
708 764
599 357
324 360
594 474
916 404
649 884
162 316
440 417
993 943
828 346
631 843
786 521
971 326
936 75
153 154
864 667
339 444
905 587
492 210
832 566
76 949
736 271
933 266
54 438
325 569
968 102
620 200
74 2
167 799
728 913
431 889
929 596
871 195
508 788
779 198
4 462
172 829
752 751
535 113
268 11
818 912
312 34
562 712
546 926
687 878
511 479
200 485
632 532
708 117
699 618
291 399
378 690
845 499
89 416
653 216
916 726
214 608
511 634
450 563
736 994
244 474
811 789
558 289
603 517
40 115
508 149
575 915
311 64
160 460
941 713
166 501
805 248
273 697
905 428
654 501
339 997
968 44
722 883
644 563
450 948
399 43
747 360
226 689
47 397
148 691
893 672
17 1
283 984
376 4
0 257
619 339
31 317
218 576
313 143
478 798
276 121
104 573
296 291
515 591
451 199
982 269
452 248
887 161
48 621
675 317
390 103
374 194
678 478
184 0
560 637
801 814
77 905
839 765
861 610
338 249
806 554
430 184
411 969
437 603
995 125
596 664
247 717
123 463
114 203
875 124
894 235
534 671
739 91
915 540
760 726
172 66
612 555
24 222
40 928
841 447
781 856
497 389
513 48
84 729
425 346
681 264
752 214
238 14
802 727
694 990
725 838
486 343
32 40
59 367
344 16
369 267
407 212
941 899
249 129
613 914
849 892
912 857
165 587
885 992
841 307
116 897
36 990
604 864
192 81
1 375
66 100
831 872
631 12
365 897
912 316
302 886
956 478
902 642
16 122
252 681
575 342
840 595
856 635
859 942
221 827
