600 1632 600 794 4
34 376
83 85
425 535
39 442
328 387
173 243
18 584
401 552
339 458
242 567
38 147
98 560
80 473
301 396
178 526
263 300
60 196
351 429
56 210
126 235
61 332
107 521
225 409
270 597
235 380
384 502
202 358
473 516
494 561
34 520
87 148
417 467
69 258
18 213
32 430
70 224
265 526
209 396
21 359
97 440
264 361
147 594
476 511
31 223
425 506
35 275
224 346
220 258
79 171
178 587
173 443
124 373
259 332
113 133
17 299
192 590
139 364
119 280
207 313
3 33
366 486
174 562
98 390
78 216
140 446
127 401
485 519
89 438
149 273
85 373
192 552
306 325
65 409
237 488
13 363
53 473
163 550
77 119
121 300
536 563
332 461
457 490
440 525
58 188
81 147
344 461
6 249
156 293
291 400
39 225
91 237
557 572
228 398
160 462
403 588
296 478
57 193
336 544
214 337
475 546
205 291
240 492
358 452
417 498
74 550
130 289
46 434
397 598
199 559
41 294
275 486
96 215
455 553
86 529
75 332
237 294
15 463
90 406
273 360
71 90
343 435
101 157
7 552
6 521
180 523
225 442
1 252
160 201
154 257
146 293
384 423
292 322
103 502
223 500
53 516
502 556
64 193
132 203
125 366
62 375
345 574
379 512
14 579
225 388
26 83
212 467
278 303
580 581
13 119
419 575
68 547
77 414
42 281
437 572
108 599
115 133
543 553
341 532
138 194
63 213
27 377
157 256
501 560
126 468
51 507
98 141
62 561
63 276
74 236
212 557
123 479
298 358
439 456
113 122
96 416
528 536
35 289
129 163
238 276
136 297
544 557
239 326
373 439
236 496
313 523
125 260
336 571
449 547
12 558
171 446
493 511
225 573
91 488
37 492
165 445
91 319
256 326
199 597
341 453
198 246
23 370
115 309
72 350
106 136
99 100
276 427
321 326
97 107
12 75
355 374
238 593
222 320
97 586
11 431
469 547
35 253
430 537
81 479
72 76
360 518
2 556
14 452
160 517
247 311
312 315
140 171
261 553
546 554
69 336
4 432
230 457
153 385
276 580
281 377
231 474
135 489
417 542
179 558
13 280
209 523
303 501
228 274
187 578
3 280
146 337
76 100
449 469
19 84
11 438
90 195
340 586
28 583
166 374
238 435
338 421
17 236
52 295
58 586
97 445
82 589
368 405
162 447
169 203
169 289
305 511
81 96
137 419
153 331
206 551
10 368
345 475
279 567
192 284
54 508
167 344
145 334
422 527
414 520
77 84
14 21
214 244
567 573
310 536
105 453
174 254
216 581
24 259
367 504
477 560
177 306
0 297
5 569
138 153
425 553
131 551
181 293
98 439
37 172
92 458
74 491
334 557
13 414
62 385
96 354
97 521
59 301
382 568
345 351
377 473
174 207
48 161
580 584
413 506
316 513
123 582
131 342
42 92
396 564
232 295
505 509
455 543
37 533
183 441
137 481
155 392
23 429
365 463
110 208
85 315
459 556
330 471
415 480
9 409
165 182
94 221
202 292
243 443
331 512
270 417
420 577
77 298
7 265
43 274
54 312
468 539
10 358
291 577
79 289
343 548
287 559
58 389
242 310
419 481
524 541
34 77
208 522
71 195
269 411
477 501
7 28
151 506
316 501
231 263
15 211
133 452
436 582
374 539
201 529
123 570
200 510
516 558
111 430
394 464
180 209
71 406
5 422
318 415
157 290
6 267
354 466
73 357
245 410
212 352
266 393
476 574
50 69
172 173
81 196
27 473
371 585
186 598
45 235
354 433
436 570
16 358
297 391
142 518
409 598
479 570
85 143
43 93
24 457
4 59
160 210
52 428
506 553
87 465
186 238
167 457
36 364
6 460
168 222
21 188
428 472
150 233
308 577
438 537
228 507
44 378
91 294
511 554
22 590
155 582
60 215
134 418
431 537
220 227
70 285
159 404
111 463
67 211
34 322
135 555
20 187
537 578
161 432
101 290
389 445
94 111
371 411
72 420
361 516
121 139
75 244
222 245
272 538
250 503
62 230
105 532
58 579
368 497
349 356
384 461
150 198
272 392
254 465
111 221
357 545
118 539
72 100
268 396
356 514
105 421
394 446
169 426
548 565
34 292
30 503
30 411
259 393
534 599
295 500
232 450
104 235
234 489
205 400
2 184
493 546
340 444
59 194
121 364
156 181
47 86
282 451
405 579
102 365
87 583
428 560
116 293
153 255
44 235
252 439
68 73
66 431
3 350
142 273
45 378
134 186
15 576
124 439
202 322
89 319
135 375
84 208
517 529
239 321
373 390
364 538
105 341
85 508
106 391
103 185
109 197
78 581
99 519
156 471
162 310
315 347
62 184
207 277
395 504
222 267
408 555
233 242
329 567
117 407
55 588
351 574
19 115
353 433
20 578
362 438
158 282
0 62
99 119
253 415
324 454
145 347
52 83
241 412
78 189
313 350
212 417
172 243
83 143
152 410
114 444
40 413
65 372
484 511
426 432
167 459
49 125
117 471
44 539
58 405
126 479
223 287
455 576
375 555
220 542
2 502
62 128
95 496
194 314
446 524
164 455
76 204
362 431
28 224
197 330
74 163
43 549
209 296
383 519
31 477
268 564
249 402
14 73
92 475
52 141
195 463
77 292
220 417
233 310
37 240
2 379
200 399
17 496
218 458
247 371
261 506
251 255
302 576
413 478
155 538
176 252
196 215
33 376
152 346
55 229
3 363
70 552
149 467
447 583
15 221
316 561
162 233
313 441
406 524
42 377
220 597
82 433
27 395
70 356
187 537
492 533
0 561
310 540
344 556
10 452
454 567
69 450
301 564
176 439
434 530
302 463
434 541
15 37
71 463
25 323
183 523
323 330
148 162
78 527
77 99
210 324
101 239
175 378
182 445
292 298
312 508
4 79
240 328
90 318
256 309
138 251
73 133
257 277
277 313
334 544
259 461
219 544
285 552
72 268
231 382
99 110
240 424
123 468
209 529
220 270
88 290
148 246
301 464
419 491
536 540
54 200
104 262
162 247
153 185
267 525
207 562
229 518
460 525
168 421
194 205
252 513
4 171
469 551
16 265
464 478
79 432
422 536
68 206
229 599
404 487
207 254
31 237
57 89
177 448
138 408
139 543
38 436
136 252
71 302
475 554
37 221
260 366
154 322
56 242
68 357
386 596
239 282
271 334
287 591
284 587
179 515
55 534
416 466
143 315
7 87
309 449
76 291
28 503
175 595
49 102
224 503
457 459
80 483
152 453
226 320
75 259
279 422
182 440
212 219
303 560
124 200
56 324
47 523
222 226
107 440
67 96
295 450
110 381
12 458
42 458
33 363
60 509
286 407
496 550
111 325
28 288
60 67
441 523
15 353
440 532
569 593
25 190
11 599
385 408
154 254
43 185
72 308
386 510
15 328
50 295
93 507
211 353
199 591
159 244
19 566
17 95
82 139
112 393
173 492
98 428
159 487
355 539
208 381
282 516
329 593
158 451
35 434
170 388
90 253
31 500
120 465
8 32
118 166
40 296
169 432
501 561
61 461
64 591
243 448
8 366
361 473
349 453
530 541
65 186
527 581
177 243
194 251
180 268
88 93
360 588
295 428
223 294
11 362
410 453
214 305
18 63
228 384
51 369
76 577
211 416
359 545
26 307
229 360
271 531
184 457
174 462
141 428
510 596
1 495
431 575
244 337
100 485
402 521
283 400
46 289
32 111
33 34
124 176
7 284
470 563
194 555
191 198
455 589
511 546
348 515
12 332
109 330
330 407
23 117
309 326
287 500
84 381
152 349
275 289
1 136
128 375
36 121
108 438
130 169
170 209
295 559
15 111
175 262
87 499
334 412
190 333
375 408
341 440
203 426
382 388
2 62
348 398
524 530
110 519
151 524
235 378
185 283
257 322
112 457
217 487
67 215
26 390
141 390
361 558
32 125
158 367
470 528
170 535
133 298
88 101
160 529
6 222
430 438
98 303
122 566
587 590
273 467
8 91
39 160
384 398
25 333
237 489
0 230
95 482
211 387
225 568
17 149
37 328
38 364
473 504
188 586
377 458
86 562
309 551
278 501
43 283
162 311
11 108
102 480
163 481
168 267
139 248
9 231
41 91
351 370
48 135
45 175
224 250
231 425
270 542
413 535
527 580
515 558
267 532
333 490
158 483
79 169
327 549
503 583
252 399
36 548
66 137
116 146
51 398
307 373
253 275
300 474
326 451
75 404
475 493
30 371
525 532
198 233
130 275
80 516
453 514
49 111
161 314
295 472
9 568
198 462
43 327
180 183
327 383
44 468
103 384
227 417
97 389
7 288
110 522
67 416
88 519
278 316
112 259
67 387
132 489
296 396
14 133
88 383
476 493
397 418
474 598
84 122
54 124
314 432
261 576
300 397
5 593
254 499
63 427
281 395
23 351
118 374
260 275
250 346
201 517
16 526
299 592
102 463
152 245
161 426
279 536
391 490
185 400
363 520
210 462
38 538
254 277
24 112
278 456
68 545
102 195
65 573
1 190
418 548
283 519
23 471
130 237
331 385
114 521
206 547
88 369
294 591
116 471
352 592
135 477
95 299
500 559
258 597
338 532
157 522
6 402
175 539
491 534
16 587
185 379
66 575
12 218
186 409
452 579
173 505
114 340
205 308
462 562
25 495
238 343
553 576
170 529
179 348
495 596
39 388
286 330
395 473
160 170
241 271
154 465
74 419
370 476
372 573
346 356
165 497
149 403
21 340
279 329
266 335
528 563
186 372
213 584
370 429
151 413
104 380
181 393
436 538
92 554
126 380
125 415
217 554
310 567
51 282
309 342
46 140
134 565
18 580
298 452
195 480
106 490
526 587
213 581
47 207
134 397
91 486
37 94
523 529
176 399
390 439
168 338
124 508
263 553
45 262
460 521
89 108
401 590
236 403
346 349
285 356
185 205
71 524
274 507
77 110
327 519
174 246
118 155
263 474
150 162
343 565
48 203
329 372
87 246
266 323
29 427
345 493
354 594
187 443
186 435
171 394
1 386
197 596
109 286
430 578
306 578
421 453
528 540
60 387
347 412
248 553
13 520
472 477
10 579
372 567
138 385
247 585
172 448
258 336
265 322
183 350
16 368
217 458
142 360
181 337
458 487
61 423
59 564
267 338
191 233
188 579
325 430
115 547
136 333
433 594
109 596
57 64
239 369
465 499
184 556
129 482
98 456
206 469
31 317
30 250
114 402
348 384
299 572
75 159
293 337
219 498
386 399
385 512
478 524
4 394
165 368
130 203
410 421
29 392
204 283
56 191
375 385
431 599
19 256
423 515
378 539
454 573
269 470
179 398
244 259
230 391
146 214
175 355
207 523
156 393
179 282
349 514
213 355
307 390
33 257
21 357
303 456
48 555
527 569
81 570
335 393
89 591
127 453
167 259
143 347
135 501
211 328
268 308
199 450
227 544
50 52
55 599
25 490
214 511
121 418
212 572
160 388
95 129
73 115
151 261
272 343
127 341
87 447
40 478
94 325
106 333
257 376
247 447
172 325
306 430
373 508
497 587
128 561
100 119
311 470
120 322
59 314
389 405
87 162
247 411
59 464
199 258
276 343
197 495
225 454
227 571
344 459
15 164
170 296
66 537
239 451
50 531
247 269
43 103
72 119
29 374
15 302
104 126
352 467
559 591
331 379
423 461
49 480
274 384
367 451
383 549
213 595
498 544
309 469
227 498
212 437
306 448
299 437
146 484
159 554
88 110
83 271
136 316
133 566
32 49
167 461
382 535
388 535
66 443
342 504
545 551
74 588
143 241
186 343
159 214
267 460
238 569
392 427
322 376
319 430
173 533
41 591
280 363
285 514
181 244
433 466
66 187
64 199
142 270
192 401
80 158
71 151
317 472
368 389
82 353
166 392
308 420
121 397
48 426
309 451
38 570
84 113
517 562
195 318
119 414
264 558
275 488
189 422
140 524
299 482
266 471
145 557
304 330
111 365
3 313
212 498
155 436
262 595
249 521
250 411
272 364
248 543
260 415
164 589
138 255
9 474
5 527
184 459
256 321
305 484
492 505
316 456
97 182
418 565
246 499
38 81
73 547
56 198
204 400
134 598
234 477
223 237
86 517
178 265
583 585
266 330
19 309
188 340
92 281
94 172
118 468
213 374
240 509
115 566
26 141
189 527
476 484
155 166
210 442
238 372
1 333
218 264
7 120
58 97
304 407
129 496
431 534
34 363
344 502
29 166
200 386
65 225
47 562
140 541
396 478
7 192
90 530
319 438
103 379
288 583
406 530
28 552
182 497
8 319
323 335
120 265
118 123
145 412
36 272
440 460
46 171
461 502
174 499
419 431
179 516
151 302
6 226
161 555
369 507
468 479
16 202
446 464
87 288
12 61
273 403
22 341
106 297
181 259
12 487
343 427
51 228
531 544
323 495
361 377
297 561
205 251
70 346
1 399
431 491
182 341
116 370
202 298
52 271
382 425
342 451
136 513
83 307
116 484
97 114
3 72
19 208
241 347
105 338
76 420
311 540
20 443
308 564
317 500
7 178
102 111
20 243
245 421
0 391
287 294
39 210
113 298
359 444
41 89
53 361
107 460
83 241
100 204
159 511
271 412
273 588
96 196
40 535
506 535
153 205
22 587
2 103
193 518
189 536
204 291
89 229
46 541
350 441
25 457
10 16
193 597
22 127
74 403
118 582
83 141
161 194
101 369
32 319
137 575
92 217
154 277
101 321
348 423
180 350
235 262
339 377
91 366
157 208
33 313
413 524
387 509
311 528
257 313
168 245
180 396
44 126
64 89
204 519
329 422
290 522
142 467
276 569
25 112
271 544
284 590
259 457
220 571
368 445
9 598
231 568
12 404
198 210
172 306
124 399
182 587
211 466
108 229
370 574
392 538
212 299
125 480
283 327
148 198
339 361
149 592
82 455
191 242
324 567
317 477
85 307
218 361
397 474
232 559
82 543
388 568
5 329
157 321
370 484
401 514
56 567
1 596
50 336
132 237
163 496
213 427
55 360
89 91
193 270
263 425
57 229
14 357
353 589
57 518
268 350
447 585
99 485
342 551
199 232
442 454
230 490
282 369
109 200
258 571
17 592
50 271
275 415
135 234
473 483
272 548
357 359
172 533
127 590
328 424
446 478
184 230
354 416
272 427
367 483
77 520
171 289
164 576
286 304
428 477
10 405
353 466
2 144
31 489
162 540
8 125
569 580
208 256
7 465
197 323
55 491
486 488
127 514
62 144
492 509
48 489
206 545
31 234
2 512
131 504
293 471
439 513
28 70
149 352
120 154
318 480
130 132
424 509
494 501
253 318
570 582
72 280
4 314
103 274
38 433
472 500
20 177
61 558
146 305
142 193
270 392 415 325 254 287 419 401 134 147 236 447 573 401 92 53 331 304 550 573 167 138 461 439 106 554 199 357 322 128 54 515 404 587 122 198 234 211 359 425 424 306 141 196 92 429 542 212 337 349 311 31 574 563 63 307 485 92 54 16 19 489 174 210 576 228 341 508 87 116 196 578 526 95 492 461 142 26 139 385 42 407 415 534 83 470 477 365 136 17 285 165 553 48 537 562 255 348 351 585 28 94 147 64 593 445 339 281 215 45 167 579 541 545 256 130 254 364 577 430 147 571 308 297 386 0 165 163 65 375 267 344 556 157 108 509 70 71 526 99 478 35 456 166 48 382 556 40 542 211 254 421 242 114 92 560 29 45 345 25 114 386 114 235 257 522 345 593 477 596 257 341 435 534 584 577 393 489 336 113 498 77 255 180 214 546 251 526 393 491 313 134 242 511 331 427 22 491 569 45 8 382 10 410 76 81 85 196 337 324 594 487 306 279 242 484 439 393 333 118 114 447 183 586 431 355 21 260 89 271 208 385 300 33 209 244 231 394 74 582 408 552 130 227 523 375 499 299 389 564 484 150 185 31 340 256 343 287 116 345 283 302 587 578 460 456 40 73 481 11 119 104 207 260 524 88 268 110 454 441 223 34 62 513 496 109 573 343 65 298 200 277 223 149 299 170 60 80 527 38 12 551 242 275 227 271 495 304 56 528 541 384 593 239 202 53 359 308 462 259 199 233 238 208 86 194 348 42 537 46 280 93 575 584 117 584 51 553 230 94 204 437 15 309 493 232 137 503 318 300 536 511 528 265 201 93 426 375 286 531 119 529 558 534 483 465 151 399 352 363 571 480 192 304 111 473 554 548 255 185 174 277 142 416 4 139 364 582 263 231 394 113 14 64 15 536 339 128 24 444 89 25 21 243 346 303 141 327 533 46 570 555 95 477 188 93 295 596 312 190 167 255 60 34 100 137 30 546 282 210 464 31 580 262 495 67 21 147 324 85 234 33 499 210 454 16 333 362 151 306 426 334 512 429 173 529 354 124 342 403 583 164 246 48 394 27 7 13 38 561 555 552 476 525 42 145 22 83 233 461 388 367 333 314 277 168 498 319 229 177 222 551 166 524 569 473 480 48 162 237 32 506 306 454 84 405 153 322 61 291 430 326 437 497 534 303 363 431 208 200 485 437 313 595 544 9 333 419 591 390 13 109 505 59 11 578 325 120 525 511 110 545 254 428 51 363 126 137 386 508 193 564 485 148 98 214 322 368 530 182 99 198 362 532 360 486 447 186 329 62 152 359 13 372 26 206 238 146 143 441 382 545 263 569 160 432 262 213 566 462 84 179 431 252 275 355 439 209 259 494
778 399
904 383
697 369
365 356
559 563
98 654
131 3
167 328
632 769
273 690
280 168
684 851
759 116
399 317
328 86
441 858
276 211
890 916
90 819
461 157
625 955
322 42
164 213
1000 102
824 279
849 342
889 575
683 8
87 318
150 843
52 391
701 619
592 788
336 345
334 283
546 648
246 795
483 889
260 873
270 599
396 599
702 741
745 19
588 320
114 936
47 934
517 626
308 449
647 604
559 793
886 677
630 198
841 626
668 58
981 467
768 872
194 548
738 790
258 96
499 485
402 995
763 202
688 413
118 787
759 758
211 666
699 969
363 968
389 63
844 679
72 295
464 728
418 398
395 94
805 951
811 174
460 367
419 257
8 694
556 593
621 80
266 970
334 859
926 616
422 186
953 540
297 478
179 408
521 236
699 781
512 711
673 741
785 23
584 236
531 877
922 948
310 953
224 92
834 557
470 278
470 325
549 185
513 771
659 320
12 996
76 160
834 410
191 83
695 819
991 361
453 239
520 830
846 316
385 194
258 11
441 103
931 135
970 169
160 904
432 311
261 314
270 807
408 165
192 964
935 482
596 741
107 972
116 206
712 434
907 997
618 654
550 11
647 645
360 155
238 730
704 547
852 440
746 988
599 455
285 838
493 614
852 577
808 830
966 604
660 398
983 681
898 134
274 926
185 452
889 847
163 474
437 740
10 204
582 388
255 384
198 879
916 227
503 186
590 98
833 78
292 556
617 554
94 456
851 979
388 826
213 176
170 867
773 268
67 81
594 617
353 593
530 583
543 904
545 984
234 474
42 897
914 456
588 952
204 303
672 175
360 494
887 206
184 184
367 448
761 346
565 356
211 691
650 934
300 86
19 662
882 357
199 513
151 294
797 786
563 484
512 737
304 991
965 333
209 482
799 746
990 425
299 531
286 250
625 620
495 339
541 392
416 32
298 423
475 193
360 551
251 552
384 915
924 806
87 847
864 90
339 987
4 749
803 57
731 105
945 780
852 761
502 864
53 27
708 653
34 322
236 632
41 3
884 749
635 231
730 821
781 372
315 679
789 677
171 509
697 581
19 965
865 918
659 667
151 692
558 149
451 916
963 630
163 535
583 979
843 141
15 108
203 434
75 437
304 792
189 29
5 362
558 459
891 438
539 673
250 411
559 420
499 125
305 350
838 720
810 231
602 709
415 779
5 916
335 711
710 130
241 292
921 272
102 98
432 458
30 470
839 808
923 660
207 807
834 864
625 259
572 668
132 761
293 393
799 513
124 589
411 346
720 9
584 143
540 328
175 280
80 267
997 261
728 685
150 371
556 619
516 210
491 381
354 245
907 165
709 713
821 654
394 557
822 445
337 198
956 878
313 732
458 510
446 774
809 536
982 239
891 92
586 918
920 578
468 434
524 81
124 543
45 502
999 527
341 370
579 530
974 575
823 479
747 611
542 725
643 803
1 64
526 140
287 304
942 307
213 569
587 868
535 112
557 287
427 901
143 618
961 271
610 390
787 189
861 371
978 734
892 289
895 726
876 176
74 113
719 77
275 33
141 146
529 29
182 784
733 281
922 10
15 268
997 637
702 226
29 223
399 446
992 37
919 835
369 884
307 922
59 877
47 252
357 69
310 211
365 1
771 840
690 93
653 854
360 326
240 827
501 798
627 744
577 54
249 161
581 203
955 87
39 416
171 664
924 523
124 881
720 471
308 323
734 49
72 930
637 349
53 985
438 215
325 643
557 252
664 258
647 423
949 403
402 964
296 602
235 126
902 535
813 395
188 838
887 262
515 553
658 6
430 542
273 743
665 211
927 433
528 369
127 276
221 14
867 878
790 125
279 140
476 704
978 197
630 491
245 673
19 160
4 402
950 656
403 649
413 287
575 707
358 938
884 792
237 755
752 954
445 400
39 142
58 647
728 225
434 940
350 681
616 581
155 803
814 601
992 69
595 837
682 894
588 558
310 866
518 658
161 717
222 895
970 828
646 830
898 493
159 107
371 420
236 580
628 991
311 13
201 150
497 584
106 422
565 933
464 84
811 710
565 90
326 173
57 187
203 599
363 802
846 506
800 301
762 67
774 302
132 57
749 258
248 498
464 808
474 530
232 354
349 910
860 826
129 957
452 40
7 527
953 188
785 621
660 34
290 720
831 6
926 38
732 588
416 584
166 988
551 752
781 973
951 921
603 53
918 72
492 305
645 718
784 89
661 694
678 606
820 363
773 917
490 940
891 9
744 507
915 339
884 960
223 203
911 784
204 398
735 650
775 504
704 304
77 358
576 18
469 979
386 690
603 215
948 504
435 990
972 381
866 64
644 375
863 467
72 235
738 201
644 123
287 506
778 814
513 271
375 293
211 46
492 224
335 454
440 652
138 89
224 255
51 678
47 539
327 552
502 682
919 715
124 115
515 948
731 894
378 645
68 611
636 895
231 852
92 901
90 516
480 646
857 787
328 812
933 737
413 5
858 17
432 76
224 780
581 295
843 943
496 12
107 292
344 782
830 40
639 528
727 316
976 772
727 169
757 690
791 554
769 467
266 461
55 587
462 482
211 748
434 144
159 575
285 651
110 701
221 967
861 736
990 811
191 648
954 29
724 950
388 796
473 409
616 928
310 131
97 724
45 765
190 906
102 388
65 798
82 413
269 70
187 224
793 891
359 856
160 250
745 724
911 878
125 662
289 894
24 876
943 363
828 779
248 703
713 856
