600 1655 600 899 4
88 106
80 537
161 484
107 579
229 347
20 394
421 422
252 589
167 372
84 516
251 278
175 583
177 531
203 483
179 414
478 568
217 581
79 500
20 431
174 438
240 364
454 457
78 375
169 420
193 595
245 428
428 552
437 495
34 233
19 29
241 567
210 521
140 460
53 587
37 252
145 343
280 444
40 425
152 465
541 588
174 376
4 398
153 509
112 304
352 421
164 253
291 566
176 354
104 482
126 488
340 482
94 169
20 211
154 575
277 381
14 82
74 455
276 314
315 486
396 462
155 520
55 150
230 453
174 593
16 235
26 160
63 589
181 315
198 234
53 207
235 579
16 240
159 235
44 76
201 451
241 548
503 511
96 334
54 95
249 496
539 549
156 445
38 238
304 346
243 511
38 181
146 475
216 434
410 533
127 319
249 415
426 552
60 482
65 345
220 473
411 429
73 516
208 296
31 342
27 502
303 406
77 347
266 558
201 552
323 588
391 512
449 476
475 559
46 448
268 319
289 301
127 453
284 359
251 383
544 570
98 282
186 234
47 192
171 225
106 263
255 491
392 468
390 566
55 269
80 480
392 495
259 485
31 503
523 552
344 499
247 340
268 591
31 414
149 485
101 406
327 397
376 536
314 367
76 456
174 473
560 586
278 339
92 316
170 271
121 143
90 474
37 221
316 409
207 514
30 329
211 550
141 373
198 422
309 385
34 496
311 588
279 495
517 577
46 592
55 379
543 595
324 553
337 457
98 266
131 546
107 570
76 222
101 360
341 429
377 442
97 366
230 289
297 598
203 256
94 420
152 296
442 581
74 476
199 279
24 111
75 492
318 406
3 363
338 410
118 339
69 306
277 380
240 439
117 336
357 548
32 281
19 136
309 588
333 355
244 347
194 479
206 290
220 535
279 519
169 381
57 348
249 432
224 486
252 514
72 570
419 534
250 283
67 251
148 216
204 338
128 178
35 212
99 294
98 132
41 231
366 491
290 430
144 450
26 412
438 473
86 103
44 286
199 577
77 89
369 430
149 259
225 327
4 310
125 277
81 595
1 211
2 362
457 492
316 476
72 399
338 533
131 291
228 481
268 399
276 330
120 436
82 318
309 311
108 554
93 535
194 528
60 104
56 271
269 307
170 599
247 275
208 520
546 561
228 425
174 536
520 549
186 444
466 478
290 369
22 490
351 468
386 490
30 120
17 394
130 190
285 458
94 205
166 493
182 484
157 343
399 591
513 560
233 496
38 512
13 405
241 564
272 438
351 500
465 539
194 531
122 575
7 483
201 225
155 375
11 324
50 199
224 371
20 58
499 594
226 373
31 353
253 258
454 535
205 420
14 62
64 344
117 133
223 568
220 508
49 120
333 393
36 584
80 99
79 350
235 423
364 532
438 535
24 343
38 480
162 394
64 77
465 597
332 472
137 564
79 403
112 346
39 368
3 498
419 503
26 173
342 503
82 356
22 57
1 393
425 481
34 347
265 586
392 452
158 466
146 213
131 376
25 388
165 490
85 391
19 446
343 482
303 528
84 199
301 453
317 457
71 306
217 381
330 344
176 510
28 287
331 339
393 443
366 462
257 354
569 590
106 401
378 573
312 511
141 374
264 438
370 510
98 119
391 469
124 427
116 523
22 323
573 588
261 393
113 505
246 560
75 358
467 580
407 545
113 123
261 501
114 151
81 259
142 166
145 163
433 578
300 382
74 334
255 410
218 489
393 518
20 65
128 352
8 120
280 299
364 423
71 145
267 355
378 412
205 582
215 268
388 461
186 352
13 470
202 596
191 261
289 518
58 431
76 435
269 293
122 154
167 349
165 398
503 534
77 100
5 178
33 122
80 238
42 316
236 571
255 292
310 398
100 276
257 351
374 524
133 599
320 564
173 506
440 549
79 415
415 496
246 259
105 562
94 582
208 209
548 564
11 571
228 383
452 496
248 585
12 204
16 439
195 529
146 559
72 325
91 534
104 343
139 319
160 506
243 414
183 188
74 260
166 492
139 355
372 390
196 512
198 433
133 303
14 320
188 218
87 423
36 190
315 563
373 374
239 382
273 359
128 200
289 418
418 538
333 507
108 407
131 144
379 396
66 563
16 579
153 174
77 344
394 574
130 222
135 417
136 446
426 587
194 471
232 436
192 223
100 244
186 385
60 247
68 284
480 537
176 468
556 581
150 451
27 460
115 119
228 237
227 514
123 211
170 382
59 377
424 585
67 361
101 471
104 275
2 585
116 426
409 449
89 124
50 91
86 568
9 281
269 530
464 481
28 549
460 516
446 516
569 589
375 420
112 515
451 552
408 508
52 187
51 81
110 576
91 342
294 537
99 371
210 429
333 487
23 462
280 463
0 514
21 217
120 329
66 537
17 191
61 221
329 577
148 362
337 345
57 490
385 444
18 416
5 190
401 575
127 139
484 597
373 577
24 482
71 416
15 388
47 197
368 579
21 94
86 254
221 569
159 364
16 334
100 347
389 407
191 571
313 355
226 525
449 455
27 233
10 317
248 306
29 367
111 328
18 71
38 66
322 463
54 155
208 213
252 413
371 486
58 113
83 349
148 474
196 391
61 204
87 210
113 203
199 516
180 280
340 538
436 504
229 427
358 414
422 578
46 433
412 463
497 547
348 445
141 346
22 311
42 409
415 565
203 365
35 557
96 591
237 470
160 266
222 456
323 490
65 459
508 560
277 356
64 330
324 418
339 404
86 158
279 395
99 224
281 387
27 395
67 401
54 420
65 386
69 474
155 549
229 496
243 493
57 447
367 419
265 461
25 461
96 319
267 487
172 566
6 476
310 445
413 514
129 497
327 530
382 599
141 226
136 516
199 502
207 426
212 302
403 427
533 566
97 396
383 575
287 361
422 433
180 588
352 444
359 441
18 545
294 486
55 307
101 320
6 364
171 327
223 335
144 291
51 147
386 459
501 574
120 477
19 84
138 378
430 570
197 250
49 481
377 506
235 369
159 240
101 528
114 349
52 346
454 493
180 463
27 496
56 544
349 561
149 513
171 523
376 402
255 488
523 562
63 458
86 307
356 475
0 207
82 559
50 494
251 575
168 234
482 538
175 216
324 529
74 449
235 240
191 443
110 390
23 491
44 435
501 550
281 380
264 457
408 513
98 558
222 581
45 55
43 395
46 353
143 253
335 568
30 494
286 456
43 199
15 498
139 313
308 380
172 212
180 573
108 273
263 286
384 590
169 356
151 162
17 162
14 213
354 510
152 208
467 598
324 538
189 228
152 440
330 594
296 548
413 589
194 400
384 533
33 202
65 162
255 428
286 582
296 357
351 432
264 321
395 496
55 245
221 384
256 483
208 440
76 286
180 378
297 580
264 272
108 143
20 574
471 567
339 361
230 418
515 598
304 515
452 468
457 527
76 130
61 227
384 566
258 497
75 270
71 157
475 551
12 255
139 268
160 412
36 222
12 410
161 357
250 292
156 168
92 469
118 404
295 547
5 40
47 379
349 546
166 454
15 51
115 282
89 427
473 535
260 364
228 470
266 412
259 513
383 580
93 586
138 463
68 554
131 438
308 356
457 561
170 336
28 331
505 541
197 593
436 481
29 419
400 599
89 344
201 397
158 254
81 246
290 521
221 589
174 220
119 483
53 514
104 163
186 348
342 353
315 537
418 529
420 551
502 516
318 356
522 540
268 313
211 431
406 528
195 443
334 439
177 400
460 502
224 274
152 484
345 527
72 282
272 317
134 584
241 357
337 527
337 561
146 551
119 267
52 572
70 500
87 521
112 477
154 202
75 386
67 339
190 231
237 481
29 244
40 128
30 517
7 98
388 511
239 599
320 360
123 256
35 571
283 536
62 320
117 170
373 519
215 591
443 518
21 169
341 411
179 448
95 213
349 372
134 442
344 594
151 390
13 580
302 497
87 369
20 459
106 361
249 452
8 524
348 447
380 406
117 281
366 396
267 313
109 374
202 263
414 448
355 487
87 429
175 434
164 285
173 584
411 521
249 468
35 110
105 523
5 425
321 457
261 574
83 114
348 385
229 565
322 584
33 228
395 502
404 549
54 375
13 383
75 166
403 565
236 553
360 567
234 445
528 599
43 279
22 588
226 279
50 84
230 301
98 483
90 196
177 429
93 454
299 463
23 379
32 125
238 480
273 441
132 558
163 474
217 222
63 497
107 430
260 532
68 407
115 267
164 547
32 380
213 296
93 461
218 570
110 571
48 383
180 309
188 300
450 533
66 480
298 309
161 296
83 337
489 544
206 430
220 586
244 276
47 103
119 256
19 534
258 547
400 531
12 53
408 509
156 310
148 196
264 454
303 599
556 584
144 184
271 489
505 573
357 597
3 330
270 358
455 469
85 472
496 565
301 355
8 329
4 448
31 511
1 507
187 572
232 494
24 555
67 278
481 504
370 437
415 432
170 218
63 413
187 354
365 483
222 556
114 162
185 417
253 547
250 396
181 274
142 493
264 535
85 332
97 292
236 305
80 316
353 448
21 456
405 580
219 374
7 378
0 116
127 340
57 165
15 363
325 399
118 331
273 284
150 245
102 541
185 596
284 554
55 293
188 341
383 467
2 69
141 540
243 461
45 150
310 348
279 522
56 132
331 361
37 589
271 544
184 376
210 411
80 294
93 493
39 334
103 307
42 455
88 401
183 218
181 563
178 190
262 595
90 275
469 512
188 382
11 236
87 235
340 418
488 552
203 214
53 227
292 533
283 593
261 443
44 135
164 273
492 527
122 383
302 590
245 379
61 338
51 586
111 538
158 478
219 524
18 284
135 185
165 358
62 101
188 429
31 288
103 192
113 431
291 546
84 136
156 448
594 595
8 112
232 578
206 411
258 557
4 179
196 474
53 488
65 394
250 593
279 373
148 181
499 595
117 526
231 299
428 491
26 463
176 257
220 509
28 375
83 561
358 398
49 477
134 377
8 109
29 314
369 521
18 68
137 567
178 352
204 227
75 165
89 229
71 343
437 522
34 140
263 361
42 449
342 534
107 368
201 523
211 501
290 411
518 529
63 569
102 588
519 577
304 572
59 381
182 357
305 571
186 421
88 154
287 331
407 555
44 263
15 25
175 224
326 588
49 464
229 403
293 397
416 424
360 471
224 434
82 101
271 336
85 90
43 502
32 277
389 555
78 155
185 189
44 596
168 433
125 387
59 581
428 451
292 410
138 180
328 555
105 116
386 527
83 345
215 319
255 366
18 424
21 582
19 50
121 328
167 291
144 283
72 544
63 129
280 298
6 260
373 524
15 542
73 140
239 429
212 576
195 324
163 343
274 434
190 584
323 459
319 332
14 559
440 520
244 446
158 485
17 151
149 466
48 467
114 390
407 554
334 391
212 497
459 490
71 545
125 377
400 429
34 229
147 586
41 444
39 96
397 530
111 555
206 341
545 555
110 151
9 387
182 597
234 348
231 280
264 317
140 244
312 388
142 270
376 438
363 542
205 286
312 419
404 539
31 243
83 162
104 474
433 592
205 361
24 157
152 539
143 389
334 472
246 513
395 452
164 295
212 590
209 440
263 596
60 275
260 439
200 232
62 82
524 577
242 435
439 532
65 527
41 190
9 117
32 387
487 507
176 351
47 307
245 451
26 506
33 596
23 428
20 501
169 277
81 543
178 444
200 504
420 475
25 265
141 525
86 192
153 593
294 371
187 370
102 323
10 131
277 308
250 379
323 326
49 436
253 557
36 556
304 598
387 526
285 441
266 378
26 584
33 189
190 242
224 315
393 550
117 266
408 466
92 455
11 553
39 579
42 92
137 320
121 389
112 297
486 537
112 141
85 275
195 571
232 422
93 265
108 389
188 239
49 470
140 446
142 414
176 392
51 193
335 509
291 450
120 232
244 314
96 332
190 299
292 450
359 458
353 592
216 362
59 442
139 453
129 458
289 333
291 372
535 586
61 533
86 223
346 572
239 300
580 598
525 540
254 568
60 340
92 238
57 398
156 234
279 392
50 592
23 366
126 587
200 422
17 261
134 556
508 586
97 250
301 333
466 513
129 295
285 295
70 257
273 285
363 388
305 557
225 523
200 421
437 540
283 450
165 386
127 230
102 459
96 215
203 505
506 526
2 306
230 340
331 549
189 425
68 545
151 191
307 379
566 590
88 202
149 158
169 475
40 481
112 374
46 168
205 375
45 451
203 573
121 553
390 576
5 135
221 590
85 334
328 538
126 426
365 378
21 286
181 216
262 594
505 588
495 522
377 387
153 197
241 471
418 518
329 524
127 247
53 126
214 256
400 528
391 455
209 520
432 468
115 325
58 102
471 479
234 421
379 462
187 540
135 242
53 426
133 406
8 477
283 402
189 417
199 519
101 318
109 112
256 507
90 391
205 287
82 475
257 500
1 333
297 477
45 397
392 437
101 479
7 365
106 202
131 272
288 414
91 353
143 553
1 550
143 236
85 247
79 565
72 115
116 552
53 204
180 298
273 554
166 270
69 145
57 310
190 322
140 347
240 532
362 474
96 472
50 577
362 583
424 583
537 563
77 330
28 78
133 170
35 576
172 590
29 446
117 380
191 195
247 319
51 498
41 178
3 367
226 522
35 305
113 214
30 577
176 437
50 433
470 477
350 500
95 146
267 325
130 242
365 573
470 580
54 551
270 414
181 512
172 576
167 546
107 399
47 223
267 268
197 335
236 253
286 361
312 363
160 526
58 505
77 229
260 476
433 494
498 594
133 380
72 98
11 195
320 567
6 423
110 191
302 569
184 283
159 423
128 421
232 504
174 509
19 91
12 488
538 553
4 156
14 564
292 366
122 228
408 478
419 511
428 488
123 214
335 478
73 460
193 498
56 72
274 315
175 424
26 322
172 390
193 262
233 460
179 398
3 594
125 381
461 511
353 414
108 164
51 246
184 402
409 476
77 276
443 529
119 487
243 288
20 102
113 211
498 542
70 350
114 372
168 198
30 232
28 205
95 155
465 484
0 426
408 560
354 370
48 251
311 447
508 509
317 546
218 341
40 178
2 474
261 550
59 125
123 507
71 248
28 155
33 185
494 578
336 558
118 549
162 345
441 458
213 520
179 358
251 401
29 534
213 564
15 147
47 250
5 417
81 485
81 193
211 507
225 397
317 561
368 591
385 447
79 432
8 219
37 61
363 367
217 456
157 545
37 514
66 181
152 161
2 583
197 223
368 399
369 579
116 562
52 540
59 217
95 520
267 399
450 566
437 510
200 481
212 258
148 512
16 39
145 306
275 474
135 435
45 201
111 482
405 470
37 227
464 470
237 464
147 265
328 389
299 322
499 543
271 558
266 336
248 416
248 424
297 470
206 570
536 593
36 130
280 385
23 245
126 552
87 177
168 448
5 189
35 258
138 412
15 265
328 553
39 591
308 318
256 487
69 163
14 146
56 558
10 272
107 369
131 317
440 539
216 274
295 497
13 228
283 292
143 164
333 518
74 439
61 384
40 200
2 248
360 10 55 594 530 183 84 117 266 569 498 95 437 142 555 426 270 441 42 579 351 422 229 384 295 513 5 557 29 144 241 536 247 187 1 219 80 83 197 371 292 386 104 589 283 368 50 357 175 563 342 186 396 167 364 356 118 252 124 259 505 558 281 318 184 418 355 333 591 349 250 309 314 351 203 405 52 94 417 226 163 401 367 244 212 499 362 239 353 475 402 58 105 587 48 272 305 75 316 84 421 334 390 32 93 288 514 118 337 57 81 276 275 27 289 93 451 482 467 348 145 450 52 19 210 345 234 352 175 424 77 436 124 366 516 364 271 423 267 377 123 369 340 438 285 142 242 337 120 238 402 105 361 337 495 41 15 558 360 518 400 72 299 362 106 341 560 452 413 568 277 41 582 515 595 70 7 305 575 290 19 311 306 585 591 0 331 467 461 478 304 291 548 60 142 56 124 354 370 507 60 307 354 149 196 278 401 157 573 27 106 4 230 165 392 73 455 88 35 469 555 402 158 592 221 255 498 464 213 536 238 259 585 13 250 579 146 63 346 462 370 75 182 319 542 34 229 576 478 155 279 38 495 459 360 399 87 79 476 492 330 593 24 33 440 556 117 154 373 315 440 485 232 131 55 266 88 26 206 12 446 590 342 171 119 385 515 315 397 244 510 531 179 432 275 51 145 127 299 61 370 325 354 499 154 332 218 319 373 325 592 19 156 380 584 591 290 589 216 317 475 504 537 213 7 68 215 431 57 158 102 471 449 65 223 55 400 213 7 135 243 72 555 304 116 574 587 327 268 62 590 232 475 286 124 342 370 416 276 433 240 406 401 164 450 339 556 396 434 217 347 291 232 513 106 455 355 248 543 451 267 124 514 64 214 453 43 64 389 87 321 192 388 489 275 115 66 101 371 257 575 353 494 240 576 78 255 88 163 485 255 461 361 69 250 234 99 389 309 584 510 561 26 164 26 84 139 356 23 2 430 475 418 126 104 257 110 80 117 294 543 36 326 266 252 98 141 60 365 69 198 75 402 222 180 434 532 590 385 281 582 146 436 417 439 468 279 573 210 71 103 383 522 508 531 272 574 129 170 573 49 137 445 0 117 263 184 384 39 310 564 84 484 243 135 164 379 195 463 259 573 486 4 257 198 475 73 256 526 499 111 547 366 235 41 193 573 485 421 298 472 445 305 66 15 142 79 103 370 224 528 82 4 422 465 407 304 573 167 478 248 311 325 417 432 509 437 480 364 98 11 498 591 470 386 429 105 461 360 417 87 69 536 242 541 193 432 12 4 235 411 231 267 223 132 10 1 404 217 280 540 154 155 367 253 68 15 298 557 283 165 54 312 130 344 214 590 342 308 485
231 11
596 348
770 48
118 600
372 607
547 769
982 272
639 504
359 879
792 617
270 375
546 203
218 135
522 918
927 797
161 572
868 304
477 332
638 7
258 715
517 391
727 795
480 528
80 172
644 108
176 543
648 635
162 801
768 877
186 658
369 769
284 622
806 687
596 870
99 802
440 235
628 719
305 96
900 128
828 301
496 769
557 706
956 168
197 828
629 815
48 92
333 659
98 280
537 979
430 865
291 732
88 504
270 977
230 101
852 853
34 128
729 477
433 552
534 434
747 742
730 196
269 150
913 767
374 97
31 642
460 401
916 92
687 943
597 13
777 80
53 990
707 75
737 436
175 748
938 238
383 506
655 770
50 688
829 875
37 920
989 53
39 492
889 760
414 357
243 739
810 193
19 298
963 411
638 914
9 713
796 171
300 703
942 144
223 494
767 820
891 858
801 276
160 230
689 512
984 1
72 726
961 696
496 450
21 268
735 160
148 21
666 915
854 377
536 70
331 899
467 270
620 147
334 942
579 421
410 328
728 412
190 25
804 577
763 954
667 417
382 820
562 135
576 911
624 393
2 806
759 688
181 85
713 248
481 728
417 83
627 756
259 335
711 495
853 609
687 668
591 805
218 711
971 795
615 586
711 299
160 723
268 913
305 532
543 119
275 252
740 102
873 837
143 485
832 93
19 428
59 121
467 296
943 940
132 359
615 893
856 883
396 637
653 82
25 394
958 353
685 585
969 931
447 355
726 137
470 105
402 529
311 508
335 317
380 661
817 792
821 558
72 2
364 202
676 641
199 355
801 3
131 968
983 506
513 718
354 589
564 596
874 60
998 946
865 520
234 288
599 839
480 659
215 988
899 511
548 846
590 704
517 278
62 283
59 525
970 625
557 232
825 129
116 319
410 694
223 772
447 740
80 61
647 874
614 456
243 130
772 850
863 446
264 35
915 940
880 933
951 442
565 374
394 207
941 852
599 435
766 300
832 38
706 771
836 488
323 872
156 419
319 138
675 752
76 324
902 11
54 26
236 870
273 92
537 875
59 784
666 247
554 680
393 768
133 789
444 649
917 364
513 181
479 839
971 114
924 568
932 320
998 795
582 760
258 558
112 689
70 143
85 470
764 233
726 45
96 875
136 285
622 981
335 62
468 172
25 353
168 173
643 411
101 978
427 176
48 464
954 261
521 307
57 552
680 867
307 417
175 515
709 554
719 367
752 323
11 139
348 523
770 501
266 409
521 46
865 18
762 193
84 676
815 750
672 989
201 867
548 642
811 650
701 423
204 262
541 9
478 69
705 819
743 888
300 595
641 292
887 425
289 281
189 196
16 87
942 39
445 103
957 897
432 936
539 618
584 680
907 547
673 306
386 139
881 620
360 988
481 208
739 67
13 228
838 738
540 587
403 609
503 574
211 595
723 336
131 655
895 34
994 132
329 392
873 712
774 276
949 760
310 444
620 661
478 499
594 195
754 385
503 512
19 32
588 130
355 802
72 624
753 925
792 251
621 325
852 274
104 381
749 535
391 392
245 158
722 969
673 207
895 471
275 645
694 118
14 624
431 400
281 947
84 755
433 603
381 340
3 982
90 942
493 691
307 664
175 991
687 333
862 750
1000 899
377 541
471 14
960 725
714 907
793 60
164 600
956 303
622 487
139 195
104 637
824 339
916 389
209 956
959 5
371 290
283 834
291 876
825 848
220 321
724 675
627 525
52 218
838 676
794 766
878 546
554 934
307 159
503 622
422 477
739 605
200 560
571 99
388 252
849 173
163 901
586 289
488 388
157 845
133 234
54 59
381 571
777 370
974 541
626 948
200 298
0 830
794 983
498 925
872 647
596 63
84 405
976 153
213 188
914 445
649 575
358 52
318 575
44 872
692 31
572 832
628 204
208 626
809 821
443 704
409 722
973 378
725 3
524 802
212 49
25 794
160 144
957 487
845 422
544 406
70 902
371 691
831 9
609 780
424 794
194 934
226 415
906 257
857 972
460 39
692 696
568 268
522 674
430 628
177 687
457 593
344 637
959 224
265 214
97 113
130 883
700 277
299 470
929 188
686 797
355 426
434 44
470 456
165 770
215 538
97 213
599 618
459 860
971 997
52 402
495 992
93 912
874 163
473 896
997 703
819 246
199 409
800 92
851 798
983 232
417 910
50 375
972 672
960 86
467 810
659 139
655 459
976 957
1 479
930 14
656 381
194 137
789 483
435 527
127 162
395 458
263 509
354 738
188 898
128 816
408 113
107 550
2 596
32 976
541 359
187 804
251 635
440 771
568 465
720 621
608 374
130 431
151 382
171 965
239 593
858 129
71 439
308 58
377 951
200 759
322 780
614 285
267 796
889 895
925 422
218 903
103 46
325 844
242 904
707 599
405 415
930 633
606 236
4 55
985 588
923 291
267 180
221 650
221 468
185 319
939 63
649 190
871 999
235 952
523 456
132 575
4 517
769 463
636 42
349 351
448 130
995 826
816 960
565 324
841 825
114 88
568 191
555 47
621 88
663 703
454 195
723 530
892 788
103 421
372 363
120 4
905 58
950 807
46 845
299 196
994 747
43 334
343 138
822 460
498 232
294 979
582 542
513 357
600 943
404 232
314 807
378 730
867 354
480 949
709 743
733 827
776 19
642 675
749 13
152 456
205 80
554 496
331 88
345 164
793 325
324 690
148 313
80 584
27 538
627 849
1000 973
425 990
908 601
