600 1293 600 799 12
264 349
403 449
373 459
33 450
394 431
130 260
232 547
40 174
160 275
106 296
391 522
64 331
142 599
38 232
368 472
166 486
422 425
44 173
386 565
4 360
582 592
68 218
176 266
237 509
146 597
407 479
308 439
58 201
101 208
140 282
229 280
156 577
288 376
48 412
410 505
161 389
388 534
95 524
155 574
249 269
138 411
73 515
83 173
18 192
54 178
344 396
201 297
206 318
154 193
303 313
276 277
350 557
77 566
153 462
58 324
231 247
62 306
249 583
132 471
20 295
38 317
195 545
221 539
318 481
264 330
394 460
34 82
112 479
165 346
84 360
303 369
229 324
49 540
328 443
155 167
373 473
192 595
20 26
18 115
325 442
8 209
28 68
25 410
154 297
302 394
135 257
221 535
202 590
244 304
191 443
345 588
157 309
187 579
180 554
33 279
58 297
150 199
189 342
84 580
87 598
36 368
316 552
73 136
310 583
89 380
33 379
339 560
498 508
40 538
100 475
463 555
453 461
272 591
87 337
250 548
165 514
218 238
311 416
291 487
46 496
142 507
139 423
371 434
179 530
229 536
236 468
89 212
46 364
166 382
57 225
174 260
293 461
407 482
30 241
61 322
221 271
24 139
240 469
277 359
16 487
126 184
128 185
242 564
17 200
101 221
176 184
94 476
62 527
0 403
457 578
81 462
82 131
106 487
92 507
348 375
77 559
228 414
216 268
47 585
366 386
468 494
208 445
159 294
13 86
91 275
305 500
273 424
268 579
161 343
251 572
363 365
19 533
324 366
48 275
516 560
403 405
83 244
475 488
94 235
218 401
132 262
158 555
131 584
90 411
225 544
195 494
73 524
22 494
40 519
203 332
159 182
4 198
254 534
190 252
290 346
382 529
74 344
283 563
239 395
76 573
203 338
124 353
396 549
440 550
3 415
166 465
525 561
365 557
112 286
540 558
12 444
76 198
127 580
361 546
177 221
364 496
336 491
354 445
95 496
84 505
256 430
545 546
31 148
23 283
55 358
120 211
205 353
132 532
44 270
60 422
104 444
414 585
109 376
228 340
158 510
369 568
188 245
39 228
44 373
241 503
65 337
135 157
225 530
147 554
419 566
515 518
318 553
93 429
180 185
387 563
253 256
51 59
386 483
60 270
98 331
20 357
174 569
207 372
2 311
121 504
95 313
51 421
216 573
292 370
245 522
257 393
51 184
297 420
149 212
327 418
189 255
206 248
104 462
428 475
191 564
313 398
152 539
511 551
145 590
20 102
238 298
244 495
237 312
483 545
211 432
109 217
349 577
490 526
205 261
15 329
150 566
192 591
37 334
415 529
91 160
211 376
108 374
287 378
520 532
0 259
1 118
278 483
26 295
108 367
144 423
60 471
248 474
67 132
223 252
338 478
157 523
213 354
65 138
119 520
298 401
262 428
135 309
108 140
366 439
136 524
24 508
32 252
201 366
7 238
162 565
35 353
14 314
15 120
272 322
40 412
126 176
321 519
63 452
11 516
52 431
113 349
117 337
123 397
70 455
8 533
246 284
173 222
28 224
273 472
45 64
207 232
54 500
490 564
83 101
169 447
308 415
361 517
147 185
347 390
574 587
128 512
267 359
79 315
99 423
116 390
437 520
33 392
116 480
51 464
327 394
76 216
5 202
123 406
56 424
105 204
480 548
8 19
120 217
303 398
60 368
179 225
363 557
396 485
421 462
397 407
9 347
63 248
51 227
288 542
166 386
57 211
454 474
475 520
82 409
10 193
57 561
118 402
215 566
54 64
436 542
319 325
229 555
176 558
46 95
171 392
289 579
12 188
174 319
209 452
376 544
114 264
292 415
39 258
248 452
434 442
169 591
90 139
475 532
163 379
384 502
43 131
112 224
364 381
411 498
14 214
379 475
214 598
261 353
16 296
66 563
64 98
214 335
515 589
312 371
490 536
211 217
32 383
351 552
193 201
245 537
63 318
25 84
404 539
18 447
48 190
488 588
122 374
157 336
281 376
243 343
110 178
120 329
267 357
29 299
235 337
4 364
38 192
162 545
134 463
44 172
382 486
295 454
73 95
187 567
232 317
164 241
176 403
127 454
359 573
37 294
186 423
125 165
192 392
117 155
3 308
469 575
43 584
231 233
7 298
42 438
114 378
85 574
41 480
528 576
2 68
13 327
306 583
75 582
153 274
56 163
199 419
65 449
16 466
125 346
55 586
11 52
95 136
327 460
308 529
453 565
116 491
314 540
297 463
18 38
35 371
123 391
64 86
309 549
164 310
323 380
398 441
163 450
161 292
131 254
279 392
195 284
44 222
31 144
312 395
147 367
398 417
448 469
23 554
113 577
470 497
182 294
152 535
429 579
346 527
418 498
385 496
397 482
255 559
440 552
105 351
533 553
142 467
122 140
163 362
95 497
441 521
230 333
475 542
149 283
83 535
240 540
146 320
65 259
442 499
14 598
172 425
83 543
115 160
309 396
27 469
92 147
345 501
200 214
60 459
330 419
179 281
492 592
326 503
479 489
384 435
273 515
280 443
36 472
113 114
359 448
47 414
177 291
133 491
54 331
251 431
30 566
352 509
41 548
269 468
72 159
1 167
205 371
208 543
99 186
506 563
412 447
143 182
184 578
77 255
58 433
75 333
216 579
238 320
370 523
427 546
44 473
38 279
37 143
468 514
174 519
249 468
378 587
101 535
55 375
148 363
135 393
149 387
260 321
356 378
197 518
192 272
322 352
371 395
368 471
48 91
286 533
24 411
249 541
150 301
66 418
200 335
322 568
36 471
426 448
19 112
242 490
41 491
138 596
16 399
4 381
74 167
59 184
459 528
107 467
98 435
212 219
102 198
407 582
334 406
0 405
21 138
33 151
144 148
304 410
459 472
27 277
347 523
5 85
313 470
418 563
257 594
146 492
281 544
493 522
29 454
13 45
122 282
379 428
164 249
154 420
2 401
9 343
166 257
253 457
37 570
16 271
447 591
330 349
263 326
29 209
325 509
222 576
124 343
93 426
142 178
329 561
117 167
93 347
139 219
152 425
54 572
130 258
204 316
22 269
168 228
110 331
395 586
190 538
239 567
333 582
177 238
27 448
216 448
65 596
70 296
189 453
500 531
105 597
116 335
191 280
290 332
270 459
357 430
125 290
451 469
177 466
204 511
169 412
259 449
87 250
56 262
11 431
165 236
242 581
280 536
306 346
28 146
107 110
484 545
254 584
384 554
77 503
40 591
418 508
243 353
313 496
273 528
208 416
146 551
383 414
34 70
57 376
257 565
360 505
335 390
276 357
52 302
76 267
257 477
282 507
181 410
484 565
280 564
229 355
427 483
80 99
72 182
208 354
162 342
197 515
181 197
295 430
97 462
288 436
201 439
98 556
125 332
257 453
142 282
242 478
158 228
111 464
371 442
9 292
279 372
188 462
157 370
350 570
125 246
439 529
12 493
154 389
50 587
22 189
50 476
197 589
517 546
358 441
81 111
144 186
54 110
167 250
21 460
121 560
100 571
33 369
129 130
125 284
205 389
13 251
221 404
11 531
215 241
44 422
287 577
25 505
234 519
212 458
5 574
80 227
379 571
328 414
24 498
551 597
324 433
400 449
47 383
466 487
204 513
283 387
71 238
180 562
103 234
442 509
28 218
182 300
312 442
358 521
119 345
483 484
145 356
396 594
342 494
361 490
273 459
272 369
156 339
126 578
228 328
426 451
230 407
168 328
87 117
61 272
22 342
265 516
18 91
269 326
357 359
403 558
234 321
139 563
505 589
96 350
14 240
234 258
153 184
290 527
140 374
255 326
382 393
166 393
203 478
137 297
129 420
196 292
3 193
76 381
209 299
366 483
406 408
294 350
270 473
213 244
165 284
79 383
88 235
18 48
15 160
265 378
143 294
206 580
542 571
175 233
28 320
26 127
170 395
38 171
76 348
93 575
145 202
54 251
1 344
175 306
50 52
141 337
94 574
53 416
59 421
61 569
120 160
388 399
319 352
438 588
76 268
242 526
424 472
372 547
212 562
535 539
333 479
199 566
284 514
273 307
271 466
227 405
239 353
77 241
295 357
338 581
53 311
157 491
42 436
221 298
56 362
346 583
292 529
284 361
173 495
111 377
133 523
274 299
42 588
143 406
156 287
380 557
171 279
121 516
98 502
489 522
196 382
13 66
202 264
47 183
181 528
192 447
6 69
122 599
190 315
301 485
88 446
92 435
139 506
319 322
345 520
386 465
129 499
0 449
339 500
399 455
99 377
133 390
275 525
97 245
7 401
226 237
189 559
35 205
34 254
61 591
222 495
205 434
278 386
164 326
23 384
270 422
478 526
41 336
10 297
175 310
18 412
207 542
276 430
61 319
107 178
6 106
85 587
46 285
68 401
6 487
305 572
5 590
161 415
135 396
29 474
85 378
112 333
276 457
435 502
39 47
96 294
186 377
181 495
83 172
431 572
126 266
123 334
8 553
143 408
174 325
274 578
87 167
114 287
14 469
226 441
237 358
36 132
51 405
306 310
489 493
305 531
31 212
256 276
426 579
51 111
4 413
103 194
316 513
331 556
129 442
426 429
478 581
360 413
126 457
287 504
465 565
237 395
176 540
81 421
247 290
43 82
301 593
11 305
238 291
7 218
428 532
345 437
130 321
202 485
383 585
391 537
22 468
123 407
182 377
32 315
8 63
59 153
12 522
256 454
150 559
128 374
137 510
168 355
197 410
12 104
417 521
99 464
15 275
88 460
153 421
297 510
68 553
210 397
42 488
65 400
409 551
23 45
64 251
296 455
446 596
39 414
15 561
347 456
440 482
134 510
256 457
48 525
103 519
329 432
265 287
92 556
307 524
268 567
299 444
319 509
446 460
253 299
23 458
187 268
93 456
461 477
479 522
67 119
306 527
203 290
67 471
105 513
104 188
32 223
207 547
236 583
43 316
37 406
444 493
541 583
139 149
38 115
224 286
202 402
293 477
96 220
53 298
301 477
146 224
95 385
246 526
246 332
78 496
317 372
203 246
57 432
58 555
40 569
271 404
97 537
289 343
249 263
255 269
151 379
203 526
323 562
89 323
488 542
113 264
292 343
116 214
448 573
450 497
187 353
105 511
258 510
260 519
215 330
78 375
102 413
140 507
52 88
165 468
123 550
53 101
227 464
267 573
278 366
358 395
70 399
178 467
16 106
36 262
416 445
92 367
564 581
14 17
477 594
58 463
99 227
83 425
209 493
210 482
103 183
268 586
4 102
275 561
45 86
262 532
33 372
25 580
248 580
327 431
21 498
235 446
476 574
311 318
244 410
243 579
288 438
516 531
82 204
292 347
482 582
29 452
22 255
44 425
124 261
80 90
50 88
412 538
17 575
492 597
171 192
317 547
39 510
195 546
97 300
285 589
25 481
516 587
205 420
25 304
426 575
232 542
215 419
257 293
118 344
282 599
97 143
283 458
323 512
224 492
264 419
95 450
178 339
236 249
214 480
83 208
40 169
102 267
9 93
374 599
45 384
2 318
500 572
491 523
343 429
324 555
49 403
27 457
211 329
69 409
40 103
121 287
277 457
72 144
231 527
196 370
189 565
109 232
162 494
91 115
373 576
183 194
341 404
19 493
179 544
26 454
504 516
56 524
92 140
151 163
272 392
89 557
291 466
507 556
168 229
14 200
223 315
70 534
50 574
220 294
239 371
81 97
247 338
193 439
47 234
96 570
120 232
375 381
147 384
149 219
43 552
16 341
235 476
77 150
255 503
451 575
481 580
424 524
202 593
95 470
243 289
100 379
508 563
167 548
74 336
70 254
143 300
168 443
303 497
453 559
322 113 428 521 535 431 65 8 545 344 341 299 29 550 11 505 454 44 569 115 505 506 346 386 552 70 20 340 298 163 596 198 141 149 491 449 210 188 196 560 503 9 509 456 502 504 45 402 364 413 84 21 340 379 30 20 360 110 214 72 597 227 513 192 264 581 139 588 498 457 103 209 114 16 468 107 455 228 515 247 298 195 220 427 52 53 72 404 226 421 20 98 93 9 294 275 89 83 478 105 457 419 225 477 352 22 559 390 233 298 342 363 417 139 200 260 19 450 5 525 376 264 93 486 514 48 92 384 17 174 158 567 466 235 99 540 474 534 139 532 215 224 145 11 299 351 104 56 450 265 568 291 261 138 164 98 550 134 231 457 521 445 480 48 559 552 367 548 506 18 439 513 228 162 388 54 168 523 477 324 418 197 249 73 118 441 498 587 456 42 2 88 185 158 405 226 150 482 374 195 197 374 390 580 101 369 456 273 261 569 438 540 427 287 381 412 141 267 322 364 505 5 351 50 378 166 168 345 274 481 170 376 230 181 137 278 395 495 442 550 370 327 220 338 303 131 172 57 471 381 588 323 562 103 121 325 27 151 526 568 441 452 532 565 122 217 309 82 359 401 170 564 174 544 497 219 336 390 293 500 446 348 550 12 93 218 416 520 289 13 491 184 251 429 454 164 345 227 388 306 142 163 394 480 238 489 286 183 114 385 460 129 33 167 492 559 70 279 479 65 502 288 290 318 193 383 291 304 331 263 244 294 38 175 279 362 147 182 151 392 227 471 108 114 243 191 5 277 479 345 536 488 481 25 60 505 145 124 3 526 100 161 268 116 389 56 411 497 97 553 204 257 57 100 431 163 461 359 103 455 119 150 110 417 539 307 96 210 119 594 54 572 181 14 417 420 60 55 456 476 423 596 234 257 213 6 31 319 550 11 589 536 218 199 463 518 493 503 346 579 119 508 258 218 80 564 445 501 95 401 436 251 444 487 286 539 120 142 385 279 529 513 145 365 492 556 492 539 401 437 172 191 333 571 352 71 512 152 210 68 2 426 187 323 58 357 561 411 134 297 584 173 130 6 98 33 487 23 223 105 278 38 33 142 525 524 163 337 107 413 384 415 526 264 529 0 105 12 410 472 83 133 23 109 264 329 58 495 172 148 259 297 70 459 516 124 19 588 325 397 190 289 416 400 225 54 386 237 95 201 165 1 311 44 406 138 25 523 352 259 128 263 572 280 273 214 131 435 522 57 580 555 61 378 31 374 49 387 169 533 359 95 161 324 521 288 398 532 438 432 240 497 447 501 82 332 599 99 377 495 481 532 375 273 185 195 267 392 21 136 270 122 583 459 573 57 7 130 578 390
623 268
796 484
215 312
578 708
306 517
831 469
105 180
123 279
280 288
588 573
598 757
900 295
382 224
826 184
597 426
183 972
13 209
583 471
270 890
284 233
369 456
760 283
876 766
810 138
715 219
234 433
340 443
513 398
203 210
348 347
967 642
659 91
369 984
201 755
90 69
472 690
45 632
438 72
209 859
533 907
385 866
709 515
31 845
159 10
56 468
841 147
265 601
475 930
277 934
604 360
848 361
538 257
871 324
131 323
936 216
393 576
108 633
73 984
609 802
478 257
1 568
331 800
944 969
272 330
881 188
673 304
783 190
21 700
202 265
81 147
68 111
134 227
578 49
216 600
752 498
254 144
416 516
928 664
349 585
406 977
622 174
488 185
131 78
91 399
277 459
852 436
861 168
704 404
822 325
655 28
655 204
229 935
920 73
583 526
779 382
243 661
486 20
436 166
916 137
594 190
108 783
103 342
352 490
431 887
425 264
203 110
38 182
975 138
913 6
101 878
957 192
516 183
280 185
952 502
942 475
214 897
668 486
743 423
816 545
43 743
151 930
977 404
975 39
383 80
510 631
860 897
499 343
305 423
872 8
499 771
487 802
101 30
44 678
659 557
567 818
776 610
225 629
539 786
698 293
686 175
943 49
664 377
998 96
480 106
600 107
891 511
197 177
870 89
617 68
701 140
887 637
174 706
7 380
465 291
558 727
800 419
995 358
717 591
582 856
534 56
193 925
588 619
807 761
143 688
997 759
860 848
727 678
751 464
640 925
350 868
445 611
229 838
51 434
104 447
405 813
987 948
543 312
69 272
997 203
7 960
827 63
139 487
544 97
451 951
510 306
857 32
591 141
481 589
405 209
862 720
339 944
680 989
264 821
612 720
438 920
802 811
654 652
196 506
372 512
906 594
619 444
628 770
863 519
824 952
171 90
513 711
257 360
158 802
144 369
326 289
312 12
116 942
697 76
133 424
652 458
977 587
464 504
119 903
151 248
667 125
476 62
57 312
69 494
334 976
244 185
46 958
369 718
581 229
598 919
678 876
322 124
901 984
158 882
991 982
465 885
770 346
904 848
413 724
109 243
458 665
552 416
994 664
754 952
523 606
135 451
392 176
806 908
871 989
286 378
959 786
704 438
871 222
302 982
454 346
77 43
918 737
401 370
786 674
521 849
652 259
437 817
512 682
82 670
963 756
924 538
921 412
528 368
405 467
449 556
919 777
18 512
28 251
299 788
126 583
432 306
233 973
425 399
468 411
721 750
227 811
682 949
16 927
990 66
764 147
800 864
264 555
246 221
962 446
74 876
518 557
880 943
90 209
622 624
820 659
505 62
358 408
28 151
572 785
104 302
380 311
521 142
852 598
851 297
289 703
180 440
944 262
967 905
175 599
635 696
744 591
997 880
190 339
427 695
282 665
604 399
392 947
164 62
194 824
241 326
372 782
165 222
458 845
318 751
770 12
668 820
429 778
958 729
814 232
594 987
156 992
985 549
931 179
839 924
290 123
401 53
635 488
723 546
708 344
833 997
972 312
625 899
5 288
832 748
562 608
787 540
2 766
906 895
627 570
422 568
986 518
527 11
261 38
348 735
485 648
158 412
611 870
897 482
416 430
417 634
460 447
261 495
759 881
148 656
622 31
301 556
583 17
696 766
887 37
45 603
257 743
653 609
456 713
183 791
64 528
956 2
384 537
80 929
566 165
910 444
157 752
679 2
356 543
691 660
461 983
844 113
253 634
744 731
732 152
5 28
554 671
624 532
383 118
257 783
722 635
835 252
428 660
809 575
359 34
312 667
1 112
632 361
160 301
806 514
608 297
43 285
566 285
427 102
336 95
440 128
105 98
182 482
679 259
328 904
317 475
569 976
602 670
174 375
341 628
784 235
928 573
544 752
483 225
23 450
638 138
143 619
24 415
516 517
712 828
119 714
555 555
389 406
869 273
112 980
659 777
484 730
891 115
84 840
5 802
47 872
679 737
268 2
366 691
439 743
645 976
348 261
191 410
774 307
291 854
486 466
638 313
201 710
530 479
299 354
813 703
354 376
34 113
614 505
447 379
771 90
59 568
809 285
851 691
457 196
607 840
551 208
779 705
45 223
986 167
886 810
547 458
256 685
11 618
83 597
41 492
326 394
85 746
797 348
831 627
769 988
320 156
700 480
227 389
308 41
748 786
781 751
845 561
707 716
76 182
38 803
318 197
730 932
686 543
227 164
321 251
844 795
95 511
298 622
247 715
738 263
457 774
976 259
3 721
876 144
992 691
954 420
248 471
716 176
960 73
754 211
400 775
550 842
147 122
804 15
201 54
832 824
195 547
922 363
729 868
160 511
420 859
39 771
387 604
347 176
679 580
171 626
245 998
788 932
941 920
120 541
660 679
2 997
943 289
69 710
280 260
56 81
65 365
709 891
403 146
386 915
24 345
564 371
980 837
99 812
108 373
53 929
771 809
745 843
173 854
724 465
763 565
397 22
134 179
213 22
252 279
816 88
646 852
945 131
647 1
589 320
878 686
959 337
198 997
762 61
743 184
725 968
810 730
929 611
471 620
314 717
359 809
460 9
129 805
917 244
442 479
833 406
554 510
89 543
996 481
469 323
488 549
256 411
737 995
278 81
933 866
83 7
503 970
418 601
869 405
2 843
226 514
864 469
322 850
243 115
893 545
792 641
302 823
731 291
184 140
657 420
1000 4
