600 1221 600 795 14
74 367
137 308
396 572
431 578
175 458
137 183
54 461
66 343
419 591
79 535
187 589
5 94
28 404
113 168
97 222
130 341
264 576
163 504
55 295
107 119
185 324
87 171
59 519
218 266
50 179
212 267
273 287
164 338
424 560
1 532
5 554
329 359
150 516
263 281
357 481
330 534
195 207
353 459
100 131
271 473
125 282
540 563
208 589
101 198
112 544
283 454
231 545
372 545
124 357
300 534
134 136
417 501
56 509
78 388
24 584
31 34
112 281
68 588
98 331
36 464
257 590
57 527
328 411
349 492
40 78
148 234
211 577
505 507
72 405
251 592
6 33
17 491
53 217
388 542
22 269
117 415
434 538
47 90
56 338
63 119
97 173
92 249
31 592
529 535
27 118
423 430
264 370
40 48
226 237
395 544
477 527
84 155
232 340
368 583
35 168
126 572
412 576
155 195
373 414
278 494
254 594
51 251
275 584
509 569
111 432
70 276
34 76
325 344
247 438
49 53
159 382
484 499
120 225
96 367
37 179
139 147
84 208
319 500
29 261
160 279
117 183
152 287
29 133
351 352
116 470
79 446
111 407
5 351
158 258
352 395
374 403
31 551
219 384
354 540
169 500
139 579
105 536
389 450
439 510
403 586
325 452
233 286
201 229
115 492
231 368
267 551
218 411
99 265
292 590
155 550
127 520
239 579
9 303
332 402
11 437
128 290
417 426
352 554
101 108
300 386
115 349
158 316
17 73
18 389
43 241
238 382
32 477
45 330
230 462
159 238
24 566
451 587
66 353
323 489
3 323
56 274
29 214
5 352
30 186
308 415
17 225
7 406
511 583
8 85
47 156
248 417
254 471
161 279
85 537
424 465
46 536
190 288
62 461
84 221
44 59
21 223
239 255
371 533
119 317
106 430
13 426
61 494
73 225
439 504
108 438
77 560
334 402
77 87
353 478
153 163
240 312
480 537
19 295
57 174
70 457
245 506
347 471
261 294
9 317
45 473
246 272
256 573
313 536
92 194
132 377
124 320
179 259
287 535
134 558
134 436
219 413
62 125
185 267
266 501
61 541
222 296
30 459
269 400
57 455
139 239
442 574
509 580
291 362
46 288
220 404
17 335
142 550
375 402
200 324
133 214
210 526
540 546
1 436
182 261
95 528
126 140
202 510
289 377
157 413
327 415
241 533
103 427
79 381
251 263
365 390
122 555
318 589
14 394
302 495
85 244
183 308
90 213
328 588
59 460
446 535
229 314
10 550
75 568
152 326
57 393
197 587
185 418
64 186
44 286
153 504
8 244
16 582
21 352
12 468
228 528
414 450
103 312
366 452
294 338
8 159
161 397
74 421
90 453
242 581
281 544
20 459
189 567
167 534
57 230
522 551
222 313
134 576
451 543
348 379
342 437
429 564
181 454
327 397
170 522
366 562
121 332
170 287
269 361
215 593
175 238
98 389
254 347
0 90
176 227
458 484
196 351
56 294
198 247
35 478
69 577
421 479
418 598
38 440
107 491
324 522
114 569
113 521
0 378
293 546
69 211
49 183
187 448
365 564
252 537
188 562
129 417
305 406
446 529
393 462
151 227
3 106
393 455
373 403
516 587
69 223
12 365
201 474
166 514
395 552
479 570
149 513
110 206
368 531
25 68
312 475
254 391
179 221
46 557
142 195
392 533
67 203
254 373
235 340
540 551
48 78
31 354
311 554
75 579
265 380
163 275
380 578
61 467
347 391
43 533
189 390
89 481
132 599
22 410
249 315
27 323
150 587
71 518
271 372
188 366
267 540
14 458
166 346
225 482
109 256
87 106
369 565
94 219
66 595
199 348
323 337
165 529
517 552
581 585
376 385
560 599
63 230
26 402
32 527
198 214
153 270
293 540
81 226
406 462
150 201
396 507
152 535
422 536
41 204
45 372
22 188
70 463
135 323
580 582
273 592
41 434
360 391
216 443
399 590
121 433
364 389
492 512
148 394
144 215
91 386
457 463
113 140
303 482
173 356
211 440
416 595
32 303
396 505
218 342
109 573
390 547
114 389
342 411
125 173
86 299
265 484
265 567
26 581
322 442
392 448
199 510
373 594
73 256
49 137
355 373
374 444
534 573
217 270
141 512
59 586
197 451
11 588
127 545
6 130
191 364
177 409
30 237
438 557
264 532
163 566
74 202
120 303
177 548
24 508
342 588
197 543
525 537
19 111
270 408
199 245
142 458
289 339
25 564
217 367
168 226
483 568
127 571
101 164
45 545
101 338
28 58
24 163
319 376
157 280
45 91
98 364
14 386
127 231
48 400
124 412
224 579
62 203
130 366
298 564
323 329
124 505
64 468
374 586
117 593
236 291
38 280
229 396
222 350
151 503
94 554
301 484
205 334
53 321
94 311
12 564
234 468
363 518
122 457
226 478
96 202
467 541
275 555
405 523
42 517
298 468
22 291
331 364
175 499
313 596
165 413
188 362
171 324
93 247
54 437
116 177
257 292
21 82
177 466
64 234
511 531
332 531
149 282
373 374
216 425
109 534
141 215
91 595
455 525
77 574
86 497
217 321
269 410
72 561
216 507
471 481
14 142
245 528
551 553
183 215
145 472
201 507
75 224
212 418
467 494
40 388
142 175
40 363
243 269
128 575
172 186
196 413
404 565
495 502
173 282
157 165
23 500
251 273
67 130
4 543
195 550
191 232
336 545
488 587
330 545
185 553
289 435
249 464
0 547
306 514
1 370
106 599
254 586
176 250
86 478
17 581
197 408
283 513
361 486
19 86
75 364
74 570
74 479
307 358
182 575
488 516
161 358
202 528
503 584
277 310
424 442
134 391
391 594
153 408
15 257
73 581
270 439
179 420
154 197
156 213
2 124
285 371
170 273
380 390
203 493
243 410
62 181
214 306
103 163
127 271
231 336
123 514
167 375
186 542
199 506
65 334
8 448
343 497
345 377
350 422
334 524
46 93
17 485
61 109
170 200
283 556
87 102
355 594
345 560
291 304
262 396
331 389
141 593
442 496
326 424
105 288
370 576
74 95
80 560
13 291
463 584
220 565
349 479
123 306
563 598
129 218
425 443
151 176
405 561
569 580
313 350
113 237
9 63
355 450
101 247
34 263
30 353
130 426
464 528
129 248
25 429
145 151
189 365
508 584
167 330
227 472
140 532
116 269
199 475
260 314
290 310
155 208
113 126
27 329
18 277
36 249
108 274
188 410
21 69
98 580
38 376
274 568
24 103
241 525
543 549
61 303
268 421
340 391
278 467
146 555
56 582
416 459
433 531
64 172
42 544
138 284
124 216
180 447
55 555
53 183
337 599
46 247
63 104
72 523
324 553
163 539
96 439
234 333
105 422
184 292
522 592
132 437
185 430
250 383
32 63
461 493
102 560
531 583
175 487
150 425
33 67
182 294
332 511
117 327
73 482
99 567
12 298
428 433
551 592
210 272
120 515
85 211
140 264
87 430
18 538
209 438
371 455
143 454
52 84
119 406
196 219
143 181
1 576
377 437
317 515
143 337
143 599
47 530
177 470
330 597
361 363
99 301
102 106
126 505
87 324
420 541
131 295
294 449
80 289
81 353
3 489
329 489
154 587
2 471
220 308
81 237
123 158
14 416
83 518
252 525
151 463
80 326
92 138
186 234
72 103
60 116
508 561
239 557
218 501
127 372
183 217
37 155
258 288
428 531
154 408
165 447
232 235
44 233
332 334
302 344
204 450
295 299
297 327
1 243
19 571
241 392
66 497
277 290
490 577
466 588
247 387
324 423
261 449
519 565
71 388
107 317
492 570
71 542
287 465
58 404
61 420
126 320
54 143
53 270
265 500
380 567
196 552
259 285
286 460
184 257
146 154
267 418
99 468
54 132
152 530
222 596
425 451
69 82
305 462
360 558
445 571
115 268
169 484
108 209
237 542
203 356
178 318
129 501
140 486
446 447
370 532
162 485
80 424
16 580
6 399
3 599
67 417
144 512
518 521
14 195
353 595
216 357
245 249
326 530
241 455
135 283
44 415
155 207
512 570
242 375
120 317
357 565
113 518
408 549
14 207
304 426
295 432
192 455
297 593
172 388
303 420
106 359
113 572
242 256
6 344
147 184
31 263
52 178
214 514
110 434
71 363
285 527
232 364
351 384
319 578
133 514
372 473
6 325
204 434
151 472
116 548
47 213
98 114
52 448
389 538
172 468
118 135
481 586
502 562
159 211
19 432
91 271
93 288
335 491
231 520
152 529
193 564
19 445
89 586
356 590
144 253
245 510
390 476
175 382
29 164
184 536
51 112
351 552
229 474
111 383
14 91
188 243
308 404
19 299
205 250
309 327
147 292
336 368
75 191
340 594
181 556
286 397
6 452
354 551
170 592
151 508
481 565
46 401
436 562
546 563
190 401
144 183
117 297
108 239
340 364
242 573
349 570
79 447
347 576
287 496
201 396
23 238
100 229
41 272
99 148
379 419
93 258
104 406
35 226
453 547
307 593
225 335
361 400
338 441
167 336
491 515
87 560
398 578
166 261
121 531
155 221
40 400
132 345
257 536
168 572
137 404
368 428
75 239
200 522
411 466
78 564
41 374
128 310
219 280
130 452
202 245
407 520
5 384
146 539
328 466
133 166
206 210
264 320
164 198
318 448
63 317
36 95
376 440
87 574
131 488
197 549
398 547
540 598
411 588
34 251
144 570
475 510
93 316
237 353
253 367
161 307
235 502
7 119
395 517
9 32
254 403
50 52
379 506
95 421
235 360
176 463
345 599
19 407
44 308
52 392
21 554
18 114
235 495
250 524
271 497
230 477
33 203
373 444
326 465
128 509
69 440
108 255
194 249
495 579
101 274
26 375
172 298
262 572
192 525
139 292
207 498
65 524
204 374
357 369
429 548
201 425
407 571
11 68
175 550
218 461
56 469
35 100
198 316
278 300
283 337
209 247
18 128
375 581
112 251
148 484
83 542
31 546
20 234
382 487
96 217
486 521
398 431
124 576
284 419
50 84
244 448
66 478
70 383
96 270
4 443
454 556
16 483
292 344
196 381
75 483
86 445
441 449
15 536
208 550
50 533
358 593
295 555
134 347
52 533
253 570
229 572
84 178
517 544
529 530
36 421
6 590
105 190
60 470
88 382
85 480
50 285
55 432
30 333
383 511
176 524
181 461
100 168
15 356
189 468
63 477
380 398
272 460
272 286
103 508
322 424
205 511
183 593
145 227
28 443
379 591
153 439
31 76
10 487
74 228
235 558
302 502
369 443
8 187
266 470
146 295
136 502
362 426
57 462
369 404
13 417
354 546
173 296
205 332
260 474
15 590
39 395
231 583
50 221
509 582
159 376
340 355
129 493
8 211
397 456
67 341
280 578
43 455
68 476
41 460
320 576
140 521
68 213
16 56
62 493
58 270
186 237
1 134
16 274
380 500
89 565
169 499
266 466
82 440
58 137
162 581
7 305
26 334
185 423
276 383
249 419
54 599
383 407
405 472
174 462
559 579
342 461
80 435
138 419
87 227 495 535 563 167 330 479 161 412 346 148 31 116 508 363 372 582 434 9 527 240 79 525 417 361 512 521 307 361 466 305 278 218 163 377 558 559 355 119 103 97 131 439 495 163 591 220 312 577 340 437 62 353 374 60 531 99 469 307 13 154 551 559 376 498 550 375 170 544 413 337 213 431 372 161 306 535 393 563 9 285 298 552 313 400 373 86 352 203 224 396 163 443 280 484 252 177 185 461 337 102 592 157 7 36 254 500 420 23 280 126 424 498 45 351 532 293 294 486 396 363 334 221 500 400 447 477 189 113 201 333 534 67 358 392 516 263 7 413 154 390 543 368 427 531 206 99 465 516 286 423 1 127 172 170 591 403 79 234 336 480 438 493 558 58 282 473 461 21 577 450 484 350 150 434 568 168 185 480 288 5 99 203 224 113 139 98 286 118 338 121 343 72 89 547 41 333 92 8 338 321 507 159 505 590 591 547 371 281 52 164 83 360 46 5 400 389 548 162 322 476 270 333 157 255 263 118 264 415 560 57 70 496 201 524 145 582 197 471 494 553 591 124 379 75 529 124 48 317 551 191 502 17 306 40 391 392 196 214 103 428 238 522 549 259 286 201 169 146 360 202 503 140 316 329 584 552 9 299 203 505 389 497 447 338 518 589 409 222 25 204 514 64 74 227 302 138 281 82 348 148 511 473 435 27 87 262 120 416 393 199 504 85 433 280 504 227 300 325 1 208 498 194 443 85 511 261 292 359 117 200 31 146 235 556 307 389 521 207 586 370 504 406 60 450 394 147 136 202 278 477 5 12 73 552 405 176 593 147 97 253 31 150 170 262 303 424 99 599 579 463 218 289 329 316 227 97 183 520 494 139 42 322 194 275 373 511 178 508 227 488 206 219 348 594 14 329 106 195 53 341 556 157 249 298 449 170 568 299 244 105 44 333 147 278 513 182 115 165 288 571 385 227 369 476 261 15 130 506 412 385 109 445 280 28 465 298 390 5 211 561 117 376 247 4 355 93 277 163 310 350 283 554 136 114 430 331 191 303 230 462 481 282 64 10 537 366 441 128 408 70 538 566 482 223 447 561 467 66 64 83 561 160 536 21 382 163 39 171 273 360 53 421 170 274 515 86 383 412 114 362 50 398 583 362 359 141 394 498 82 381 505 534 301 351 158 293 536 523 551 285 258 211 10 559 422 155 173 333 296 462 511 79 445 391 77 55 418 22 195 389 246 460 239 315 555 557 376 529 305 387 562 119 80 64 54 31 580 179 248 124 337 98 543 30 397 546 543 455 41 379 487 240 434 336 30 140 195 90 252 325 271 338 524 56 316 217 391 259 286 283 561 89 366 299 385 214 37 563
419 228
424 622
499 728
74 336
663 729
413 70
187 612
975 70
628 100
897 158
676 236
287 341
479 332
265 530
667 342
96 605
228 858
985 273
308 920
762 563
607 381
501 3
349 523
535 189
873 691
372 348
970 377
6 283
661 768
82 917
608 421
98 41
868 162
173 542
162 47
622 531
874 957
775 211
478 132
393 12
410 477
442 896
300 54
773 58
578 869
786 380
90 724
316 205
395 440
680 841
803 129
225 65
725 147
729 822
186 354
803 596
207 922
859 83
689 785
513 860
337 486
871 229
153 456
922 107
513 381
989 525
674 480
196 561
327 317
549 30
841 558
460 454
986 732
929 282
778 900
259 798
131 38
152 239
434 400
297 115
216 270
583 470
510 45
489 475
741 180
608 66
711 534
110 226
599 148
537 816
364 233
712 407
902 972
65 756
450 107
849 895
809 834
60 524
294 844
531 336
651 564
118 857
119 302
907 754
928 77
27 683
85 281
989 136
178 813
898 275
414 941
819 525
252 55
519 546
309 889
797 986
366 478
624 900
4 319
976 98
963 187
941 442
843 644
4 850
531 695
116 475
523 575
784 463
246 962
206 488
248 607
693 595
162 321
41 926
390 696
15 351
336 675
662 819
958 974
185 731
481 566
685 963
669 302
139 365
723 961
962 609
748 654
140 706
587 344
23 447
636 654
938 650
267 175
789 780
739 684
757 251
305 276
411 190
26 811
572 130
444 997
567 997
966 332
826 732
81 877
356 180
7 983
860 361
587 523
570 249
171 108
77 198
475 378
84 499
863 44
605 249
903 585
346 411
713 184
809 171
328 114
148 427
135 984
691 884
108 700
21 162
529 428
633 155
346 584
488 296
22 714
289 790
775 14
401 386
933 951
698 313
358 75
729 723
68 843
945 839
166 138
602 670
839 841
175 511
410 873
929 511
344 977
741 312
704 249
118 827
384 973
566 95
20 79
349 282
37 867
698 933
565 717
755 839
240 457
416 132
595 823
782 181
0 554
568 7
244 774
931 213
614 502
978 575
818 892
598 586
908 54
826 437
316 764
534 879
553 380
307 732
275 490
552 474
581 192
181 778
980 797
739 75
912 359
394 604
682 95
920 853
470 966
96 773
222 518
899 934
920 545
198 50
689 0
738 903
462 774
205 803
916 323
99 660
25 776
829 144
657 634
90 993
555 612
173 3
486 613
530 278
270 452
45 110
859 983
386 550
755 790
739 439
447 930
194 83
179 859
815 665
883 562
312 948
796 291
504 977
460 172
228 21
46 465
53 384
997 995
831 111
495 894
227 104
6 740
226 315
287 970
305 497
138 659
43 18
122 935
769 622
23 521
626 930
441 353
744 586
771 315
564 325
247 683
901 217
293 533
965 27
3 881
625 959
636 842
551 969
309 998
483 84
905 805
68 597
651 602
933 904
57 805
950 117
669 173
489 168
520 642
727 856
194 186
33 318
102 166
223 661
251 212
584 947
282 402
34 280
818 333
322 839
946 470
566 424
988 456
966 244
836 395
99 349
144 880
281 292
347 753
214 593
242 373
675 511
177 644
182 277
51 998
435 714
979 852
772 956
37 619
385 52
437 5
628 460
69 68
367 785
140 544
552 765
635 1000
19 255
374 721
415 543
312 581
443 492
328 803
407 312
300 617
776 868
858 430
598 772
452 658
800 77
777 426
427 803
468 838
891 399
511 142
196 311
343 213
993 917
504 232
323 78
619 180
855 523
407 98
542 155
735 353
120 757
457 426
344 881
445 288
417 741
740 105
827 16
638 357
351 14
583 642
521 938
457 226
164 592
397 504
56 701
970 409
475 800
620 794
982 700
929 34
794 506
764 716
340 375
351 552
243 422
486 701
387 153
393 823
609 872
678 394
229 548
3 125
969 948
869 196
838 952
1 651
50 190
178 228
626 702
279 572
896 707
893 431
367 383
46 220
440 198
793 554
927 410
400 905
257 241
390 658
212 342
145 811
832 783
520 108
111 905
164 176
614 729
427 842
739 540
308 156
359 151
691 136
93 960
369 863
699 719
263 653
401 258
88 401
794 36
485 922
847 616
633 301
646 424
470 871
195 409
895 24
894 620
889 904
232 178
315 416
813 254
504 349
162 930
346 453
468 739
978 656
753 395
629 626
952 802
371 309
885 98
642 501
807 942
641 46
521 761
920 251
253 834
596 306
992 310
421 581
625 215
722 637
65 306
640 11
994 188
762 984
188 453
845 251
278 709
202 136
711 493
722 290
586 275
559 218
236 492
307 696
912 662
861 778
551 657
958 872
569 685
942 679
245 927
882 832
885 493
717 989
2 417
0 921
960 155
682 674
323 24
503 508
565 839
816 481
453 537
114 129
1000 766
956 535
730 32
416 993
861 125
878 877
293 187
283 226
915 464
452 627
783 109
855 300
271 140
60 659
681 43
365 924
786 669
40 52
842 207
487 435
705 750
271 20
800 408
71 10
429 257
381 409
744 755
674 266
84 105
347 42
61 147
476 37
791 641
90 445
147 777
340 705
237 736
148 267
935 746
334 635
9 13
400 341
569 797
833 699
518 309
224 824
278 919
759 927
739 494
571 565
884 309
133 180
193 964
454 692
573 57
476 202
207 752
267 877
936 344
236 895
853 495
881 648
997 368
494 821
708 689
301 377
676 202
148 630
998 949
158 77
670 936
396 763
707 447
41 571
790 352
6 42
132 334
