600 1222 600 821 13
36 584
29 470
299 475
85 403
90 480
60 153
115 293
453 554
112 436
80 122
74 126
146 538
263 579
215 368
136 303
277 545
183 250
84 579
430 454
13 469
278 437
308 541
37 533
282 415
211 439
164 243
147 525
52 371
253 544
212 483
86 524
20 354
325 546
246 289
161 448
79 195
272 276
199 428
12 543
13 61
172 511
173 423
11 139
276 425
37 254
111 197
424 494
49 124
27 237
49 341
111 356
376 491
7 397
327 571
154 425
1 596
370 595
14 393
367 398
318 374
138 284
102 118
191 390
170 530
52 155
75 518
16 305
195 337
424 527
479 568
307 493
226 292
133 303
163 176
100 471
479 558
195 247
54 450
500 508
131 258
178 260
55 337
480 564
50 217
270 412
125 349
449 562
343 576
282 297
129 263
242 508
138 218
110 293
296 414
271 497
469 554
445 580
290 432
227 357
264 282
225 302
591 595
7 224
575 586
15 148
79 279
40 385
143 174
229 506
15 221
114 196
400 413
95 427
113 521
111 121
11 478
116 388
258 324
143 541
37 589
56 470
311 497
243 352
377 514
159 472
199 300
171 459
135 534
41 337
460 531
181 433
569 596
59 421
240 347
450 591
99 143
74 77
33 150
18 183
117 290
206 475
233 468
240 496
214 408
311 360
42 217
19 66
27 145
205 323
40 163
231 397
456 508
377 483
41 281
453 468
110 314
7 260
476 513
357 436
21 50
32 478
83 392
27 258
134 597
4 111
3 75
391 494
41 522
15 93
167 187
438 547
203 216
196 462
100 147
172 451
167 573
281 426
58 535
63 147
360 497
229 253
138 211
477 547
56 289
101 406
345 511
42 48
336 544
294 459
72 137
73 471
116 312
343 431
292 495
245 470
404 582
3 168
6 205
98 212
134 390
141 588
176 268
88 594
69 577
207 334
356 592
395 399
30 475
136 598
2 536
303 510
318 329
320 427
73 426
289 470
3 235
11 289
388 513
184 547
31 456
286 396
247 301
231 276
169 389
435 439
300 567
320 539
140 452
259 359
392 531
12 409
50 555
269 552
169 587
178 523
448 597
88 568
327 530
109 254
42 259
477 585
507 543
15 539
86 347
400 402
390 597
72 547
334 350
275 350
108 251
256 493
270 415
519 543
521 591
128 412
4 452
382 403
329 411
210 535
353 572
108 182
304 543
8 48
156 238
158 247
179 476
181 563
85 513
355 572
23 328
118 531
207 327
271 311
540 585
241 400
107 375
197 452
145 444
451 511
1 119
248 358
270 570
217 537
104 186
90 564
34 306
308 528
112 373
216 525
385 461
236 360
301 574
30 295
133 136
11 596
219 572
355 566
37 222
347 524
55 387
96 177
125 427
405 587
208 361
251 294
239 390
206 295
438 549
129 504
215 520
63 430
256 279
207 269
124 410
101 102
298 380
72 585
129 557
91 256
534 543
471 525
130 496
327 529
105 462
22 405
365 488
457 485
60 227
431 435
145 449
154 328
483 581
412 415
455 459
486 551
322 518
340 492
157 244
254 533
215 381
28 242
286 495
23 232
59 109
173 317
438 512
383 570
153 157
465 557
52 333
151 515
38 425
78 156
202 571
29 468
130 429
443 599
79 475
507 534
271 359
113 407
119 569
118 156
236 466
107 385
170 285
88 549
62 382
114 328
16 298
544 548
381 520
410 476
36 90
11 546
398 446
336 506
369 518
20 261
158 301
12 71
28 458
150 283
306 556
170 241
10 213
48 217
4 394
440 573
8 379
189 567
232 503
358 521
331 504
148 160
14 133
243 432
89 334
512 594
464 564
99 359
218 228
328 342
2 179
65 495
207 275
57 540
55 473
269 530
309 501
66 506
143 526
113 222
322 413
23 342
52 423
24 332
48 504
204 379
408 512
43 461
151 424
65 510
335 436
146 513
57 111
253 499
331 557
208 220
159 348
19 229
24 464
419 537
69 167
8 39
201 589
195 301
75 168
49 160
210 316
296 367
54 91
99 271
481 549
102 460
110 434
326 479
338 441
66 103
51 448
77 97
87 164
196 492
304 352
78 173
377 592
46 300
454 597
512 549
298 517
92 283
338 475
260 456
30 326
369 413
5 312
43 393
466 573
63 306
170 269
150 322
279 337
346 378
360 545
143 419
57 121
10 205
264 297
174 419
198 569
246 302
153 244
352 432
184 583
185 417
134 189
329 339
82 558
205 375
104 304
119 596
93 220
363 502
195 299
43 286
379 555
55 279
252 315
269 285
51 369
212 399
176 498
311 593
17 278
372 376
140 514
161 203
117 319
385 598
524 560
98 526
7 508
283 590
254 521
341 539
42 537
150 518
286 461
207 552
209 316
471 580
88 153
33 590
297 415
41 252
514 561
148 532
291 450
351 421
227 551
242 287
164 527
28 287
72 540
102 300
95 125
232 328
19 506
123 467
89 535
268 339
20 175
2 40
110 127
288 289
110 310
433 567
82 326
437 442
12 274
106 322
122 389
62 145
377 581
61 464
497 545
457 586
38 365
33 283
90 496
6 213
140 418
388 403
162 458
243 313
213 323
213 268
104 309
209 402
444 562
84 439
12 44
36 496
86 240
75 295
266 359
30 441
188 319
134 209
151 426
128 418
79 244
488 542
44 186
129 228
551 562
368 570
81 558
457 575
72 477
55 132
175 268
8 504
297 378
513 538
21 212
7 178
182 327
191 239
129 296
53 223
122 587
109 533
78 118
340 550
499 522
15 341
429 529
117 432
391 544
134 191
20 329
86 241
281 574
282 561
84 517
152 516
305 573
130 464
128 372
13 332
169 452
182 294
141 247
297 443
275 334
34 392
426 445
211 435
386 440
288 546
84 211
336 505
160 341
38 273
44 423
33 584
140 356
290 306
233 455
103 442
80 128
137 547
165 225
139 546
19 103
416 434
516 599
148 221
150 265
315 434
41 151
57 414
391 499
520 570
407 490
9 534
47 228
39 414
271 593
262 535
519 544
198 455
210 433
272 488
535 563
59 364
203 471
205 213
111 452
120 460
83 531
64 67
484 489
135 543
270 422
235 588
30 283
53 380
34 432
218 367
172 381
68 142
126 394
329 575
225 570
240 265
175 329
162 226
582 590
177 559
204 356
323 457
27 449
259 331
134 316
149 486
70 327
102 463
133 510
429 560
321 399
145 160
284 417
224 231
100 525
99 593
59 578
111 414
45 124
48 50
469 529
20 576
135 506
272 349
481 568
135 519
219 355
76 398
184 585
189 300
376 383
213 339
348 596
5 160
221 373
87 544
252 337
443 516
67 474
135 505
310 434
90 384
27 261
440 466
486 562
23 123
141 471
250 416
234 509
171 233
430 525
74 540
12 186
47 367
209 210
65 267
123 508
267 349
20 237
219 558
235 247
112 551
363 367
196 550
189 433
363 446
126 572
70 469
132 256
38 276
158 426
45 320
107 461
77 353
22 36
375 461
70 171
584 590
227 493
321 483
152 399
19 437
502 585
200 284
313 319
26 325
208 591
216 448
87 352
236 593
353 355
182 459
104 482
363 414
255 413
329 343
453 469
466 545
491 570
106 369
151 445
287 456
337 574
31 508
232 425
5 62
162 287
79 190
193 349
133 401
246 288
143 152
0 204
433 563
184 477
373 562
130 524
470 554
69 380
385 487
322 344
293 314
98 143
4 169
358 578
105 421
163 268
115 578
149 449
35 575
249 447
392 460
412 491
439 517
98 152
60 157
6 268
272 509
90 565
167 298
486 512
404 587
241 402
144 399
181 210
341 420
5 382
5 388
167 380
40 179
82 92
24 61
140 377
364 533
94 261
408 486
530 571
248 591
461 598
380 439
441 475
381 470
319 471
201 533
45 427
123 500
265 362
323 339
92 582
145 382
11 56
335 357
315 387
13 554
64 474
104 352
63 117
194 532
445 515
91 493
141 235
421 578
241 285
282 412
175 366
209 597
224 397
30 92
485 575
51 402
208 595
201 364
140 169
239 430
425 467
312 388
251 350
5 403
58 552
304 482
344 413
46 189
220 370
332 470
178 272
53 439
375 396
132 279
280 450
97 353
240 344
93 208
127 314
318 431
238 333
487 498
395 516
16 579
460 463
73 141
488 509
40 487
41 315
303 349
406 556
77 126
108 350
201 273
215 245
66 257
119 478
168 518
383 491
171 182
99 308
32 325
418 514
223 577
158 281
91 335
54 208
125 509
278 351
50 419
166 234
549 594
3 475
76 185
57 363
164 515
384 587
87 494
166 220
115 358
9 135
356 581
449 486
185 354
440 545
275 327
43 598
438 479
227 307
221 335
87 548
432 501
330 544
8 555
250 293
242 456
85 366
76 502
96 559
105 489
249 556
0 356
314 578
359 528
120 556
6 498
339 586
44 173
373 551
104 501
141 203
254 358
266 271
258 502
417 431
14 43
26 246
123 503
273 488
149 258
26 225
532 562
93 166
35 374
259 557
245 381
104 192
492 550
137 566
50 526
317 392
328 425
334 552
195 279
139 325
185 343
12 423
458 500
480 511
34 501
220 407
411 575
351 437
152 395
240 255
505 544
168 588
417 435
146 366
255 400
389 418
223 380
560 571
270 491
499 544
169 394
41 574
51 413
390 454
103 484
94 324
148 373
137 438
332 381
47 296
41 424
345 384
225 368
345 565
367 446
280 591
21 379
22 582
309 317
258 583
386 545
343 354
107 205
9 507
352 501
339 457
127 310
113 273
329 576
349 509
118 460
100 319
376 384
386 497
351 442
21 526
0 111
236 573
190 338
122 376
312 410
79 299
13 24
128 561
254 578
56 455
106 518
81 582
73 580
207 530
373 436
140 592
312 476
169 418
482 543
397 467
277 360
261 354
472 569
45 539
489 550
165 346
385 498
116 476
442 484
139 478
131 214
410 536
93 361
184 214
308 537
226 375
240 362
330 548
183 293
215 246
159 455
494 527
384 405
390 430
378 422
56 348
276 467
144 443
266 386
18 450
188 243
136 193
59 533
276 523
25 540
332 554
80 389
215 302
318 343
122 384
22 90
73 445
9 553
391 522
37 113
378 599
373 532
34 556
59 462
233 453
524 530
234 490
387 416
74 111
94 185
89 474
78 83
65 260
156 333
379 581
346 422
212 321
464 496
124 427
199 447
424 515
302 368
424 522
160 194
54 591
45 420
126 558
253 310
15 166
512 551
63 290
241 255
185 284
391 424
291 416
53 435
81 394
263 465
47 129
242 500
429 571
304 519
151 281
253 336
145 237
427 536
404 405
157 256
39 504
334 474
387 473
252 387
120 463
38 154
46 180
70 182
71 409
533 589
319 580
230 257
300 428
366 513
133 598
68 223
190 441
163 513
78 392
87 527
502 583
27 94
66 553
101 249
81 82
563 567
263 557
360 593
177 282
58 89
234 320
128 491
42 528
81 126
44 192
180 239
81 404
229 314
283 295
514 559
235 475
421 462
257 553
46 239
308 359
210 262
509 542
46 191
77 540
71 155
304 330
521 595
0 39
15 129 333 440 335 443 44 301 287 120 319 346 324 307 248 328 582 544 314 580 594 586 558 375 361 501 255 554 261 423 130 350 315 50 162 490 231 164 318 432 339 449 489 561 182 253 198 493 58 282 464 27 357 590 118 72 7 60 552 518 366 109 15 35 114 433 341 193 204 1 459 275 79 483 400 416 325 305 514 159 594 531 268 122 369 393 581 24 391 596 391 361 23 406 557 31 41 128 468 274 16 74 562 268 555 273 593 548 199 569 344 182 367 129 298 41 281 561 527 10 249 572 383 32 416 435 311 326 519 235 58 441 113 520 306 480 339 370 171 540 154 195 419 548 506 34 531 203 260 172 76 275 422 197 478 509 292 113 362 30 233 333 180 78 593 414 142 128 139 228 585 566 327 194 486 102 287 105 463 281 362 171 160 390 248 428 383 386 167 283 336 40 378 574 438 140 60 46 558 464 344 143 87 368 220 564 422 323 253 247 567 114 584 152 247 28 482 445 152 114 561 320 128 417 278 182 275 344 60 69 36 191 349 76 110 60 68 262 74 111 202 551 578 227 442 337 468 258 499 220 357 275 564 65 437 399 327 315 281 513 372 2 546 93 57 256 360 469 437 435 259 35 220 431 384 207 190 403 258 301 455 449 44 237 65 523 535 247 516 268 99 82 561 228 589 533 82 201 494 267 577 89 146 573 87 565 263 522 382 270 543 247 78 163 224 100 430 530 341 93 268 92 4 208 373 391 442 336 123 291 22 324 297 112 553 564 122 167 147 54 367 523 467 571 417 5 202 425 447 583 220 164 572 176 547 457 310 108 170 287 280 167 439 337 464 293 192 57 265 154 553 121 116 54 115 404 419 432 354 250 262 431 1 140 107 500 435 568 77 75 15 543 429 452 342 580 218 478 58 487 16 363 418 579 475 481 60 497 400 152 416 281 321 68 71 261 460 442 332 217 119 588 491 3 310 405 119 154 132 468 293 227 134 246 495 124 443 286 7 213 489 220 265 82 221 66 386 328 520 61 440 41 95 195 462 188 515 450 144 216 39 307 309 276 49 346 525 271 263 173 42 343 593 455 199 522 520 278 322 490 90 449 402 47 216 528 147 168 414 194 309 430 487 190 107 240 371 132 241 247 561 505 361 437 50 575 31 159 575 246 195 99 357 128 386 136 357 197 515 517 402 89 523 231 150 487 410 79 405 300 2 123 347 6 72 316 386 469 93 1 23 461 577 380 557 534 45 489 73 239 274 279 13 89 278 597 280 144 427 227 512 58 371 302 444 429 11 311 454 31 127 455 409 298 501 50 4 76 399 106 497 297 484 514 20 547 44 304 357 346 205 269 308 424 125 294 139 186 221 408
792 626
933 30
342 912
491 347
786 527
441 788
461 964
103 866
864 643
86 279
440 992
912 118
71 193
773 188
296 917
353 688
848 900
97 457
262 541
78 382
566 790
924 627
680 376
7 712
763 242
675 650
941 234
544 721
40 980
831 149
532 399
56 885
992 97
619 321
238 126
607 937
646 332
171 607
108 702
792 665
370 915
308 371
887 734
271 944
108 117
317 755
387 67
736 744
869 682
379 788
921 667
509 181
38 62
712 890
329 602
310 470
884 123
729 617
559 72
88 530
431 535
720 217
430 765
338 140
690 11
167 927
31 318
767 7
682 931
776 963
752 133
9 173
669 573
400 302
724 537
544 311
643 703
695 549
111 41
443 433
800 421
677 446
623 442
148 33
778 842
530 823
612 209
249 276
514 509
598 22
703 349
361 574
586 392
315 685
597 732
276 818
896 519
664 546
991 622
992 796
377 238
281 45
284 0
26 375
154 175
24 465
519 261
322 985
725 51
123 535
193 442
778 592
411 605
206 656
49 657
175 521
443 821
322 188
164 6
986 48
223 64
725 578
781 401
4 822
331 823
254 796
693 481
152 403
838 420
785 773
663 209
580 663
318 500
271 895
445 107
138 280
286 866
610 544
706 808
973 142
836 526
426 310
660 978
990 681
972 487
500 755
488 866
354 180
394 683
546 685
572 307
350 326
995 590
458 517
66 683
11 126
114 3
402 489
375 347
874 38
403 736
463 268
111 984
418 913
283 268
963 300
298 706
800 976
485 313
782 492
610 135
776 113
818 284
120 87
951 665
520 895
435 958
915 454
146 825
397 895
340 114
508 58
744 79
223 505
598 619
640 784
113 164
808 935
295 194
438 45
465 462
404 102
140 133
252 849
415 704
379 418
37 633
806 561
806 20
367 32
666 744
100 605
715 163
421 275
867 616
406 994
510 379
643 101
281 634
496 120
513 90
735 823
966 584
497 989
556 619
877 219
426 242
924 712
715 764
602 513
230 695
388 657
177 643
723 960
107 828
930 283
171 992
426 575
741 791
123 388
47 244
87 796
17 745
800 103
251 753
438 343
955 976
539 780
76 32
379 114
610 246
559 168
50 923
255 229
431 462
848 212
909 216
413 361
231 566
324 90
235 470
715 24
294 421
178 366
143 579
579 205
378 508
10 231
599 685
872 768
145 883
591 763
557 108
816 824
917 406
589 286
887 833
170 854
488 931
618 107
906 329
931 850
153 761
150 669
21 203
697 75
99 753
945 944
80 417
346 475
284 562
344 352
896 434
578 349
666 772
570 132
248 968
93 944
935 181
903 182
283 157
295 529
147 948
194 469
749 25
549 353
745 681
958 436
788 915
419 410
402 21
368 382
916 261
226 881
163 216
823 907
283 115
400 522
957 772
184 125
178 421
940 890
416 813
326 261
137 452
274 395
477 103
149 104
671 893
351 225
284 748
924 540
565 277
539 987
572 722
974 204
564 426
690 114
28 693
592 906
191 256
833 763
806 205
23 38
624 70
356 625
156 325
335 428
475 437
535 954
12 634
375 731
4 661
630 851
580 236
777 345
996 284
654 235
883 64
215 829
675 36
52 460
204 192
654 504
612 817
626 504
834 574
380 592
197 555
908 808
959 913
305 624
642 279
703 653
85 566
124 755
515 860
724 704
888 260
497 242
243 666
36 107
840 391
409 640
650 945
286 992
815 384
893 544
999 373
896 620
753 933
830 245
475 764
838 315
757 386
355 951
876 893
259 427
477 798
784 449
421 139
253 329
170 68
252 925
736 499
974 530
188 966
50 824
686 719
955 550
536 195
222 941
537 142
501 791
685 406
736 400
267 71
186 701
516 608
46 147
378 831
580 940
887 394
521 228
756 640
925 382
263 475
660 814
804 505
967 710
359 764
73 480
985 343
66 98
291 326
53 729
381 319
296 798
324 15
719 190
395 170
657 861
268 178
498 28
224 435
708 864
390 622
60 401
556 577
753 869
877 930
510 414
27 414
983 440
494 677
363 296
689 686
353 70
457 205
520 699
319 568
757 277
812 535
801 129
427 174
848 77
85 913
568 995
15 984
766 64
213 21
306 965
47 500
240 24
726 245
851 812
891 951
58 796
856 114
781 144
853 184
390 269
845 16
291 453
635 3
467 405
406 860
629 618
963 85
548 475
731 321
524 484
123 207
925 577
1 446
600 982
500 644
406 935
181 743
5 510
222 737
849 359
18 578
389 566
235 300
197 941
671 271
914 869
409 968
222 355
19 947
216 167
661 674
27 776
840 708
173 294
122 363
87 236
44 861
206 782
214 915
793 319
488 584
454 856
868 519
318 285
989 506
766 903
510 288
163 255
852 267
198 597
259 369
136 781
631 175
390 203
966 642
263 297
917 756
740 156
661 134
179 30
447 694
113 578
111 269
558 46
319 845
952 734
471 889
325 730
693 585
990 741
198 724
118 242
196 314
914 930
970 179
584 596
216 265
527 532
17 538
450 626
600 52
38 278
804 160
893 655
259 108
828 790
629 472
887 466
688 183
867 450
473 655
540 18
707 297
750 355
637 557
472 23
528 453
903 9
879 326
664 170
658 478
852 945
342 398
615 962
597 861
710 988
142 517
842 840
353 254
872 584
652 392
635 653
652 359
663 622
569 970
757 450
459 321
135 623
608 370
285 592
868 545
989 876
472 546
251 641
956 49
485 159
323 936
999 472
