600 1159 600 1030 4
208 440
6 82
191 206
29 117
359 528
56 556
55 340
28 421
207 328
254 493
41 333
246 419
56 574
15 281
264 531
352 433
85 361
25 134
186 258
283 511
54 263
49 513
275 285
30 295
57 540
20 231
149 546
297 493
40 403
120 544
169 467
396 510
228 444
113 203
147 262
147 245
248 594
472 562
148 225
19 584
185 288
257 412
511 581
169 445
103 349
38 575
2 319
85 351
245 274
109 482
433 578
10 358
51 394
28 238
53 596
41 528
27 219
180 591
68 343
112 241
171 461
4 82
115 260
107 155
11 83
50 120
166 181
35 443
195 524
323 455
255 319
356 497
215 235
291 325
64 596
145 569
29 444
133 544
154 263
155 173
161 213
86 501
128 356
24 142
128 556
224 424
133 227
241 473
17 532
97 239
103 550
361 569
337 478
89 405
278 376
130 157
58 212
412 506
269 532
188 408
477 560
66 530
70 91
209 259
306 532
466 580
469 537
221 384
14 15
425 492
194 284
180 221
260 495
274 337
325 561
323 363
399 407
83 199
37 91
580 582
111 345
245 266
497 539
190 419
466 537
485 543
252 509
555 598
171 434
404 478
248 466
381 504
76 579
162 520
181 270
214 437
33 416
369 434
2 160
36 316
157 373
410 428
19 257
315 390
438 441
88 441
174 586
287 440
26 303
188 250
223 357
21 368
66 594
172 258
135 242
6 234
175 575
199 369
60 260
343 431
356 379
364 451
80 393
417 460
37 447
44 315
549 589
186 584
59 87
249 501
273 585
482 568
430 540
165 520
13 496
75 202
194 439
107 354
167 515
97 216
336 409
187 385
102 179
107 112
225 523
49 189
242 590
214 321
84 137
99 342
132 334
503 554
318 343
1 339
62 504
266 337
207 303
280 473
99 470
125 419
300 486
131 284
462 561
78 111
145 150
3 594
200 528
488 554
119 291
81 414
133 372
511 517
369 463
168 306
190 246
130 290
55 59
327 521
199 420
328 550
132 407
399 567
34 513
62 558
72 221
433 537
71 351
294 481
271 345
370 482
415 418
390 427
408 522
373 566
277 364
80 395
37 521
49 421
187 300
68 423
75 149
13 184
106 244
458 464
236 238
417 472
42 52
45 392
2 232
67 393
215 288
149 595
180 422
214 291
77 221
81 407
277 486
264 375
103 265
273 458
250 357
43 569
167 428
344 456
117 158
500 585
142 202
48 582
170 419
301 402
89 353
187 566
101 161
287 341
44 592
93 575
563 592
352 578
446 497
512 598
361 424
141 371
427 586
323 530
138 153
165 290
132 399
237 546
110 364
107 364
241 280
51 312
84 532
62 388
317 594
142 149
213 429
123 488
120 535
377 536
63 376
244 494
120 177
18 334
319 478
461 504
165 576
21 344
342 400
311 355
191 338
249 302
320 524
32 189
491 542
105 387
100 589
219 470
294 442
299 338
11 31
119 140
95 399
275 465
17 383
270 276
36 573
283 458
70 502
31 53
215 370
367 595
464 572
12 407
201 511
23 477
553 571
60 104
147 388
328 333
147 266
42 232
390 586
339 514
279 567
187 298
125 134
208 320
163 362
218 403
7 501
49 219
159 265
341 546
326 413
73 468
412 429
91 502
89 372
157 451
9 478
83 220
16 553
10 119
382 386
92 410
233 326
84 269
263 489
143 540
188 357
90 386
217 372
60 393
189 516
108 425
480 580
241 267
103 124
8 474
298 300
185 215
198 222
161 179
277 300
521 577
66 323
339 591
166 225
324 491
365 390
401 541
23 101
271 403
30 55
19 475
2 9
514 527
184 459
54 355
274 478
308 559
20 406
313 546
223 382
199 490
136 352
86 368
167 346
258 584
13 201
106 125
126 243
229 548
226 317
294 446
62 381
306 445
146 402
258 559
115 271
456 502
60 495
45 296
64 381
264 554
3 578
198 576
448 554
95 583
40 78
34 302
434 460
22 499
235 453
378 552
164 428
314 597
5 580
11 220
71 541
104 296
12 399
198 261
3 248
0 291
234 260
370 577
178 424
89 241
258 429
159 328
9 286
26 153
459 581
42 319
197 462
35 567
272 466
67 491
193 384
43 145
115 573
211 436
35 329
79 434
62 596
4 575
182 436
300 451
368 430
98 322
293 339
171 420
131 302
97 311
91 447
19 394
374 529
71 78
122 389
85 569
223 547
87 219
122 289
148 526
391 532
436 459
159 207
152 521
112 392
14 534
162 437
170 389
25 523
32 65
433 469
359 557
440 546
66 472
6 93
295 400
247 489
358 462
129 249
160 418
19 412
278 307
83 512
151 540
47 239
160 504
344 426
171 381
372 387
146 389
147 286
207 528
429 507
15 127
166 464
82 183
164 476
139 485
140 427
79 460
43 489
313 595
107 353
133 340
21 322
87 342
242 350
120 227
454 578
211 244
250 522
112 473
77 180
438 587
163 473
55 544
458 511
226 480
21 538
33 441
14 127
350 590
47 533
221 591
5 582
278 597
158 444
27 59
371 375
299 376
394 483
174 185
3 323
137 543
422 431
63 172
11 555
490 598
13 459
78 541
293 514
69 129
124 347
189 219
9 160
28 482
7 368
141 411
324 393
178 275
74 578
120 165
131 513
66 268
327 519
51 484
56 539
103 398
85 397
295 313
261 590
434 548
105 110
32 177
267 280
281 305
269 424
58 289
73 282
224 565
353 405
348 474
50 290
66 259
93 330
16 58
213 483
24 484
237 305
242 576
53 555
61 314
270 464
6 330
339 489
57 151
262 337
76 508
239 533
61 376
149 367
122 125
540 587
190 537
105 130
321 561
65 242
139 269
113 240
332 424
394 449
147 479
11 598
234 495
110 451
118 363
236 421
140 144
25 380
195 281
464 581
108 595
10 144
216 260
294 366
149 313
306 467
110 405
135 238
130 321
113 259
37 592
344 538
54 154
193 371
116 500
194 519
13 128
430 538
16 301
6 448
309 442
215 590
186 429
142 367
464 526
428 476
10 551
190 466
268 472
34 334
279 308
184 571
185 198
210 545
86 302
196 522
108 278
460 548
94 477
43 339
382 477
340 544
149 202
66 317
181 523
239 371
7 21
476 556
148 572
88 416
376 584
45 362
256 592
193 487
45 557
307 425
135 236
340 534
152 568
206 513
217 534
335 530
225 380
12 336
269 332
360 560
294 497
239 488
79 363
183 200
1 54
55 516
338 513
349 398
30 281
276 459
131 377
124 349
556 574
41 207
8 263
308 507
201 346
175 303
115 348
389 402
430 587
463 509
418 461
322 447
354 405
165 242
279 507
34 131
4 183
428 515
272 580
205 450
121 368
282 588
301 599
143 538
117 556
185 222
156 408
227 544
84 471
153 265
171 504
211 523
224 285
304 570
74 518
329 334
52 113
136 146
97 260
218 271
125 244
205 589
129 131
373 561
161 483
248 272
81 191
284 439
366 442
124 593
441 587
47 97
67 104
39 472
459 571
196 310
318 527
30 127
80 579
453 592
90 382
423 457
304 499
7 98
68 431
435 578
29 476
126 471
106 122
244 289
304 471
262 478
278 342
31 205
73 560
196 250
479 505
56 187
171 415
163 280
147 337
373 462
182 253
253 523
422 591
216 239
226 580
42 552
330 503
324 542
107 349
96 155
152 577
78 374
459 464
347 413
38 323
34 81
40 218
32 135
224 569
196 360
204 358
268 562
371 533
509 575
117 444
77 487
22 543
206 414
11 512
426 456
89 112
255 478
474 529
74 323
296 528
372 405
115 393
193 221
239 264
293 591
447 456
98 519
371 384
513 536
1 72
450 549
252 369
27 189
490 555
184 379
351 541
380 523
215 563
44 586
17 269
17 85
298 385
332 522
240 480
363 417
385 486
331 501
505 558
282 499
346 476
397 541
358 556
93 463
152 327
15 30
96 486
205 254
107 110
65 535
104 230
498 570
186 257
61 597
193 549
117 476
28 568
432 565
388 479
50 133
76 393
38 303
153 159
381 420
14 217
102 161
67 324
38 118
176 542
112 349
83 531
95 567
1 263
39 66
146 396
22 84
145 489
144 444
567 583
411 493
152 370
458 526
183 207
312 471
334 583
377 513
18 86
276 464
179 471
81 409
199 503
155 364
394 492
1 384
174 291
301 309
327 439
174 235
285 432
156 275
164 231
515 545
57 251
160 558
408 465
22 137
396 469
232 378
426 502
3 335
34 132
490 512
265 347
269 310
46 597
205 596
257 584
19 449
189 236
80 271
91 365
99 338
269 543
187 539
157 561
563 577
109 370
178 332
401 445
322 344
210 428
508 542
32 535
22 292
192 421
84 126
146 170
37 365
142 484
9 404
373 574
130 451
79 509
385 539
6 200
322 327
136 433
174 214
69 131
75 341
415 461
379 571
217 320
279 336
45 542
23 468
0 358
179 304
169 202
146 510
294 486
65 120
429 559
408 547
398 550
13 581
162 222
102 471
96 364
278 425
175 183
363 455
119 551
222 437
69 501
290 372
245 388
37 577
168 397
125 246
276 436
316 573
72 591
302 334
6 104
164 410
3 74
162 165
498 588
77 100
345 395
95 132
63 299
452 585
246 466
69 249
423 565
90 250
122 170
197 325
360 499
156 332
26 74
366 486
566 574
163 508
391 397
425 484
388 558
229 378
166 572
143 151
487 549
113 209
220 254
160 461
278 400
318 525
271 348
283 545
10 204
63 338
356 539
94 560
263 339
315 365
54 311
35 583
342 470
479 558
210 515
292 485
305 524
5 240
48 246
92 210
208 524
243 312
76 324
423 527
138 413
41 359
169 243
18 35
109 590
6 230
260 573
8 316
421 536
441 540
18 302
144 406
472 552
273 545
452 526
138 578
171 369
135 189
34 414
169 484
235 288
185 214
357 547
204 228
358 574
221 487
223 386
234 488
248 433
310 360
315 592
199 512
278 295
124 173
310 332
311 533
330 369
453 563
65 165
118 575
474 489
43 247
76 176
369 420
326 442
369 503
16 389
92 164
252 434
353 354
433 466
76 208
238 421
32 242
94 382
138 442
293 431
407 409
36 474
283 515
114 540
18 438
134 244
99 513
71 374
242 261
441 443
4 93
134 494
7 69
368 438
322 456
140 551
476 496
11 205
475 584
100 180
86 438
343 527
81 132
342 597
156 465
61 278
156 522
580 594
129 302
375 411
41 550
18 443
507 559
564 571
317 580
514 525
136 309
538 540
112 557
10 291
105 405
590 568 217 163 441 583 341 426 278 200 113 261 226 562 309 504 533 167 92 310 138 279 423 44 78 73 372 551 77 360 520 593 252 307 53 189 415 370 156 21 524 444 515 488 45 129 52 262 547 3 555 175 340 507 354 233 107 7 143 501 72 598 459 440 234 350 6 551 133 68 325 514 306 30 135 379 296 110 246 484 113 27 489 40 300 148 167 594 379 287 88 506 225 282 255 453 49 451 540 163 49 16 428 570 321 265 475 377 277 394 426 82 565 361 123 114 552 588 388 470 449 319 153 43 88 362 301 213 316 404 152 74 237 42 204 154 183 298 37 593 594 7 27 528 361 17 325 523 233 334 282 271 434 120 329 76 131 106 446 247 581 301 222 203 159 556 573 57 593 349 577 172 383 425 40 207 418 540 471 481 100 219 413 544 490 312 121 207 40 305 438 139 300 45 129 559 311 285 128 491 54 497 32 13 364 341 464 355 524 210 6 146 265 372 220 293 578 154 31 135 206 568 566 589 62 231 551 273 170 25 166 555 246 270 214 444 155 156 154 117 304 185 213 194 84 59 277 413 561 407 410 105 155 500 364 183 594 16 467 142 275 593 521 155 45 403 445 437 172 502 419 375 134 277 536 360 381 370 236 73 344 197 184 190 473 339 528 458 429 28 79 246 263 563 225 482 467 257 50 578 336 2 77 263 164 81 375 288 510 35 244 334 268 206 505 199 361 325 432 441 108 128 260 297 240 181 500 170 426 572 551 297 528 389 185 261 290 8 492 168 143 133 3 329 20 560 157 255 513 522 182 52 4 101 2 327 337 210 404 388 276 347 460 427 491 583 550 585 465 2 529 384 550 592 199 266 528 34 404 248 23 234 353 316 308 555 307 99 138 406 350 314 551 491 334 291 51 384 591 185 232 132 58 556 368 296 452 289 89 140 482 302 238 253 354 183 409 180 472 325 73 108 564 298 515 597 42 413 39 61 481 98 567 296 43 111 63 131 367 384 381 370 578 43 401 556 8 535 251 582 324 429 269 223 429 438 28 239 312 487 588 221 514 540 565 571 498 224 404 479 125 43 131 314 241 215 401 330 39 214 217 196 590 187 544 362 312 158 228 122 513 267 428 89 244 256 324 126 279 48 90 38 393 130 495 259 72 491 341 307 33 403 32 3 401 37 374 22 412 105 598 338 212 537 104 65 168 362 350 454 433 100 183 421 144 385 262 222 487 52 423 48 155 79 568 98 158 130 403 384 443 503 56 152 88 368 68 534 513 113 341 573 528 149 127 415 309 155 315 157 439 220 180 291 145 541 331 475 228 321 357 202 482 198 351 160 565 428 375 79 236 41 226 264 481 182 180 450 405 63
400 843
540 114
70 175
121 446
284 320
0 388
356 308
791 855
529 193
118 120
401 928
297 90
977 668
195 818
577 513
610 508
132 697
791 199
920 832
895 466
352 1000
819 896
852 249
996 291
790 433
17 773
244 420
702 604
718 800
311 898
683 522
298 42
670 694
969 884
873 694
993 818
547 225
673 956
213 329
133 309
643 299
343 426
83 208
697 158
604 936
421 471
813 611
451 205
14 472
755 718
552 670
877 352
46 237
248 49
520 164
625 573
256 760
928 965
103 671
660 591
468 305
808 556
184 57
885 600
236 23
628 726
82 359
431 345
662 8
843 774
747 978
672 246
535 92
966 246
199 428
687 380
517 374
484 45
664 328
198 274
520 352
924 669
312 325
314 124
847 282
741 200
880 830
699 568
959 914
485 548
958 152
694 992
273 960
273 277
980 183
973 744
329 660
478 233
786 879
807 642
470 20
972 314
921 383
330 500
410 319
482 640
19 641
397 578
744 479
627 866
430 612
625 325
418 498
35 288
886 979
524 273
4 961
313 848
221 300
444 952
586 698
845 917
70 606
366 256
347 529
2 615
840 316
644 530
251 800
865 776
478 708
829 745
941 707
574 625
6 695
686 717
147 548
845 227
230 507
859 172
422 978
445 103
759 363
854 977
376 965
663 198
121 584
102 38
18 937
735 384
625 225
908 990
727 902
281 485
567 135
359 611
860 45
429 774
352 866
311 460
130 148
949 346
509 717
508 463
321 934
559 718
65 876
222 897
749 262
799 352
102 596
203 153
903 622
334 607
534 870
276 347
490 404
655 650
841 69
928 333
528 23
70 817
101 799
324 345
200 786
547 829
939 526
288 744
921 79
695 668
50 530
879 663
774 772
486 108
754 838
582 471
911 115
433 822
557 772
286 158
360 361
211 858
725 348
1 284
385 905
338 4
856 664
317 383
544 433
56 297
252 973
67 736
88 653
988 409
484 812
597 873
456 234
567 551
597 312
719 642
324 99
515 72
525 797
995 72
729 113
31 882
49 363
602 641
375 929
136 214
381 295
327 977
111 222
285 614
388 270
543 900
732 729
659 466
693 761
431 215
3 316
499 518
611 762
817 334
21 666
83 9
24 549
659 137
89 472
869 802
944 95
948 986
258 228
80 772
343 82
10 178
675 930
910 492
922 553
45 340
472 261
586 790
58 115
591 130
363 165
305 493
60 19
533 546
81 335
842 187
91 837
567 303
66 461
177 997
37 26
824 50
124 832
349 676
781 528
1000 624
513 492
611 483
942 240
167 925
813 770
768 86
96 69
594 382
564 855
65 653
526 668
463 875
876 231
576 73
255 661
743 517
390 404
407 76
312 712
844 559
342 725
159 680
866 753
272 376
914 316
632 451
762 286
834 497
984 600
203 606
865 149
496 212
849 364
705 431
818 578
628 972
521 219
54 397
619 46
47 183
544 458
470 784
777 924
171 359
470 390
447 850
308 563
749 894
314 427
929 793
317 218
823 827
858 89
329 446
935 766
141 411
970 639
42 53
835 657
632 119
593 586
650 379
747 569
629 22
821 920
582 337
249 862
313 515
558 270
365 511
646 810
702 238
148 521
426 531
420 577
483 165
206 722
967 60
376 845
378 451
907 199
773 160
458 460
185 300
377 662
659 997
311 641
750 401
865 872
270 188
688 874
460 141
501 583
396 770
650 234
412 137
865 539
791 757
127 242
184 738
17 806
201 102
997 126
804 176
497 133
271 726
972 125
505 644
143 39
127 661
573 996
773 218
445 480
503 333
872 430
572 363
127 562
738 230
354 474
993 684
732 550
712 292
153 633
602 289
84 119
465 597
389 997
957 682
935 35
918 641
263 932
377 126
920 458
281 534
901 666
173 184
979 974
144 285
150 171
61 572
236 157
736 758
551 39
695 38
790 127
774 475
820 997
490 975
238 925
974 507
873 908
595 18
771 50
125 513
198 241
253 458
127 789
491 762
905 855
734 827
616 400
925 894
232 600
980 846
356 900
738 317
227 672
767 965
341 244
926 436
369 48
382 697
93 973
588 919
200 516
182 326
796 953
692 75
139 941
162 819
152 253
180 155
377 822
271 252
107 864
868 6
68 496
796 317
985 262
115 533
755 661
857 333
102 261
483 484
588 238
851 474
286 866
996 221
21 120
123 68
17 360
216 645
644 843
943 395
815 425
879 185
296 688
442 27
387 225
623 167
260 125
439 368
841 441
363 99
52 716
427 287
271 826
216 692
970 283
899 238
37 999
847 831
789 985
331 170
174 129
132 95
960 427
995 564
487 452
245 272
88 571
132 904
287 111
826 679
605 72
200 944
640 610
169 893
232 448
768 855
555 740
713 929
898 75
51 790
585 437
630 66
87 949
651 78
344 382
624 264
108 419
354 123
793 262
471 187
599 561
625 692
781 710
91 527
845 939
246 721
887 955
716 267
448 430
866 209
618 621
241 993
654 418
982 25
169 223
414 44
328 474
400 960
77 247
167 703
380 194
250 89
295 817
383 489
151 77
970 574
966 213
428 799
81 281
654 902
106 701
752 70
371 768
1000 718
706 842
738 168
949 312
161 747
82 895
543 249
303 788
250 339
573 755
695 916
156 464
555 386
42 428
194 843
1 428
990 777
897 513
128 971
550 960
895 887
934 261
406 18
620 834
546 70
626 944
316 541
80 425
739 454
251 0
773 590
272 90
195 676
