600 1075 600 1197 5
231 478
281 457
262 397
354 566
419 433
325 373
121 350
192 517
143 144
289 370
118 224
285 452
243 585
14 374
342 343
130 588
107 311
435 572
70 390
343 546
361 470
98 183
26 568
93 172
346 391
25 493
85 207
297 521
16 578
79 360
375 433
225 284
377 550
191 351
136 145
180 582
85 268
207 278
89 519
264 439
353 520
506 584
200 410
209 422
592 595
200 466
452 494
45 360
352 518
213 559
382 511
98 471
259 312
348 377
56 380
339 420
56 179
96 224
31 116
139 375
290 362
393 488
160 400
93 378
423 477
15 519
70 304
26 599
58 587
90 467
410 589
37 278
19 507
239 516
97 370
237 571
57 168
82 474
83 171
42 390
307 440
253 311
423 555
209 414
89 106
95 405
172 435
373 535
292 331
226 288
126 313
357 547
181 408
28 531
391 504
145 416
144 177
39 364
59 215
31 176
472 592
156 284
587 588
288 380
386 419
180 409
345 481
271 468
399 425
252 418
27 285
292 469
99 474
217 231
216 350
172 378
25 163
187 414
152 373
2 343
20 467
209 318
164 350
11 277
138 470
133 377
174 310
274 395
52 584
118 291
348 569
418 474
58 115
506 592
198 551
131 253
455 570
119 338
78 287
384 500
201 428
228 352
157 312
359 360
1 545
13 348
308 497
362 451
95 109
258 574
503 514
37 207
92 310
138 514
298 480
181 577
211 431
183 444
24 325
26 119
528 545
61 462
86 544
84 447
266 571
7 374
247 331
417 559
318 483
169 460
291 565
93 136
34 204
247 528
495 577
131 150
162 405
152 369
143 183
191 291
155 282
67 536
467 482
462 590
132 262
235 420
153 464
81 104
190 360
381 598
396 560
8 199
289 302
31 526
320 413
232 594
321 364
409 428
88 575
335 453
124 387
302 370
13 486
125 584
204 365
330 357
19 334
225 475
125 472
154 454
42 429
139 306
7 245
187 407
120 435
91 587
161 335
370 546
378 449
199 387
51 467
0 234
39 321
172 354
124 481
135 547
234 345
399 467
245 446
295 598
89 161
24 337
305 504
152 328
60 500
287 413
196 272
129 479
35 448
99 260
443 461
30 534
330 541
414 483
381 522
66 105
141 444
267 482
155 242
187 594
258 479
248 517
13 515
242 323
118 565
454 583
17 577
140 507
271 527
242 282
215 468
59 532
8 197
141 162
127 217
404 461
97 546
114 486
135 196
81 289
188 455
87 476
264 310
147 412
44 176
2 4
447 502
266 347
107 378
32 503
129 182
101 236
179 430
60 254
494 512
98 144
259 513
6 262
66 248
230 419
304 314
229 465
37 483
337 498
529 539
304 421
56 288
68 180
192 518
34 408
47 197
160 333
73 330
169 301
517 569
40 511
121 129
301 459
112 273
164 303
145 341
309 478
69 496
49 112
257 495
33 190
177 598
169 387
403 484
339 560
104 305
398 423
46 478
333 511
132 299
173 394
434 539
20 87
238 270
69 412
184 468
96 528
57 131
249 520
222 397
304 320
221 397
167 547
70 415
278 587
209 268
32 278
240 256
319 372
22 190
74 245
10 288
105 248
90 156
182 218
293 419
204 463
524 552
202 578
228 436
81 305
246 347
32 562
73 529
58 278
246 531
227 273
24 458
433 581
24 535
341 416
190 392
137 477
140 277
15 335
47 396
145 581
502 588
22 33
220 349
120 572
22 499
219 339
187 422
214 395
110 384
346 548
304 369
412 496
64 260
184 215
317 569
38 266
104 370
180 520
530 578
236 473
11 341
279 326
2 78
120 542
6 354
88 257
44 166
62 197
162 177
152 229
40 86
322 328
71 353
6 132
179 254
450 594
235 263
254 430
254 500
443 589
222 454
304 465
166 595
245 525
51 267
357 529
314 369
87 227
335 456
276 548
61 407
502 555
321 386
105 281
448 557
61 414
36 315
62 486
22 150
138 342
35 279
196 529
21 412
1 118
102 187
159 440
103 512
36 510
469 485
231 431
75 495
356 457
178 564
404 443
219 420
86 593
214 326
204 544
153 397
102 407
36 411
153 221
379 538
211 358
9 428
14 205
11 154
152 304
251 473
67 497
139 142
242 412
16 94
6 299
137 503
325 337
81 389
88 333
413 563
300 343
256 560
98 261
202 317
91 502
101 351
122 464
64 474
161 466
527 596
177 471
328 373
65 479
260 534
2 297
216 574
22 45
452 489
76 379
65 101
193 300
299 566
469 554
248 331
370 437
147 445
426 515
78 212
400 575
180 296
10 226
153 178
72 159
75 195
356 485
250 396
242 403
111 189
152 314
152 402
216 255
122 208
297 564
522 532
36 425
65 258
3 367
4 370
492 563
255 351
79 269
447 487
234 374
148 305
74 371
162 242
101 478
293 375
12 222
315 475
130 137
70 201
84 496
54 109
296 582
50 512
0 387
30 252
102 151
334 549
10 321
76 178
2 212
132 397
82 128
141 453
44 526
48 327
158 576
53 334
95 323
125 135
272 424
99 534
162 403
63 458
26 553
7 551
34 593
17 257
14 301
55 564
344 504
403 456
411 442
209 483
210 486
126 432
0 374
294 584
159 235
157 509
123 554
119 568
80 438
128 365
241 457
275 591
165 530
255 350
149 552
132 566
172 449
54 555
218 321
81 116
54 532
130 503
117 597
98 162
210 509
32 130
146 508
302 570
444 519
243 366
189 470
300 590
16 238
360 424
159 256
93 145
388 480
403 453
29 552
165 283
241 554
45 125
251 479
128 327
306 363
436 515
392 449
365 394
71 585
323 496
385 431
509 513
111 137
80 149
339 432
230 253
116 176
143 160
63 337
1 224
323 405
353 583
157 557
37 562
517 597
50 191
280 334
98 141
41 368
38 108
428 429
232 540
354 572
377 426
194 268
173 365
257 382
346 464
382 408
309 565
92 365
343 567
122 523
201 429
170 202
171 590
210 559
422 594
384 489
31 330
46 473
397 523
134 466
30 376
75 124
54 522
311 392
84 323
7 198
345 575
103 494
126 339
220 336
558 590
21 242
171 462
34 365
113 419
182 298
78 233
348 426
11 366
10 140
29 241
20 476
127 224
371 446
107 449
66 117
72 301
342 590
179 255
118 452
410 573
86 573
75 481
213 509
33 392
92 173
70 307
543 567
323 487
203 563
325 393
5 515
84 239
10 142
164 255
307 451
198 205
100 445
142 321
380 388
556 568
317 586
109 295
327 408
84 91
188 302
119 493
319 525
27 384
71 520
169 197
95 487
163 493
515 559
4 546
27 489
193 590
26 531
260 571
51 510
147 227
205 301
322 325
108 286
243 334
211 231
51 90
361 543
147 273
80 211
436 497
373 402
134 200
23 488
277 416
50 255
281 356
227 505
316 409
78 297
146 594
154 341
217 478
73 541
265 506
527 598
357 526
13 559
263 560
119 556
452 500
258 350
379 520
115 516
28 246
185 266
96 247
94 586
269 523
87 329
112 268
130 278
2 546
192 352
312 509
98 444
64 571
65 251
179 512
133 515
124 345
391 437
68 421
97 455
408 593
219 367
32 83
464 523
67 515
406 431
392 435
5 67
561 567
73 434
83 514
55 521
27 238
361 458
41 128
402 490
88 511
235 440
437 504
43 183
330 526
133 436
336 491
142 293
137 423
112 510
472 584
127 469
121 164
255 388
249 409
94 285
183 333
35 259
279 448
109 502
249 316
406 554
0 14
280 430
148 541
43 511
63 398
306 581
535 561
61 483
17 495
324 389
490 580
464 564
75 199
83 562
336 558
193 558
291 351
352 436
223 561
157 213
455 491
229 451
108 408
395 417
508 594
214 308
271 372
290 451
64 99
292 485
62 250
47 459
9 53
222 583
33 311
62 513
59 337
24 373
37 61
193 455
224 565
90 475
184 372
4 340
195 347
56 388
64 266
413 492
231 473
197 513
290 551
1 94
302 324
95 177
152 465
349 540
29 554
329 476
326 553
265 591
160 596
77 343
171 342
173 174
101 574
139 581
74 525
373 490
325 328
307 465
58 207
140 288
260 338
208 269
99 418
338 599
281 485
270 415
1 285
224 533
226 298
445 579
394 463
126 367
142 306
158 358
13 426
116 305
48 286
159 263
92 368
138 343
71 366
237 599
310 501
28 266
112 329
165 348
247 248
213 383
108 181
11 454
35 347
248 355
233 521
79 120
317 528
170 530
114 348
31 44
6 269
379 582
371 488
434 541
252 534
180 249
112 194
351 478
175 347
423 532
40 410
239 496
193 441
92 174
167 357
380 480
67 436
8 513
391 564
458 543
148 434
135 595
282 484
187 232
212 567
252 376
346 504
425 475
289 324
48 128
244 440
320 582
462 562
240 396
105 331
126 283
206 480
313 530
450 508
76 287
40 589
368 474
96 545
226 380
246 553
113 311
424 539
344 548
395 448
114 283
404 444
7 446
517 550
19 243
381 532
38 185
123 438
133 426
477 555
228 401
11 537
397 464
493 556
224 247
322 488
316 428
284 467
139 293
166 506
22 294
244 415
77 300
13 210
133 352
186 577
41 365
3 270
223 567
332 533
108 266
169 459
1 96
131 499
48 108
18 549
162 471
186 195
21 496
345 400
183 261
50 351
325 488
72 256
135 359
283 530
200 204
169 199
50 494
291 494
243 277
171 562
200 573
407 414
199 460
111 361
72 240
3 420
221 222
326 568
213 417
110 415
36 508
63 361
19 140
322 551
166 167
205 374
215 527
44 167
111 423
32 514
242 405
9 427
76 221
136 341
242 484
138 567
64 82
241 401
119 599
330 529
435 449
287 580
46 101
225 399
61 102
269 542
135 592
222 538
189 503
139 433
335 519
106 404
107 203 74 572 583 448 589 154 71 322 579 425 24 124 389 484 573 113 30 538 387 226 25 415 94 59 405 550 86 269 327 160 505 13 32 128 325 171 569 287 496 136 155 102 510 568 396 553 387 531 530 128 76 254 396 26 146 471 184 426 516 21 317 253 228 92 470 536 494 597 388 361 214 147 169 204 351 331 275 534 272 423 117 35 258 204 565 439 371 211 84 397 375 73 443 217 517 454 559 430 284 238 259 572 438 518 335 461 494 86 45 155 99 597 594 185 339 95 62 24 346 497 330 411 17 438 278 286 60 43 81 71 144 48 26 302 174 469 575 265 261 168 105 513 356 448 30 20 422 253 308 129 531 550 368 438 433 25 348 468 594 405 457 547 529 266 312 103 92 522 392 80 271 366 221 260 382 203 592 306 63 234 279 282 233 26 350 79 59 574 252 4 428 585 201 271 473 78 15 511 547 502 179 421 460 549 60 43 220 398 478 368 91 45 403 433 27 135 593 314 220 448 398 146 248 319 219 491 237 151 232 378 533 479 363 87 318 297 176 547 389 142 221 350 510 75 485 589 490 414 169 390 525 598 366 304 54 469 329 85 434 353 75 89 306 261 305 328 566 262 160 469 201 50 355 552 70 539 283 422 354 395 350 522 476 515 536 245 93 248 47 95 109 154 166 125 455 589 180 246 153 162 473 576 466 64 388 99 565 45 63 123 211 339 126 244 278 156 416 283 55 475 350 515 209 2 326 486 476 402 586 342 578 168 346 225 112 421 64 318 369 389 568 308 393 19 549 153 336 259 91 359 380 273 531 284 418 408 260 552 37 220 143 451 300 252 427 266 564 418 324 342 500 168 288 289 414 490 514 92 598 150 143 195 283 445 150 172 87 6 112 236 250 13 38 580 334 501 387 500 351 88 288 347 121 186 419 182 43 38 462 492 358 178 344 63 504 135 253 471 35 345 371 407 111 505 137 364 48 409 147 160 254 10 231 195 123 574 349 575 372 49 164 461 206 156 543 565 80 301 490 432 255 576 239 147 523 387 258 77 434 330 445 413 561 570 97 370 101 425 453 335 84 52 58 399 347 568 62 217 203 167 359 376 598 307 591 230 354 131 492 477 161 67 77 451 239 499 398 340 220 263 527 277 144 210 148 393 490 58 285 217 467 20 179 138 237 180 563 72 168 223 91 382 325 520 427 332 290 223 64 207 543 208 372 382 541 78 432 413 329 511 113 40 90 340 367 19 410 213 146 301 432 216 502 132 527 245 35 92 452 127 266 329 180 319 5 565 341 532 393 404 108 92 168 548 132 192 342 246 365 112 500 180 2 523 405 578 280 510 373 152 319 397 254 427 140 98 291 385
372 336
253 749
791 496
329 611
830 518
54 524
744 763
423 403
237 332
458 699
543 903
596 795
672 632
119 572
363 365
467 24
281 687
287 174
497 714
513 820
784 0
641 128
875 923
525 383
617 431
20 190
65 306
322 745
150 272
15 884
5 73
944 679
768 324
816 915
243 111
156 387
942 128
827 284
203 222
532 944
342 92
140 79
391 667
392 135
997 684
871 858
211 931
279 442
180 126
785 141
362 872
891 96
987 909
475 758
639 284
780 591
423 888
926 980
780 219
592 320
400 746
868 303
235 453
660 386
136 183
276 950
77 755
24 547
519 619
718 101
423 593
535 701
360 454
887 700
468 349
290 252
697 610
847 462
749 517
800 778
95 941
968 585
144 127
804 340
690 161
815 220
295 96
769 28
359 186
380 29
903 60
730 207
102 42
700 852
282 725
609 192
188 730
910 490
521 122
68 146
599 30
241 922
911 327
382 811
922 572
102 778
383 68
716 919
220 168
633 236
358 681
684 364
835 109
732 957
215 565
757 183
953 626
43 751
264 791
29 265
803 826
351 989
790 696
57 912
328 325
927 852
268 595
148 842
180 93
320 999
742 295
883 983
688 760
64 600
250 2
924 811
656 820
704 333
763 410
657 917
509 860
501 76
612 916
469 174
519 181
659 850
965 199
693 46
897 631
50 979
847 942
895 363
505 507
746 648
633 774
644 58
925 30
130 422
90 985
357 508
416 262
337 22
581 130
39 227
370 964
172 606
995 783
964 737
985 993
296 370
168 639
818 365
747 857
132 6
89 11
254 304
994 649
566 179
729 604
403 865
553 640
241 188
418 990
456 127
492 282
207 263
250 234
945 293
939 485
709 382
823 878
311 864
43 674
885 422
846 143
241 266
870 766
256 416
444 450
289 339
271 40
453 615
193 670
583 570
219 41
379 407
407 959
821 255
809 734
886 219
164 502
158 964
729 487
120 464
27 391
558 305
332 921
152 876
505 985
300 594
974 393
709 667
679 681
690 502
233 789
981 47
487 931
736 17
14 677
473 511
761 985
180 928
995 314
720 554
398 310
367 559
248 953
113 241
326 695
738 123
308 448
3 840
606 115
540 764
386 583
428 364
138 339
151 743
122 738
531 671
235 496
245 982
16 106
822 975
424 793
379 933
327 475
333 202
301 966
189 369
99 192
491 135
737 717
316 521
24 17
996 942
163 229
838 81
841 183
773 754
308 653
476 248
871 795
730 70
30 440
970 960
807 664
558 800
781 270
103 358
455 788
43 787
611 58
217 597
957 24
295 764
170 172
671 549
490 888
979 544
423 473
303 832
116 817
650 989
910 891
585 223
594 646
801 559
471 974
721 781
826 441
338 410
969 502
386 989
528 571
914 600
627 876
424 553
1 473
247 853
70 34
761 942
164 420
256 621
523 541
952 97
483 681
219 681
845 232
474 305
558 599
582 990
465 427
635 163
1000 498
577 431
52 370
206 107
518 472
803 70
930 707
131 791
175 817
433 172
495 791
434 0
936 380
612 367
75 226
294 553
863 536
627 808
800 407
791 460
860 635
352 309
827 640
179 316
136 614
992 355
338 957
285 886
25 636
609 716
732 809
79 718
45 835
920 736
115 970
884 821
842 834
710 412
384 485
589 869
542 979
153 45
588 739
287 630
108 96
557 553
935 532
502 332
451 261
570 481
393 359
661 946
51 84
104 613
707 886
623 646
457 890
577 264
330 146
135 499
360 725
119 884
621 990
332 353
420 921
991 605
423 623
845 577
782 911
567 393
166 7
64 403
266 482
729 688
647 360
993 5
373 282
3 727
583 513
533 51
426 72
607 160
88 883
896 295
267 144
502 645
322 60
919 161
664 104
608 586
909 269
380 621
581 829
66 457
46 128
692 989
329 575
487 604
955 256
651 320
838 758
994 78
92 586
418 705
471 646
438 665
439 828
150 914
257 520
689 961
884 669
785 876
19 576
891 550
13 926
43 49
392 538
882 467
882 172
392 98
471 70
651 26
465 381
667 210
111 399
750 891
999 149
420 516
348 801
494 35
628 741
924 434
539 0
5 801
657 419
304 417
264 373
431 110
864 356
198 5
775 660
461 542
290 14
897 0
519 266
106 858
738 383
549 144
983 849
209 962
66 108
932 62
812 40
704 292
200 876
281 992
454 948
333 279
849 32
851 263
562 61
81 816
191 486
637 193
516 415
336 772
618 495
957 422
640 560
7 285
348 840
309 225
691 129
1 516
556 367
909 945
375 778
60 5
675 241
736 346
860 607
701 3
990 879
480 815
963 161
152 446
904 136
354 124
378 843
204 437
764 355
74 548
740 160
98 693
70 655
424 44
579 680
756 567
607 252
765 723
0 1000
445 324
965 702
518 218
131 703
888 729
204 630
108 292
608 297
177 787
16 140
630 456
39 496
571 768
626 674
859 715
945 343
914 666
776 806
690 444
260 80
228 717
830 488
919 766
848 662
522 734
110 647
473 472
0 967
76 332
51 866
667 281
8 319
82 426
891 394
99 511
284 509
645 481
837 327
614 547
801 611
270 820
694 799
753 450
46 342
165 677
989 465
135 221
770 836
289 67
300 926
356 259
173 993
274 217
227 650
568 3
652 523
689 911
576 623
646 712
962 882
554 734
248 680
731 249
703 254
354 48
834 397
946 918
993 819
276 117
983 251
958 780
455 226
47 714
562 207
89 270
