600 1322 600 1098 17
235 327
46 124
66 169
539 541
185 346
155 266
290 558
57 136
240 472
285 566
284 555
129 137
289 307
153 569
429 435
13 507
328 509
213 530
75 510
317 425
126 545
359 480
346 519
275 302
139 329
287 402
381 527
167 404
439 508
39 190
98 546
60 221
424 511
130 325
46 427
133 500
169 499
168 430
55 387
126 460
399 572
496 539
297 458
166 339
16 125
145 305
498 581
302 453
442 593
28 476
205 209
118 589
150 298
20 94
104 534
434 491
176 548
63 328
335 568
355 377
213 290
292 495
36 48
173 369
64 104
20 246
175 527
86 392
32 52
115 314
19 561
334 566
127 306
122 429
176 462
129 505
101 526
252 357
139 367
294 571
138 202
149 288
150 163
283 330
55 507
223 496
34 495
270 537
137 328
415 475
110 296
12 205
11 367
306 461
320 514
341 526
73 447
153 537
159 380
344 460
405 513
15 91
33 118
88 262
321 424
264 302
56 246
98 490
146 272
434 465
76 294
73 511
225 363
198 531
321 447
191 297
95 99
97 564
40 252
77 148
73 393
39 592
162 275
122 341
394 508
57 481
160 562
42 534
152 190
27 570
23 289
372 383
43 224
138 343
66 379
165 469
217 302
84 295
109 472
17 566
63 270
317 486
100 558
247 537
186 469
131 497
246 577
57 350
54 253
311 392
84 96
301 544
190 218
286 593
184 417
13 196
9 374
159 267
112 565
273 377
202 213
26 116
282 520
565 587
180 313
336 367
79 376
192 551
436 500
140 181
303 320
261 427
429 586
113 572
201 528
47 570
117 168
161 501
75 512
8 344
350 443
69 257
90 379
313 481
82 216
360 387
32 242
38 336
31 223
343 410
298 420
119 356
216 479
369 378
399 454
172 323
269 324
393 465
261 395
134 332
400 583
242 416
118 256
65 338
284 406
3 529
254 366
344 562
113 170
111 133
308 515
260 568
572 577
303 594
32 185
59 546
258 439
146 549
116 443
109 240
145 446
77 85
118 244
125 505
170 399
11 370
56 331
76 571
195 547
84 375
221 469
395 542
488 549
120 400
7 8
180 225
143 409
319 469
223 240
389 395
14 50
383 562
478 524
341 429
388 574
30 321
331 545
465 532
311 560
150 420
101 429
162 359
368 541
104 565
29 179
147 437
185 563
128 414
336 519
112 587
327 433
148 468
393 431
255 421
21 287
8 52
343 418
85 468
44 403
220 389
26 245
300 559
235 335
513 536
235 433
45 579
160 344
242 283
213 353
309 500
72 576
311 455
135 299
392 455
3 62
517 543
143 354
185 416
8 563
389 582
61 580
201 306
67 361
107 229
232 474
289 291
474 497
115 239
137 522
336 588
280 524
514 522
428 477
265 314
514 540
349 401
199 369
240 528
242 510
451 544
447 457
515 581
140 396
207 458
440 538
244 421
279 347
2 555
217 456
410 445
71 123
151 362
569 592
183 203
350 566
485 488
168 258
1 462
2 68
43 265
92 329
243 435
161 360
387 590
121 557
10 368
131 215
27 47
176 516
45 353
177 218
273 476
51 453
137 303
210 288
377 531
106 397
229 536
252 597
233 406
310 391
24 411
158 501
266 441
142 580
187 251
403 551
243 453
15 165
320 594
93 432
179 222
12 430
306 528
449 521
270 440
235 260
315 441
174 573
167 532
279 327
127 472
351 482
226 236
32 563
162 456
46 58
54 385
30 327
82 479
115 468
9 476
91 226
140 403
125 365
424 573
176 186
509 533
300 414
378 597
195 225
11 114
92 166
219 237
154 540
10 288
477 498
294 312
86 382
194 293
417 490
196 550
168 206
164 415
312 571
252 378
186 221
80 231
126 399
148 277
208 532
170 426
329 339
196 515
4 437
117 439
29 389
179 395
116 495
299 478
81 217
524 578
152 233
44 462
187 544
212 226
492 501
121 329
163 394
337 581
113 426
135 178
288 402
83 284
360 590
234 359
212 300
88 424
76 105
195 540
80 220
0 22
155 219
18 407
154 521
185 242
189 493
160 476
238 256
5 389
283 505
194 431
72 143
48 504
28 504
147 234
138 445
29 80
78 396
478 544
77 479
239 419
231 514
59 388
405 500
191 500
276 418
175 442
98 281
174 279
85 420
530 558
324 430
40 378
228 503
140 296
228 304
378 520
25 347
401 558
266 538
519 560
256 475
488 498
298 394
35 57
452 471
146 203
31 109
234 275
63 533
122 435
38 61
293 375
112 229
61 437
53 543
321 511
10 254
206 386
30 447
236 319
116 350
178 299
211 323
389 489
54 346
227 377
143 169
152 599
147 243
180 222
118 506
353 410
3 364
16 218
455 519
56 423
61 446
141 529
183 576
117 575
216 314
169 409
78 192
440 537
215 497
210 254
179 389
26 292
135 483
49 391
256 589
326 489
39 441
380 484
157 203
207 297
151 263
259 343
449 591
35 461
104 276
196 450
19 340
0 146
388 411
12 466
114 588
19 103
58 159
336 413
127 461
188 484
480 554
228 353
43 248
154 175
74 411
167 260
92 121
112 500
169 232
95 349
102 553
167 208
111 500
239 314
190 278
4 435
63 594
173 557
37 408
342 427
415 589
516 551
68 436
217 351
361 431
326 440
40 262
344 545
182 346
288 434
281 503
263 567
238 420
64 309
231 540
259 587
53 134
129 442
7 518
144 440
182 519
80 222
123 256
114 370
27 248
108 205
38 114
266 315
51 553
155 502
452 517
172 291
1 181
351 499
251 567
99 530
255 438
262 431
227 534
280 323
372 460
210 402
246 423
152 266
255 525
106 543
280 574
37 79
69 340
343 352
168 439
97 130
493 575
155 584
101 341
156 583
62 438
438 598
173 378
280 578
288 465
200 593
131 474
20 61
380 412
330 374
121 382
353 503
101 397
34 292
102 264
174 424
313 556
194 253
350 495
61 114
129 512
246 545
316 506
31 240
200 286
166 215
346 563
140 412
5 489
37 89
59 349
108 466
312 576
33 256
186 319
18 325
136 384
45 100
105 595
46 292
419 561
40 282
34 124
49 310
142 446
117 430
142 437
251 263
144 584
144 538
346 523
307 454
307 398
100 546
118 316
2 212
346 560
299 483
16 318
45 213
81 339
220 326
267 296
224 271
59 490
97 136
198 372
123 238
280 388
171 584
79 478
328 535
154 527
447 511
39 152
1 188
156 400
109 130
352 448
49 108
514 527
70 233
102 302
22 232
150 335
81 482
102 106
87 525
205 466
89 398
165 230
158 272
310 467
276 534
214 466
54 416
193 435
129 535
45 558
126 246
272 590
539 547
105 517
137 320
44 551
195 201
155 230
110 267
305 426
290 530
234 453
416 510
141 520
16 278
295 357
367 413
1 186
162 234
73 262
128 165
266 414
400 404
67 393
368 386
476 562
330 505
459 556
21 75
174 321
333 334
273 355
255 598
217 482
8 545
141 317
374 505
358 359
521 547
399 577
81 497
15 274
75 287
305 408
167 400
282 573
158 203
187 451
158 492
390 518
5 14
288 532
50 489
425 520
366 591
278 318
97 325
48 356
190 599
83 406
229 304
196 507
107 410
190 592
129 593
96 194
438 550
13 550
119 458
258 322
180 556
247 569
173 357
450 590
248 265
462 551
236 274
118 255
143 471
325 464
415 506
269 407
437 580
218 356
345 466
87 364
60 165
291 307
381 540
21 510
354 543
194 262
93 539
27 69
542 556
123 468
59 95
505 512
270 326
93 338
248 419
245 261
321 327
199 425
386 400
57 443
436 555
125 356
175 200
214 216
10 120
197 343
288 491
149 532
347 525
422 491
314 479
35 225
208 400
52 242
446 580
329 480
348 447
261 582
81 166
242 374
373 446
398 408
94 246
9 28
50 326
435 567
42 207
29 220
33 123
425 486
260 335
23 454
115 277
96 311
264 379
159 412
59 241
41 78
213 445
435 437
281 546
145 362
31 432
34 110
133 436
187 586
81 215
120 368
283 374
370 437
393 532
304 353
190 233
76 444
261 459
213 410
172 211
14 171
106 553
360 507
443 481
47 257
22 576
181 412
365 509
72 294
38 182
66 351
101 553
83 218
371 417
310 334
455 560
305 398
199 378
54 185
226 274
211 524
161 590
546 558
161 507
207 534
257 552
194 385
68 212
245 443
134 354
9 125
24 59
295 375
323 524
77 420
171 237
395 459
6 63
271 466
136 564
248 570
361 491
254 402
211 307
476 504
296 412
74 483
19 248
365 505
6 231
104 418
538 584
107 259
218 278
92 215
141 425
318 365
68 111
25 174
382 392
63 537
316 335
87 438
453 526
395 556
93 386
198 383
58 250
197 531
70 152
114 336
125 374
8 56
165 221
478 578
59 323
221 230
206 583
487 536
87 598
35 481
334 467
201 461
94 577
355 383
348 532
168 324
173 494
365 569
428 494
4 142
197 352
3 515
354 452
366 368
503 579
161 272
43 552
299 578
223 432
3 196
70 406
195 363
332 543
308 317
444 571
212 559
307 426
139 480
85 148
163 335
357 382
150 164
283 512
433 457
132 163
126 577
91 559
37 478
167 433
7 160
181 403
397 553
462 548
112 259
236 469
5 50
183 312
132 322
219 584
102 134
471 517
205 430
496 528
98 371
73 88
398 426
337 450
1 176
239 265
103 248
15 414
251 586
77 189
24 417
115 463
386 432
175 593
118 525
281 585
120 386
55 360
165 236
180 540
247 440
206 432
284 300
178 544
63 80
13 438
197 227
53 332
152 441
168 322
428 485
302 553
222 231
73 431
22 72
346 385
213 558
243 341
157 501
88 573
93 470
371 473
361 422
412 484
442 527
262 293
322 583
197 276
279 321
298 508
91 414
369 425
91 274
36 227
136 566
262 375
91 300
40 375
95 323
0 232
196 581
287 422
177 356
67 434
41 296
99 202
82 345
65 93
100 579
521 541
35 136
131 428
186 596
58 171
298 493
50 144
548 551
134 264
141 573
46 250
512 593
419 463
305 373
352 454
329 367
22 169
228 249
64 207
442 522
155 538
316 347
253 416
72 169
86 311
229 259
271 552
393 447
191 436
509 535
167 348
252 375
479 493
43 204
157 158
121 173
78 551
240 306
25 364
369 494
21 253
65 368
247 592
502 596
174 347
273 562
5 342
483 586
253 422
57 384
179 556
342 389
65 541
338 539
56 563
343 587
71 244
34 350
150 394
460 562
315 538
365 535
50 171
250 427
84 86
379 409
298 575
138 448
69 391
15 128
48 125
113 305
268 512
205 407
12 345
198 399
329 392
12 117
58 237
234 243
232 482
474 485
277 479
281 579
154 195
1 412
134 143
301 586
76 595
381 514
533 569
146 576
71 421
144 326
343 448
195 528
23 99
67 431
350 384
200 254
7 390
146 183
286 402
79 263
411 417
373 572
317 515
201 225
147 435
11 588
209 467
401 530
51 101
36 504
165 274
171 219
333 467
500 565
188 219
258 508
126 372
23 448
204 552
65 470
90 217
239 463
197 418
151 408
3 550
337 590
367 455
251 429
287 491
371 490
125 504
365 533
88 511
141 308
31 324
157 183
374 390
348 433
279 316
90 351
60 230
372 399
128 230
143 452
418 565
333 464
450 581
131 494
429 567
528 539
24 490
269 430
490 546
10 366
200 591
23 202
463 561
110 124
198 352
384 566
225 313
173 382
2 300
29 222
26 443
20 38
129 522
82 493
370 554
533 537
361 434
175 449
383 531
284 458
238 475
71 468
345 575
55 450
120 208
66 90
84 357
103 340
38 523
97 285
33 244
175 521
85 238
425 581
42 119
62 550
6 320
318 592
206 322
188 596
35 97
249 304
564 566
449 541
46 267
541 591
36 377
17 334
3 308
520 573
18 109
25 141
525 598
163 260
38 423
189 479
79 451
137 535
302 379
508 575
2 284
150 415
200 449
157 571
31 269
227 276
169 351
18 333
106 332
354 329 371 533 161 163 200 355 320 423 250 62 143 352 519 234 386 365 54 380 136 61 197 301 237 287 434 144 519 201 458 512 328 589 0 6 353 70 570 173 300 450 587 104 36 582 267 155 356 290 6 108 427 406 300 203 130 16 109 378 258 319 79 256 334 517 317 405 291 426 434 167 353 171 7 465 20 468 462 506 497 582 466 523 238 18 356 201 112 201 108 588 66 283 46 392 45 318 526 294 123 563 583 79 114 85 349 467 279 97 587 298 553 591 422 14 105 43 268 2 344 510 264 594 494 336 579 460 194 224 475 128 148 45 580 359 76 480 126 191 388 254 27 532 215 97 523 504 570 349 63 188 482 164 318 224 428 302 205 391 75 312 370 459 82 97 545 305 500 576 319 429 179 575 241 75 519 63 358 345 236 140 85 359 372 259 147 381 395 121 132 54 422 346 16 38 226 179 439 123 362 3 72 99 87 223 596 19 102 37 113 127 591 103 309 435 18 22 98 574 517 416 275 47 34 100 216 88 527 169 255 7 227 173 586 63 519 32 561 393 543 173 334 417 292 205 315 327 135 266 461 85 143 367 561 244 297 435 416 167 589 85 468 55 97 275 461 448 523 482 358 471 579 456 70 15 69 120 50 426 101 263 500 125 257 431 399 315 119 73 401 535 508 361 120 189 267 32 333 128 220 77 522 513 422 587 199 3 253 295 538 6 170 40 294 96 592 32 234 129 303 441 346 412 173 546 356 544 414 162 346 263 100 493 511 21 419 413 395 522 4 96 196 403 532 99 183 511 386 420 403 70 61 18 394 34 73 29 156 274 155 134 30 160 437 321 38 168 589 5 255 275 429 581 130 504 431 73 491 210 7 94 81 433 176 260 187 449 481 596 174 1 71 135 318 483 515 84 343 591 546 54 199 263 77 450 550 171 498 318 507 553 476 264 250 289 215 65 62 116 461 34 108 294 598 407 400 500 434 309 391 112 517 417 500 227 267 420 18 266 559 438 562 56 103 469 481 158 70 455 580 203 130 229 469 447 278 457 114 203 106 63 41 593 362 324 405 495 269 587 323 414 81 429 539 75 188 535 420 543 217 159 372 526 123 256 208 461 496 232 577 83 491 123 580 96 40 30 592 298 12 377 415 543 286 332 482 398 315 487 454 83 201 17 416 155 333 112 551 413 483 404 23 525 262 61 25 136 458 32 470 107 491 320 521 101 400 437 67 39 96 507 288 435 420 276 171 457 564 81 16 581 324 34 199 291 464 365 89 163 212 414 478 244 150 556 410 293 553 297 445 52 290 354 55 400 79 500 212 529 347 131 583 64 194 179 557 201 328 330 327 1 266 75 445 49 538 155 439 147
129 160
885 908
586 931
435 41
161 517
854 715
746 596
423 630
398 599
504 644
645 357
253 446
839 233
401 2
852 740
707 902
575 759
985 368
900 342
966 41
282 526
488 429
90 196
238 790
21 853
507 112
948 609
984 118
504 711
801 627
585 205
868 340
443 549
656 22
994 661
898 504
451 770
128 666
298 483
674 784
407 253
988 853
466 799
905 117
928 959
200 925
946 720
952 146
505 790
945 219
826 763
72 405
443 593
21 301
417 457
366 46
384 557
938 519
921 759
68 831
780 882
252 526
485 26
721 648
461 879
733 375
91 293
524 350
577 979
994 163
648 864
686 13
45 141
480 268
24 733
538 437
44 72
799 87
998 980
114 624
766 615
218 271
846 147
561 842
391 331
744 49
353 344
535 57
476 221
166 695
133 278
687 933
268 313
764 353
286 605
194 803
395 400
927 446
66 928
222 824
148 917
42 436
36 342
971 82
426 862
3 139
6 377
302 934
921 225
868 373
996 722
535 979
364 926
264 678
254 483
844 33
954 579
799 210
629 61
493 820
673 321
282 274
64 485
708 30
993 687
537 674
333 666
906 470
748 862
635 553
917 407
244 210
700 220
501 972
45 302
36 661
956 485
670 600
280 853
261 399
967 881
450 137
217 506
49 249
768 740
185 584
168 126
165 447
778 32
630 327
705 137
140 593
664 840
672 719
745 479
788 825
670 239
193 32
228 42
954 815
451 673
270 31
160 378
698 195
723 112
763 913
232 305
621 260
771 244
97 244
271 713
858 765
120 757
324 272
515 152
696 466
880 966
564 781
58 649
835 610
792 534
938 888
349 470
179 97
10 758
429 508
834 944
75 604
869 861
768 103
630 787
458 923
975 994
134 529
441 364
785 480
389 37
365 800
316 721
372 197
639 450
841 478
251 826
209 81
943 122
907 259
762 274
469 853
651 295
941 244
615 377
147 721
630 969
225 908
869 157
255 252
853 107
162 271
584 819
812 826
776 666
800 906
797 575
841 374
884 132
837 506
735 973
402 802
241 963
317 966
775 857
749 557
146 219
614 844
150 421
619 201
763 961
850 827
729 72
902 58
848 398
39 831
474 536
107 451
629 25
889 565
325 559
672 748
941 72
264 992
913 717
63 553
370 287
454 442
624 405
569 30
671 64
956 179
721 205
331 945
644 222
905 627
457 324
115 581
84 330
901 90
723 837
973 769
521 526
860 293
732 695
898 185
251 74
419 706
717 927
130 392
416 832
807 37
595 786
554 150
53 762
119 958
441 204
533 556
565 896
986 406
577 466
548 413
590 329
193 762
205 876
162 764
976 626
423 320
78 113
375 311
975 828
504 907
770 144
37 691
625 915
32 613
92 371
721 600
285 969
202 602
852 443
191 713
442 93
432 918
963 254
374 380
127 52
872 508
865 76
714 773
581 120
415 131
614 733
784 997
715 569
538 202
723 233
89 782
809 296
941 378
762 710
582 171
659 630
278 338
533 580
360 591
10 332
929 310
988 313
656 161
315 463
318 115
734 408
207 318
988 51
79 459
896 693
303 904
384 641
828 191
389 482
538 114
572 275
128 848
981 538
143 255
317 794
231 938
44 274
397 730
536 794
348 313
175 424
187 401
309 43
502 376
154 551
814 480
472 59
616 700
682 393
299 431
699 366
325 212
221 448
12 921
340 708
249 569
517 609
400 304
135 640
408 768
356 230
108 327
925 801
718 493
298 323
364 718
980 492
413 433
732 318
339 47
31 808
838 669
468 595
995 279
317 358
543 305
733 156
874 626
994 934
10 443
189 660
285 690
685 270
163 834
599 412
964 930
650 256
383 966
596 871
893 295
179 638
68 279
275 918
10 796
918 858
324 423
683 908
668 135
472 481
4 879
374 848
936 46
744 91
585 1
491 398
341 523
500 198
385 153
203 687
921 663
256 187
23 482
831 284
505 304
809 356
601 224
550 352
113 493
501 943
222 478
514 11
767 214
735 732
691 826
666 516
950 548
37 8
282 881
204 547
531 230
278 789
690 425
347 84
90 579
7 231
123 421
256 748
352 404
206 347
578 234
526 863
893 589
363 667
871 464
904 959
898 18
944 333
567 315
872 206
963 290
737 16
805 934
717 349
12 202
885 424
23 973
200 188
700 100
451 706
295 202
80 663
821 113
235 377
899 541
186 265
14 698
882 828
260 163
384 112
386 991
274 142
812 687
50 871
538 391
241 20
792 128
303 227
983 588
785 380
217 229
303 144
119 255
435 968
211 7
809 879
201 976
488 749
569 592
627 112
359 23
775 174
640 654
511 489
508 244
598 545
360 986
726 527
416 93
825 998
1 169
475 622
346 442
399 226
739 432
673 540
354 500
106 691
572 65
75 432
691 505
809 434
465 84
202 847
368 760
601 296
668 673
451 836
628 633
319 994
695 708
736 786
758 413
740 507
714 424
864 604
1 283
90 631
359 618
89 907
761 444
902 989
246 138
447 11
942 995
922 146
42 367
214 414
534 897
853 570
280 250
181 881
656 959
387 423
979 18
396 699
410 544
961 440
391 887
988 433
116 550
663 200
643 707
949 97
92 39
266 634
475 157
36 782
798 184
98 146
290 629
54 720
143 941
226 534
357 111
865 662
711 260
798 771
62 998
38 574
351 890
272 465
655 90
287 85
666 422
630 753
668 486
726 624
19 43
833 908
350 273
531 29
635 830
