600 1060 600 821 5
136 435
143 186
321 385
258 346
132 371
99 547
73 293
327 425
306 548
171 187
283 334
436 477
95 509
81 89
61 459
152 526
241 514
242 301
60 68
19 543
279 449
188 241
381 596
351 556
209 304
348 366
219 563
120 263
275 378
47 452
69 419
347 359
80 246
144 419
107 237
482 561
130 323
482 492
89 512
109 210
427 574
310 426
420 433
324 455
182 221
167 513
191 482
371 445
380 547
122 493
52 280
41 305
76 316
82 200
28 519
190 556
22 317
90 328
202 484
209 260
8 532
182 308
86 425
163 463
55 448
100 255
109 595
26 586
33 109
21 364
102 235
311 329
9 53
512 590
449 588
322 460
139 583
528 564
178 298
306 401
22 64
217 496
13 346
462 500
71 161
298 532
447 460
318 405
333 384
331 489
56 123
15 27
18 363
118 413
179 331
28 154
209 324
236 566
94 347
312 535
189 351
43 180
138 474
270 572
16 469
197 489
409 418
365 380
27 490
554 563
53 103
48 107
91 158
294 505
254 468
451 502
426 528
302 559
3 34
385 492
20 160
12 147
69 406
189 191
67 253
83 401
245 531
186 295
240 596
257 510
251 409
132 428
209 328
61 349
153 334
148 591
480 516
204 326
338 451
100 319
352 523
274 276
359 540
15 434
131 452
304 525
347 516
102 429
309 472
71 407
250 426
98 531
211 439
409 545
384 581
173 465
370 483
270 536
159 404
155 469
72 372
436 491
416 529
368 389
140 458
260 373
344 522
206 236
249 253
86 155
192 285
15 441
412 525
90 373
73 375
548 577
269 508
194 336
107 330
105 239
290 371
392 546
40 273
175 338
35 388
99 399
125 467
190 376
91 410
191 351
156 341
123 435
82 92
35 289
43 551
134 227
550 576
43 49
162 242
211 252
11 493
210 355
274 322
285 299
53 383
393 413
117 451
69 346
425 576
22 477
349 596
228 313
235 429
110 172
198 267
80 470
59 248
203 378
128 348
340 562
387 416
93 416
54 239
86 225
8 369
152 534
411 531
180 551
151 445
323 343
7 152
149 429
246 412
350 411
467 577
65 594
5 394
427 568
49 276
61 326
257 469
147 526
350 531
42 261
23 575
558 583
9 287
232 418
198 461
371 392
400 593
95 360
344 356
260 410
220 550
31 70
227 558
221 289
56 345
227 228
141 468
72 113
105 524
357 521
177 224
100 499
370 429
296 497
70 515
464 511
67 462
205 338
41 360
223 467
171 370
51 561
179 519
150 444
116 353
268 317
246 470
235 542
42 321
121 480
212 481
173 553
96 569
64 73
107 257
289 424
170 401
121 347
282 598
79 193
78 107
443 574
518 597
114 585
208 407
174 228
127 209
0 304
300 537
43 497
92 388
207 244
319 503
195 389
206 566
42 580
429 483
396 516
25 29
355 508
180 276
461 473
109 447
115 140
298 352
122 475
297 467
154 519
323 385
30 70
227 277
130 458
263 368
243 276
23 420
229 369
27 144
308 466
24 442
149 598
1 375
339 579
19 181
4 318
50 330
127 594
224 578
2 291
51 299
32 201
42 511
432 568
87 98
195 562
552 554
142 467
299 448
77 247
255 503
379 565
156 536
81 126
244 545
201 335
104 112
321 376
429 478
191 526
65 246
172 556
245 350
131 506
7 250
157 311
96 588
46 427
404 558
251 391
34 267
8 157
110 142
21 60
145 152
184 571
297 354
231 426
183 364
29 255
462 529
141 476
178 203
52 61
230 254
326 367
82 520
339 491
365 547
399 549
67 500
223 352
261 343
48 574
160 237
115 226
355 400
138 395
55 130
45 544
132 165
337 551
39 495
167 424
486 559
264 493
128 485
500 529
32 581
511 580
105 207
79 481
27 441
433 439
408 598
374 431
322 497
123 314
210 269
64 477
111 384
62 569
54 293
55 226
278 540
422 457
169 588
524 544
33 390
101 521
197 486
17 495
297 377
101 357
260 328
31 445
51 482
94 505
52 103
206 279
144 441
250 528
12 192
329 473
293 436
68 421
190 548
31 184
243 274
271 470
381 459
124 263
408 596
362 560
115 458
344 479
291 545
78 133
552 559
163 345
127 328
496 573
130 561
146 389
421 425
52 303
159 542
137 368
154 164
82 108
333 338
369 394
290 541
349 408
111 333
9 294
264 536
302 393
196 418
218 406
390 497
207 544
462 585
98 454
145 318
371 546
13 230
214 430
279 456
363 403
102 404
57 481
6 171
287 313
249 396
35 92
10 446
36 567
226 458
213 361
120 137
116 238
301 431
491 579
122 536
181 374
146 368
548 556
373 599
262 432
193 577
151 371
210 595
1 234
56 104
18 528
197 474
77 233
342 357
138 461
39 584
106 132
31 515
14 464
83 212
100 293
350 525
54 524
465 573
243 533
230 539
166 554
149 408
96 456
26 112
239 524
299 468
23 29
268 339
402 489
50 133
342 511
58 309
162 226
341 591
243 460
165 296
302 552
40 284
166 552
187 558
138 530
312 566
120 372
316 363
22 339
36 85
244 409
51 55
39 135
74 588
134 313
26 372
266 428
240 408
135 433
465 565
258 597
114 357
88 517
103 370
348 485
415 431
157 354
390 447
18 567
280 370
300 468
25 273
346 406
83 577
457 479
103 280
4 152
428 592
15 35
130 385
158 520
79 354
135 252
37 275
128 337
360 563
139 404
101 342
378 582
134 558
89 176
154 509
240 598
119 424
316 427
335 506
258 358
221 424
67 99
164 529
136 269
135 575
419 518
77 413
162 414
269 444
9 383
59 272
340 456
335 423
143 278
315 464
353 488
91 373
411 454
41 563
19 301
217 599
400 508
188 522
201 423
126 590
41 219
378 405
339 436
388 419
396 480
329 461
161 578
30 578
118 554
44 492
128 551
95 118
273 284
131 203
0 209
244 570
28 233
284 340
7 526
220 307
32 438
496 553
21 182
42 168
116 520
12 191
422 476
127 590
345 386
74 236
77 331
215 469
249 450
277 549
107 432
13 218
123 136
275 582
100 575
383 505
286 504
291 540
87 332
254 344
256 273
161 208
40 456
61 204
266 390
179 395
49 274
119 572
224 586
387 549
396 450
23 255
75 335
220 576
513 536
26 213
325 545
380 516
64 375
109 367
468 537
52 349
70 578
327 576
440 491
167 289
141 254
143 347
156 498
79 83
183 466
291 418
28 509
492 561
81 417
90 127
195 259
288 484
293 319
337 392
104 213
0 341
346 518
6 9
258 268
72 120
99 320
43 366
125 189
4 298
108 597
2 232
297 523
3 530
307 589
47 133
412 594
462 521
81 590
26 177
466 572
241 564
245 411
206 449
168 538
149 478
3 138
62 146
103 171
76 427
310 514
262 568
101 253
111 175
148 525
366 541
182 364
147 310
118 360
9 313
292 444
188 514
50 78
84 337
20 237
397 597
268 597
185 273
50 384
488 491
158 200
20 432
287 294
490 574
64 537
294 383
430 575
98 535
216 555
355 428
44 385
287 547
230 358
75 111
296 390
122 167
206 501
93 398
451 589
72 211
76 564
380 396
61 232
91 599
381 453
150 292
237 432
223 523
30 208
157 297
29 465
125 142
137 195
292 418
65 127
201 452
22 300
312 442
17 214
144 443
357 585
333 589
76 557
55 458
47 199
178 405
196 595
39 163
272 450
31 151
10 173
135 214
148 411
383 540
134 187
32 384
218 522
252 372
112 213
281 371
316 432
272 343
92 475
102 282
36 47
267 527
142 172
63 409
288 315
10 507
305 563
271 531
195 456
16 107
47 438
165 592
471 527
319 440
57 79
230 344
18 152
156 270
140 343
139 398
320 387
367 447
45 186
256 279
2 303
221 434
292 391
72 137
397 579
199 567
263 372
57 329
94 287
349 459
1 544
332 535
401 527
106 428
437 502
125 352
379 446
8 377
56 584
435 515
263 407
59 343
186 487
247 559
99 174
143 295
224 361
406 557
415 537
325 487
42 342
71 586
29 565
129 255
38 525
161 407
197 472
79 212
261 385
26 71
244 463
227 549
351 482
155 215
362 454
89 273
467 523
36 452
299 414
94 359
453 596
424 513
81 512
212 494
40 256
139 305
283 363
82 122
66 456
123 386
210 444
250 310
485 546
159 558
186 570
247 489
108 520
381 460
119 270
437 550
203 405
361 515
234 375
179 233
267 484
254 479
57 354
254 300
157 377
13 406
110 351
83 306
159 187
11 200
361 435
507 512
493 587
305 398
117 550
75 581
25 185
76 241
78 330
73 477
381 382
178 532
183 308
31 400
301 415
35 167
181 543
553 599
348 551
359 505
277 583
59 121
36 199
250 526
125 223
5 369
155 307
137 259
74 332
134 228
265 421
20 316
420 575
58 552
165 366
146 407
154 288
22 539
45 374
391 409
19 374
312 501
522 557
350 412
242 537
290 546
238 491
302 413
89 446
141 285
198 530
321 580
262 427
41 93
317 339
289 434
98 271
173 496
167 475
317 358
251 286
39 104
78 237
242 415
1 524
85 567
39 252
75 506
37 85
201 438
143 359
116 496
88 97
57 157
116 397
416 500
389 569
99 253
94 365
212 527
257 490
195 340
206 417
205 336
363 567
213 435
403 528
260 324
256 417
56 386
23 25
473 527
133 438
355 593
0 38
88 507
300 539
141 299
238 579
171 429
326 459
60 555
171 313
261 321
222 528
50 589
98 332
103 303
314 444
59 480
68 86
323 458
85 145
165 390
46 443
303 383
116 217
382 447
190 511
62 389
73 436
377 532
16 155
562 52 373 396 215 554 479 534 150 467 106 453 190 191 532 449 352 530 475 578 459 183 482 30 506 27 543 157 12 78 152 145 442 574 52 103 447 2 419 395 187 91 410 272 439 304 383 8 207 526 384 242 425 200 499 474 573 432 520 118 28 462 287 195 271 165 488 85 211 7 55 471 362 466 195 248 254 77 157 447 295 536 260 403 589 279 197 292 214 25 336 350 380 588 351 362 416 225 527 263 133 217 464 4 235 418 5 442 197 474 229 119 220 180 473 255 118 407 174 321 246 394 250 122 136 487 518 217 228 108 586 284 379 477 132 46 102 7 588 327 184 501 260 467 384 503 99 41 0 330 474 462 569 456 494 24 102 121 333 300 374 307 303 341 456 269 195 4 241 523 239 579 482 18 362 354 170 540 5 299 67 461 515 395 150 312 55 585 28 510 82 26 306 528 555 455 137 133 296 555 356 46 181 218 123 437 157 537 429 531 317 567 373 575 537 274 370 56 55 200 567 518 153 15 253 258 115 170 200 396 447 15 478 12 595 54 365 98 270 131 115 309 427 75 567 131 88 576 597 412 200 190 202 348 339 135 111 124 506 292 29 354 461 551 325 336 99 301 391 62 57 242 357 513 349 358 597 516 208 189 319 130 180 333 576 578 590 355 51 511 327 154 342 535 435 563 266 542 48 374 147 549 439 551 183 343 419 194 267 244 405 66 378 285 424 302 310 284 318 556 480 591 123 579 110 524 400 207 138 98 27 529 475 538 348 44 388 482 440 3 117 437 490 232 329 65 308 101 289 403 414 287 163 237 4 143 543 50 442 430 466 26 29 507 529 249 109 505 589 285 185 69 569 538 68 424 217 442 95 200 251 249 210 417 273 350 44 31 536 349 261 520 428 435 414 246 63 94 87 560 26 402 280 35 201 279 556 329 84 450 91 65 269 102 141 105 35 537 83 280 224 220 13 347 253 113 461 259 160 444 361 182 441 372 154 391 273 190 433 506 465 324 375 565 169 136 482 0 243 464 548 22 5 77 196 586 236 259 285 259 308 176 270 166 509 199 158 78 7 231 276 226 315 244 356 290 588 6 68 274 516 262 176 290 4 354 538 208 329 325 383 310 314 287 564 586 477 524 179 391 158 134 456 253 220 39 557 287 171 553 352 555 267 594 310 237 107 562 183 178 10 397 589 128 553 399 109 565 451 449 50 34 18 89 378 432 480 139 37 72 542 288 371 185 484 256 340 224 329 171 318 49 174 275 259 462 96 267 447 107 416 132 172 294 154 64 129 281 517 31 154 461 198 506 181 23 321 532 463 315 19 1 529 435 572 479 351 299 397 434 435 75 83 406 88 252 259 473 337 519
312 942
412 452
387 208
951 212
890 591
976 548
479 124
807 597
960 517
489 176
267 716
396 849
706 530
547 677
774 220
569 849
754 859
312 467
813 659
499 405
781 766
662 952
487 596
232 579
97 885
204 621
101 421
608 805
846 188
245 626
11 331
74 265
917 837
207 186
917 221
534 839
890 714
914 689
277 980
210 438
105 686
714 56
724 311
140 46
729 379
427 383
640 737
875 761
688 815
199 23
866 875
656 478
389 150
455 155
372 496
621 429
214 366
940 408
879 35
563 334
666 915
340 136
2 603
360 254
470 559
216 882
39 707
679 170
693 932
587 733
68 321
71 430
114 530
410 548
2 830
987 865
693 706
861 127
821 829
913 384
163 888
160 764
447 819
881 370
18 77
877 683
732 960
31 964
231 777
174 734
285 805
369 809
485 788
683 70
513 237
761 90
12 636
223 833
79 913
625 154
309 542
682 221
481 0
435 123
166 382
342 416
92 183
792 850
449 744
240 172
777 438
960 901
159 418
161 562
750 250
563 366
380 735
850 970
792 91
485 970
82 515
549 297
450 857
181 326
19 467
810 507
136 806
261 855
42 14
322 638
663 401
996 739
105 133
860 816
553 79
218 494
163 297
76 556
993 186
641 13
598 364
592 532
810 443
487 301
564 773
856 639
2 534
755 537
238 1000
406 32
271 283
13 223
837 590
847 776
813 229
745 894
402 972
942 467
390 775
544 16
808 791
44 404
558 451
303 402
784 172
132 100
818 21
494 884
694 288
19 666
846 309
466 80
817 406
308 714
570 148
971 932
186 705
105 371
958 599
892 198
150 9
529 386
610 944
596 987
18 283
157 602
448 346
516 70
654 655
789 471
797 344
729 477
680 500
874 426
948 989
72 608
316 203
982 66
986 252
854 722
424 797
963 777
878 285
995 644
329 174
978 966
51 770
366 372
1 386
299 898
214 225
141 477
922 333
140 365
258 464
705 904
642 857
340 761
579 645
733 31
825 942
567 911
748 625
849 502
70 355
762 930
573 399
602 89
578 108
995 469
545 629
702 616
366 181
883 150
417 500
473 41
12 785
771 798
384 678
346 460
350 23
715 655
517 458
274 35
344 328
128 979
183 925
910 90
528 339
642 231
770 580
313 331
177 488
650 197
569 574
278 591
124 738
709 839
517 706
107 565
328 875
688 335
683 778
50 472
413 918
663 984
177 186
917 257
453 681
182 248
431 985
114 930
611 300
169 655
226 53
960 712
241 8
636 78
434 276
82 742
395 101
30 168
410 0
823 716
137 654
643 514
271 346
535 189
845 255
547 872
78 112
393 244
264 236
364 540
487 220
496 344
162 99
900 460
923 588
600 503
513 552
491 435
876 79
427 172
257 932
679 10
849 339
793 929
569 954
936 12
730 558
979 430
104 839
533 143
206 301
818 286
740 726
476 650
903 644
335 568
676 138
724 347
203 99
651 361
347 907
437 315
305 144
780 996
295 855
991 344
823 875
917 139
25 915
907 909
817 751
970 825
984 997
12 13
932 945
444 625
105 650
345 969
713 262
631 335
590 609
251 375
551 726
519 279
84 25
361 111
150 946
737 421
888 524
354 688
914 425
131 216
639 618
716 231
516 657
474 264
768 58
101 334
7 989
783 711
632 988
549 220
118 70
278 161
32 510
996 501
432 90
59 154
94 461
320 825
467 392
449 512
762 360
920 499
977 677
217 681
601 207
288 71
270 127
439 211
915 871
685 378
248 321
674 102
534 788
40 560
186 127
300 274
13 116
838 83
980 578
971 156
604 259
431 703
659 39
604 127
105 247
884 323
987 98
779 681
600 2
935 647
602 704
23 427
369 50
334 283
364 843
172 997
208 944
827 113
567 493
477 466
730 103
101 784
338 228
535 758
201 577
697 970
672 565
989 796
527 928
741 989
730 590
681 734
129 182
437 37
272 519
456 423
739 783
204 522
600 876
141 318
402 611
869 996
909 798
147 534
356 593
562 810
145 844
612 774
238 275
57 224
223 713
224 134
605 461
28 742
644 275
876 945
924 759
319 38
63 978
374 922
68 653
643 580
604 396
318 107
248 82
1000 281
734 160
311 362
785 248
283 657
547 976
847 444
560 537
719 876
140 908
944 274
975 20
970 289
1000 145
487 835
669 531
416 583
449 7
609 574
581 279
953 365
697 454
405 65
875 225
29 46
930 51
407 323
357 657
940 112
634 826
390 648
693 417
433 884
944 306
308 435
338 726
180 70
373 998
314 503
703 122
82 813
911 976
321 606
285 315
459 235
999 836
237 745
135 265
800 132
688 876
742 281
197 787
491 931
672 604
106 302
550 258
262 778
502 758
843 222
426 764
714 200
623 652
878 488
374 442
214 976
800 547
914 292
782 615
760 139
989 216
100 968
928 542
275 4
868 569
43 879
454 940
507 506
654 305
518 611
429 241
59 61
513 6
538 425
388 413
390 293
46 96
571 199
812 372
641 117
816 997
109 6
846 39
294 744
819 59
625 911
785 394
656 691
591 45
899 58
9 941
650 441
110 600
763 27
749 691
234 654
49 820
839 689
707 754
35 603
396 361
0 253
518 995
323 681
652 780
250 542
780 959
848 411
36 350
418 674
761 320
950 858
942 678
624 47
235 406
761 192
76 395
375 875
1 724
827 907
171 818
311 985
147 138
93 219
222 914
274 197
333 69
479 716
378 8
317 784
