600 1316 600 605 5
407 501
566 596
319 409
108 362
98 135
112 371
258 478
263 477
108 508
387 487
183 470
78 570
106 598
105 354
283 334
428 572
156 595
32 364
20 521
193 396
2 270
139 595
262 324
314 446
212 302
432 497
60 293
78 501
150 361
390 411
312 348
46 346
10 98
15 142
196 254
264 479
428 497
147 581
344 519
268 496
359 511
6 558
174 501
347 359
457 527
97 434
46 342
331 497
413 508
285 556
119 450
207 467
300 374
151 422
172 457
505 589
296 324
86 211
395 487
503 547
11 274
95 536
56 101
84 97
330 382
218 326
512 565
72 244
116 360
76 203
112 312
10 321
215 594
239 240
246 529
7 71
23 159
21 93
420 585
257 494
222 311
173 413
91 136
97 399
82 222
213 376
206 321
102 176
278 396
146 283
15 20
541 599
201 496
227 549
137 370
169 461
110 407
433 480
71 426
217 328
363 373
279 346
83 189
55 479
159 283
483 539
212 407
106 256
176 249
464 498
109 137
335 596
380 525
233 493
1 81
139 462
13 318
20 580
202 537
133 279
198 328
154 318
67 478
331 383
192 488
56 557
470 541
135 316
85 430
118 281
115 484
136 553
231 557
144 557
187 390
331 428
128 276
372 568
224 452
275 443
247 453
65 120
28 241
575 585
504 532
261 424
455 523
92 111
104 173
250 251
60 484
32 333
9 28
148 506
77 219
332 390
512 577
411 442
516 583
377 543
207 377
158 542
18 55
508 528
167 581
193 511
99 500
290 464
367 477
123 335
421 467
125 371
354 404
414 532
227 490
369 450
406 587
146 231
39 361
404 555
226 311
93 180
324 550
51 97
55 515
143 577
126 403
52 129
89 341
172 455
146 277
99 344
131 596
117 253
178 192
163 366
75 229
265 494
304 471
181 247
219 586
204 408
197 415
4 470
5 529
309 500
371 422
90 590
497 574
71 209
288 381
305 515
270 284
141 274
234 447
161 294
148 449
8 452
158 295
67 259
43 386
24 505
545 580
17 564
94 506
43 323
457 540
292 385
40 50
81 325
12 15
61 557
221 241
307 429
101 436
477 540
194 333
280 369
214 542
113 353
315 580
63 164
379 549
194 568
86 566
133 597
291 349
296 465
120 572
476 531
262 550
94 227
220 458
300 457
301 576
166 270
51 494
275 580
68 371
73 561
198 217
108 528
65 493
225 465
210 562
183 463
416 589
129 148
127 266
244 376
85 396
12 43
212 513
45 119
316 365
240 487
403 589
309 509
45 377
85 441
84 487
49 406
25 86
89 363
23 244
334 550
351 478
294 314
354 406
191 448
430 495
11 334
186 446
308 387
159 231
193 359
305 447
145 431
189 357
370 413
81 544
527 548
304 306
346 438
48 184
299 478
9 446
58 252
204 560
128 165
94 229
193 510
46 438
186 314
525 566
222 226
40 164
230 499
74 251
302 552
285 470
53 185
14 360
52 505
37 469
471 488
99 509
129 506
387 395
18 515
145 233
227 379
67 539
74 155
356 426
462 541
235 339
241 547
271 439
253 398
210 529
400 449
174 271
29 303
271 570
96 361
338 469
264 515
59 489
46 392
23 412
525 596
239 381
453 514
115 539
359 428
190 373
365 553
103 549
199 559
111 498
9 158
200 471
262 563
88 557
47 577
406 442
290 498
214 454
102 213
421 455
307 328
396 431
391 574
559 567
209 389
415 579
303 599
82 398
316 470
305 485
34 284
100 316
358 487
254 544
389 469
190 401
406 507
73 478
375 520
303 497
112 171
295 542
78 439
311 433
145 396
422 576
119 377
177 318
4 541
255 547
19 436
76 501
56 61
298 438
177 443
59 119
372 524
252 337
138 435
465 567
165 517
141 502
54 300
479 491
419 549
89 248
8 170
211 566
147 244
577 594
3 538
201 273
81 425
202 456
360 530
6 220
37 222
236 390
179 525
59 166
115 259
324 329
70 422
267 324
97 356
27 137
347 572
223 330
109 175
402 465
316 432
69 132
169 552
448 477
16 40
415 446
242 335
135 432
511 572
280 522
442 552
445 594
194 230
13 96
144 291
160 296
285 365
63 203
4 432
148 264
261 273
135 553
213 223
156 219
92 204
18 305
104 260
37 398
69 143
10 135
73 546
245 568
119 166
79 499
169 442
180 225
178 243
186 415
25 566
297 404
109 122
297 437
138 336
291 448
36 198
368 391
143 162
134 453
46 279
43 503
258 260
57 73
330 581
179 453
514 566
47 271
136 206
202 216
355 360
375 548
28 221
13 177
46 133
313 550
292 467
352 547
171 422
119 543
113 286
89 397
124 143
0 178
121 351
84 239
122 165
278 290
461 534
147 223
9 235
259 351
295 444
340 595
546 561
282 361
126 505
350 500
187 332
357 394
100 470
485 529
363 388
450 543
92 408
66 155
144 349
132 215
117 443
500 576
230 252
125 301
232 283
316 553
150 318
401 435
384 556
238 526
163 555
231 313
296 402
53 64
286 538
259 484
265 419
164 270
87 206
153 229
13 48
292 384
456 582
388 397
10 391
199 366
112 348
120 405
347 511
127 248
31 47
180 567
7 426
410 414
28 352
103 379
169 217
16 230
143 445
56 291
181 453
404 437
237 250
411 552
136 196
191 192
300 523
72 133
13 184
268 307
318 472
128 289
87 228
286 312
179 181
229 319
146 550
36 169
91 365
98 136
501 513
57 362
102 223
286 533
124 132
101 188
219 462
346 456
220 287
89 562
10 115
176 223
79 164
40 63
537 582
37 338
381 480
84 434
475 588
26 193
17 154
134 380
13 443
68 125
93 465
405 572
279 582
188 436
312 533
444 517
469 472
31 578
301 344
495 510
81 196
44 469
143 245
83 192
96 184
431 572
39 315
3 348
256 288
138 401
249 482
228 504
236 513
123 197
99 410
289 383
117 546
125 208
3 298
333 364
341 562
214 294
33 363
172 367
307 424
460 473
42 377
240 358
92 317
405 428
34 166
232 274
36 394
95 556
157 583
45 189
343 582
344 500
34 59
173 258
490 506
196 325
91 536
80 378
320 354
43 322
25 204
344 576
31 570
32 372
235 446
58 450
494 549
409 479
210 459
6 458
425 519
167 244
64 185
103 281
466 576
362 508
30 337
160 593
41 302
212 418
169 418
299 508
496 575
140 571
12 554
149 313
47 460
100 285
28 339
186 464
242 591
118 419
9 161
178 191
204 535
365 536
325 519
291 571
526 575
168 430
130 427
565 577
23 557
51 265
0 420
293 484
132 218
302 513
218 250
362 592
38 420
140 263
65 572
481 557
405 474
98 553
233 278
17 282
77 369
342 482
30 194
189 394
99 309
42 467
62 139
169 302
110 461
93 225
16 143
312 538
402 567
61 101
246 562
386 528
369 385
40 79
306 468
70 151
149 243
333 372
59 357
217 442
382 573
127 403
439 501
162 245
58 166
69 74
580 592
357 489
559 593
81 125
110 418
11 283
178 291
135 391
389 433
347 428
2 164
350 576
345 548
357 461
193 364
5 210
415 464
273 424
138 246
22 532
320 328
20 554
53 561
85 278
224 451
28 547
8 358
321 590
266 551
197 560
468 471
275 592
256 598
67 351
401 438
50 578
311 469
14 530
317 560
30 333
29 541
205 290
182 353
130 579
191 291
272 547
32 510
402 593
228 532
171 533
293 321
14 287
352 517
4 599
49 555
216 537
116 530
256 451
44 389
237 417
371 466
58 280
299 413
166 252
61 343
26 364
131 525
65 431
404 507
6 248
188 520
24 589
168 510
22 414
163 297
38 516
0 585
70 234
442 587
297 366
126 459
367 540
33 440
35 367
25 560
121 224
396 495
343 597
211 237
447 485
133 582
94 319
51 399
61 597
39 545
377 468
231 481
113 485
399 494
239 487
179 247
170 487
350 409
296 329
333 340
317 498
46 401
17 150
350 479
175 503
2 284
104 128
308 487
160 199
51 84
252 270
70 447
565 578
127 269
227 506
1 254
26 62
60 121
105 587
201 585
205 314
208 527
304 488
194 245
267 502
266 589
326 514
34 534
163 423
156 586
181 514
354 507
127 210
317 535
249 342
323 503
431 511
407 418
77 292
433 469
111 278
102 392
462 463
382 581
273 329
344 425
181 566
49 411
276 289
322 554
226 433
262 267
80 444
54 457
198 307
330 518
143 155
422 466
80 405
12 108
184 315
84 395
53 351
236 302
49 107
314 464
45 200
363 486
326 453
344 414
337 522
104 289
153 281
151 234
157 420
6 89
77 385
246 336
11 232
187 501
216 520
165 175
374 421
195 431
197 498
44 209
105 328
21 320
261 329
99 414
38 157
340 522
36 357
190 342
124 445
321 484
324 583
12 142
180 559
338 472
403 551
313 583
268 273
573 581
305 400
189 200
41 169
60 351
83 526
423 584
147 330
133 343
249 486
292 374
162 168
189 489
210 403
215 531
258 483
178 349
519 532
68 548
83 394
197 464
19 188
64 82
110 169
114 216
126 400
161 214
336 562
363 440
444 542
122 128
130 152
483 574
166 284
259 539
66 111
304 448
11 262
42 207
215 460
233 290
16 578
26 139
217 587
87 325
297 555
94 153
22 590
144 243
229 281
18 447
22 90
26 359
393 423
261 465
396 510
177 472
226 381
240 451
90 452
336 397
190 435
278 441
277 283
287 588
551 589
417 514
150 282
274 563
381 433
127 341
325 532
521 580
183 556
221 339
389 426
121 293
59 327
296 502
94 379
205 233
309 569
55 151
236 332
27 413
182 298
75 569
42 421
449 515
348 538
21 424
104 258
106 121
220 588
237 514
175 352
27 122
215 476
187 411
285 536
138 353
96 150
88 244
118 229
520 548
409 491
426 480
223 376
463 541
53 121
111 492
80 276
62 359
197 591
15 592
33 588
127 360
114 375
248 341
276 405
432 574
10 206
57 546
246 353
113 182
22 504
56 144
522 595
319 491
70 171
145 493
7 356
194 372
44 472
241 255
183 285
183 384
177 338
168 372
196 544
36 429
37 82
521 545
181 525
490 549
149 557
3 182
310 374
146 159
106 226
451 452
207 543
448 571
460 577
156 522
116 269
67 258
105 217
362 443
280 450
96 318
171 312
348 375
361 545
197 579
383 497
159 412
80 120
23 481
162 524
307 496
195 511
199 393
112 375
385 467
117 362
133 392
244 597
53 106
378 444
114 348
75 118
214 493
71 564
315 443
482 486
250 417
45 468
264 491
327 461
400 515
77 156
266 530
298 353
238 394
338 398
301 466
118 265
73 351
434 480
267 296
110 534
205 493
123 591
383 574
162 492
369 543
283 573
116 266
287 475
200 468
0 192
354 437
113 529
157 313
0 243
140 436
27 104
363 558
445 577
226 256
257 549
139 586
342 392
4 316
374 384
169 198
390 552
188 216
149 420
103 153
403 459
18 234
139 156
193 195
38 201
31 271
131 380
223 518
71 389
202 298
5 126
204 211
36 238
211 408
218 531
49 507
270 499
249 518
336 388
0 83
252 280
306 471
263 345
89 558
109 165
363 397
529 562
372 510
191 304
221 235
260 483
260 289
68 375
430 492
3 202
329 583
141 267
68 112
102 133
328 424
491 506
90 170
458 588
54 254
75 308
168 524
34 76
266 269
430 441
131 134
57 478
134 179
345 527
79 270
263 436
108 592
140 448
160 402
148 491
243 349
16 245
62 541
48 443
174 187
69 124
72 376
63 78
378 517
167 412
19 520
132 251
124 594
338 443
156 280
228 321
207 385
115 391
373 482
309 409
214 444
170 509
310 556
100 365
345 540
158 352
335 579
199 423
268 424
69 155
286 447
331 474
288 451
12 592
92 535
149 231
56 571
117 398
26 595
161 314
21 437
10 484
430 510
426 433
374 556
512 578
190 482
27 370
203 501
252 499
142 554
161 542
326 417
592 391 182 102 557 364 453 274 440 153 322 371 184 272 517 184 270 197 423 330 289 203 476 505 149 129 192 571 234 340 117 464 209 12 245 357 182 502 152 192 265 130 3 285 282 204 427 94 406 265 504 392 389 353 594 263 215 567 456 23 49 125 172 253 332 31 268 537 23 249 554 347 259 589 537 100 433 469 261 146 584 403 399 209 244 216 594 581 186 128 468 273 400 329 267 387 513 435 262 13 136 90 59 79 206 27 491 530 461 173 285 386 313 560 216 485 223 458 571 354 270 369 500 13 407 209 580 185 419 284 543 118 422 300 89 125 377 229 554 568 163 347 52 310 219 397 597 221 267 496 380 45 292 503 401 463 216 111 295 546 199 231 519 284 76 593 121 574 439 486 452 98 58 216 258 54 420 370 180 222 199 329 484 183 52 215 239 229 527 244 48 395 455 20 144 138 37 364 355 476 435 470 276 68 86 486 537 242 284 97 418 163 54 352 349 6 218 262 129 417 438 535 278 344 205 14 257 215 430 578 293 303 486 352 56 281 583 539 358 142 340 133 12 146 483 113 97 168 138 213 47 58 460 188 211 446 276 37 363 574 420 527 553 429 79 96 521 532 588 450 121 228 133 576 309 230 557 339 140 171 255 246 272 80 34 99 532 256 171 159 343 372 373 459 135 355 557 297 565 153 500 461 514 582 418 240 127 298 338 363 66 45 413 559 506 387 207 224 582 550 319 84 392 264 38 224 69 126 323 366 460 60 431 308 261 288 128 280 500 447 75 471 228 376 237 150 343 300 59 512 137 248 470 61 541 298 260 99 296 395 375 13 194 260 261 86 163 508 136 524 429 343 459 185 473 536 473 219 160 75 123 111 243 29 30 122 295 282 327 270 189 486 258 73 246 352 195 153 245 31 376 273 464 152 574 43 253 170 598 17 226 399 593 94 342 208 528 163 528 332 324 241 293 31 3 28 60 553 436 437 596 75 289 277 345 295 369 241 256 380 201 104 17 11 393 293 332 445 336 240 478 176 463 527 217 225 105 493 467 599 478 20 35 83 467 425 426 19 75 166 364 250 405 288 108 411 96 498 150 437 12 331 199 164 356 537 17 340 219 1 31 186 54 582 589 242 252 551 312 336 66 31 505 441 394 487 30 467 562 457 536 104 530 44 292 75 165 28 285 299 136 388 204 134 228 404 77 216 127 119 154 320 39 141 531 335 534 471 429 2 470 175 453 367 451 355 512 451 386 99 579 414 128 84 136 317 91 178 416 27 406 538 211 173 147 329 149 20 124 468 347 511 183 23 499 130 279 390 23 429 85 420 352 277 321 342 510 599 97 369 381 596 335 12 299 587 335 120 360 286
676 778
373 592
827 569
320 758
492 384
145 779
131 920
9 292
197 401
630 46
352 364
624 955
320 59
102 78
41 963
287 52
879 417
23 33
165 703
427 714
261 0
875 847
248 460
522 879
10 713
828 91
649 393
428 138
556 55
553 365
761 452
978 446
708 362
149 990
805 622
551 672
788 708
130 176
717 829
165 24
874 470
888 673
584 584
372 48
56 190
673 636
315 902
976 407
135 78
999 831
919 494
51 396
24 685
228 242
448 542
149 662
525 783
317 154
735 544
735 609
286 301
472 799
616 379
876 536
193 221
614 220
823 251
354 249
338 651
891 271
220 671
1 237
462 870
302 202
874 237
144 494
870 581
610 505
931 523
826 491
547 187
338 556
177 173
697 745
86 369
714 267
862 105
350 455
511 841
153 887
252 379
400 488
818 197
848 869
82 556
468 488
88 46
35 353
378 380
206 527
469 413
469 769
402 918
44 517
427 197
897 787
183 256
988 766
313 88
456 120
845 631
773 215
306 683
233 779
353 720
364 322
23 898
255 146
100 460
688 585
576 235
247 292
464 159
797 52
908 306
318 582
50 755
84 859
516 186
46 646
743 12
899 5
947 269
413 853
987 18
407 367
373 432
429 95
260 855
613 410
493 730
689 999
299 20
858 367
579 794
664 225
621 894
470 931
87 652
625 812
59 6
197 632
687 7
77 523
31 64
847 301
634 465
662 844
577 79
566 884
809 999
629 101
798 309
988 945
848 526
511 134
764 556
514 935
764 309
863 706
212 441
256 661
486 595
394 175
1000 563
488 75
391 963
83 111
637 754
961 52
882 916
919 84
282 774
518 441
153 54
234 193
701 84
998 604
418 742
692 666
279 933
593 714
650 725
673 344
778 417
649 305
375 518
759 77
849 745
906 996
651 671
763 822
347 799
900 565
847 146
687 163
336 423
623 578
391 625
13 206
139 812
877 141
929 619
426 889
600 152
940 308
372 751
882 753
979 240
586 465
88 958
568 27
159 215
428 938
221 331
843 902
141 247
38 581
311 440
113 517
824 425
595 853
580 976
691 212
184 673
635 2
958 678
903 191
757 719
106 320
149 353
526 19
836 43
635 783
490 883
818 377
221 837
960 96
114 884
339 988
945 227
922 245
752 505
217 150
413 552
503 1
173 296
18 463
398 220
326 282
433 237
772 914
658 951
455 696
114 663
65 428
7 844
708 951
807 810
51 872
804 523
982 501
445 13
786 863
604 993
232 88
509 217
594 910
726 218
384 843
708 503
87 489
28 1
581 936
794 565
466 452
239 748
60 987
144 280
477 222
724 167
553 747
577 520
278 340
645 162
563 105
767 965
946 911
292 816
359 169
494 540
272 567
924 672
501 347
586 681
153 747
596 637
833 787
161 451
175 537
481 514
120 218
273 702
626 857
668 119
193 60
449 385
786 159
62 72
111 559
896 817
313 390
395 6
396 66
684 904
335 501
986 178
766 632
865 810
725 891
452 969
507 280
992 645
732 408
632 926
821 17
212 869
730 458
114 151
601 24
678 429
150 842
314 942
433 800
242 541
435 665
339 861
569 306
322 715
602 773
197 592
286 268
521 93
256 816
937 819
101 919
46 300
721 643
176 371
581 339
56 908
124 2
261 107
186 951
683 398
427 440
921 951
513 648
442 329
656 519
391 104
281 636
758 360
246 950
544 527
360 682
454 898
642 605
527 159
35 552
954 16
112 286
485 995
460 259
538 473
629 542
349 66
139 423
214 921
43 222
991 675
410 328
363 935
943 986
730 688
100 414
680 297
186 895
147 137
6 397
105 739
271 882
824 970
62 813
936 869
546 232
981 798
897 607
868 192
153 588
219 475
989 722
548 918
374 128
238 507
734 62
0 648
954 171
886 637
49 485
670 808
548 588
236 622
997 993
834 833
292 544
37 272
716 23
524 320
809 750
752 280
639 253
460 356
94 238
61 335
251 909
456 729
909 889
302 848
953 561
204 997
754 246
960 757
195 92
572 161
889 344
665 64
192 714
533 701
67 704
702 538
184 329
218 369
999 125
586 187
534 622
346 832
441 587
122 958
103 801
958 342
821 688
578 420
548 434
717 117
808 927
270 598
566 551
635 646
88 184
500 413
620 681
59 158
998 365
514 246
1 982
969 293
492 670
340 204
152 618
85 270
543 859
299 973
392 275
324 326
203 770
255 999
136 389
624 711
703 617
25 624
107 607
783 246
663 196
10 426
732 302
784 772
475 319
748 132
855 447
209 563
925 580
723 992
457 80
283 448
41 725
63 620
969 852
345 124
177 486
725 331
612 287
911 418
957 637
910 132
113 704
713 860
542 125
428 994
292 515
397 692
227 5
690 467
508 570
785 342
906 48
726 747
423 612
345 95
215 802
9 932
993 316
307 474
244 705
810 651
815 161
427 516
386 781
277 737
359 286
474 636
531 401
584 127
653 565
371 552
196 11
285 149
479 38
396 662
15 516
651 904
32 815
956 718
411 396
350 11
981 886
509 480
547 827
148 944
870 953
792 126
266 200
179 846
643 995
11 146
947 401
886 86
841 943
789 375
144 537
955 476
516 755
596 257
538 985
449 299
742 783
239 579
933 368
927 443
776 5
221 42
497 964
374 811
680 867
971 970
714 795
609 445
952 790
102 998
1 764
265 410
796 86
262 71
876 996
919 341
647 437
876 33
472 835
204 299
519 371
