600 932 600 1089 18
201 316
118 401
247 436
54 112
266 430
21 132
27 466
162 585
317 388
122 195
119 511
97 405
295 590
0 560
318 517
297 495
388 559
3 488
510 553
220 296
110 296
526 575
69 555
35 248
57 429
248 390
376 407
330 498
27 436
80 186
215 559
24 347
257 431
15 207
371 394
245 394
290 481
194 306
318 344
404 468
344 517
477 582
21 153
50 281
170 267
348 528
83 548
257 321
333 425
356 585
361 596
223 546
78 152
386 581
373 476
311 329
175 366
368 563
212 324
365 413
115 263
152 188
276 417
442 494
107 407
271 537
336 593
8 346
3 493
275 578
113 596
273 298
298 458
81 200
93 320
153 339
177 268
9 121
261 475
238 534
299 323
368 443
378 529
64 211
278 304
23 218
22 584
200 281
203 433
342 583
133 229
441 498
151 157
426 575
166 286
60 330
233 450
70 131
30 594
101 122
310 531
106 117
299 385
93 226
100 271
337 365
59 286
254 561
86 335
16 276
266 313
21 157
16 471
156 337
364 543
418 491
150 222
81 149
8 447
328 349
134 589
293 376
357 522
544 548
77 429
307 417
329 365
1 365
100 173
44 270
109 130
481 572
228 424
446 561
119 147
132 401
333 485
12 291
319 567
18 146
380 477
488 493
213 341
62 237
318 593
144 387
249 258
65 478
222 367
19 385
131 578
101 114
197 273
76 485
162 177
66 258
469 506
12 39
6 154
181 234
207 217
126 552
49 174
25 588
357 570
286 383
228 583
371 487
333 437
58 479
178 217
234 314
247 401
111 227
42 343
264 406
36 546
496 599
205 375
240 442
25 137
250 469
81 439
91 200
425 592
145 494
167 198
102 468
193 494
445 448
23 251
57 362
456 568
52 230
59 562
1 211
182 477
284 408
11 298
117 504
286 373
231 313
91 196
222 519
110 447
36 467
275 495
14 138
8 110
16 292
80 373
154 158
78 507
53 192
472 497
13 538
178 595
357 479
85 297
30 361
318 472
89 150
221 553
65 460
392 453
95 493
303 596
373 419
71 196
166 288
196 480
143 254
173 467
5 387
188 497
290 572
102 168
2 96
541 570
258 321
313 518
127 196
83 253
216 231
126 305
138 168
286 476
99 444
161 597
143 558
36 373
127 551
359 599
208 284
82 143
47 314
163 195
408 486
77 522
185 202
73 124
404 569
67 102
23 342
123 191
374 393
0 551
328 553
350 513
32 222
29 103
144 255
360 572
193 414
17 451
3 555
140 271
3 95
62 419
172 176
107 372
28 417
156 409
114 195
84 339
112 175
133 171
25 434
378 402
336 338
187 565
160 289
24 280
10 501
346 410
141 556
76 437
190 323
93 306
187 307
478 522
125 143
119 410
34 76
21 443
350 442
373 383
160 252
169 546
433 535
108 536
5 188
298 329
382 530
7 17
423 515
558 599
40 120
210 437
190 452
133 385
380 446
82 241
574 587
520 579
494 577
18 28
61 270
10 120
288 518
62 420
59 116
229 489
298 327
166 183
268 351
124 262
337 581
203 325
589 597
439 499
124 222
416 479
7 438
125 446
219 378
80 431
176 546
283 371
96 382
381 482
71 496
23 112
271 527
89 456
11 533
484 552
166 345
389 545
191 399
316 580
86 309
257 258
161 455
9 30
222 387
441 524
411 540
131 199
469 535
121 597
184 507
149 180
283 394
503 552
174 422
189 263
29 400
253 394
310 521
212 261
352 491
346 466
94 281
203 469
88 214
379 412
205 594
177 585
213 334
295 512
236 370
2 530
26 509
19 277
144 366
29 569
111 395
160 311
348 550
63 568
49 562
273 481
28 276
126 204
325 428
147 348
44 54
59 345
14 39
442 591
295 465
148 412
142 300
527 537
110 586
17 33
92 504
38 167
280 591
295 571
129 489
159 524
414 455
251 412
124 519
267 409
56 434
89 525
284 486
199 578
69 279
363 460
128 354
327 329
219 330
533 572
54 322
278 482
13 43
426 486
460 566
392 483
496 499
135 503
47 173
234 527
113 375
187 195
154 232
3 455
30 205
89 568
325 439
87 552
425 454
270 350
182 545
38 482
104 235
159 592
363 475
236 368
261 523
278 523
209 421
453 580
111 589
73 366
60 498
201 249
47 100
62 105
406 523
227 493
132 368
469 515
462 512
98 437
226 352
214 259
35 130
125 380
57 304
198 523
464 498
334 528
254 371
128 272
474 501
353 436
364 369
20 207
83 394
199 584
523 539
112 326
192 304
19 172
204 305
214 442
290 533
67 404
539 566
275 378
27 447
149 421
297 529
84 153
184 387
424 583
288 345
162 324
47 537
5 497
171 535
18 417
13 202
219 498
124 366
176 411
143 446
455 494
378 441
116 288
363 566
27 353
486 582
180 281
102 396
72 501
99 204
234 562
5 472
366 403
146 334
57 406
79 521
207 330
46 169
13 84
90 512
58 357
415 486
1 576
31 148
478 539
6 89
150 525
354 415
55 427
135 484
165 323
220 334
284 415
79 564
105 237
87 204
18 348
529 592
461 574
74 548
40 238
19 321
430 479
34 52
87 99
314 463
72 201
444 479
38 198
165 311
467 476
10 453
147 334
70 297
201 445
30 589
267 337
101 232
318 497
27 346
21 393
137 449
428 579
500 553
309 549
358 471
193 549
188 451
359 520
426 526
172 546
444 538
368 595
36 235
137 441
138 291
276 292
41 99
95 391
298 311
305 552
57 554
5 302
114 502
338 593
110 341
191 556
81 180
241 389
195 225
118 447
499 520
69 111
418 536
75 276
10 40
289 392
277 299
153 393
285 552
147 213
277 385
77 282
84 343
96 120
191 234
141 562
14 29
25 56
220 317
75 427
134 395
491 598
4 586
15 247
172 489
445 531
448 501
256 574
238 483
218 342
15 532
360 481
92 545
349 553
270 322
478 541
433 469
75 163
251 355
137 464
16 507
178 300
177 575
387 427
95 136
105 521
287 571
86 136
54 218
106 399
201 580
505 518
368 470
128 426
492 527
241 545
68 274
24 455
347 350
179 273
328 337
238 365
271 520
106 422
215 303
178 330
235 384
86 310
230 482
80 169
1 377
542 592
274 503
66 249
35 205
189 543
147 528
160 453
168 435
4 118
153 343
1 48
248 552
323 452
121 589
264 278
133 452
521 564
182 244
145 491
113 319
80 419
145 269
166 440
51 400
2 170
69 597
23 54
244 380
155 188
384 423
37 50
194 206
2 581
329 483
197 405
6 456
335 564
261 539
26 236
12 14
64 508
274 564
250 515
443 563
254 394
161 557
310 457
45 564
475 539
303 317
311 392
2 462
454 485
359 499
211 301
191 562
56 159
99 109
87 130
378 498
497 513
166 383
14 354
77 478
8 511
271 428
371 496
117 545
251 583
199 304
20 60
193 455
122 525
160 165
134 205
164 409
122 163
78 438
106 139
432 548
227 488
339 370
270 593
489 540
549 598
214 352
159 529
418 598
240 350
168 468
284 582
117 239
108 260
76 333
258 521
311 458
103 569
252 316
192 578
346 447
34 243
381 584
70 584
264 308
18 187
221 500
235 467
28 303
88 93
71 81
9 347
29 224
189 364
98 210
57 282
179 197
72 445
131 297
58 362
25 449
72 448
52 381
447 586
336 350
96 581
448 536
260 340
107 273
432 490
306 530
509 514
371 558
413 543
260 501
213 511
28 292
383 587
480 560
26 370
473 567
313 450
150 163
250 423
527 545
7 361
362 538
352 442
173 271
4 21
397 565
77 554
223 235
412 583
149 439
155 513
389 527
65 566
143 371
116 562
285 503
559 567
121 557
463 476
331 473
174 556
62 587
13 339
118 586
67 315
398 533
242 497
440 587
16 547
50 200
225 565
210 381
400 569
187 550
78 547
518 570
151 296
128 459
287 295
480 544
246 454
42 374
156 267
63 73
48 553
66 201
271 599
148 379
75 195
430 505
385 489
264 523
196 560
318 326
338 513
167 569
521 531
438 547
18 550
396 523
325 579
89 232
289 311
304 578
21 401
113 303
120 581
265 468
135 248
294 464
45 516
65 332
30 121
61 240
92 526
37 433
205 596
128 138
416 430
136 391
297 378
324 351
164 267
312 333
41 202
87 126
85 275
63 456
88 320
282 554
161 347
180 209
321 573
44 593
92 426
15 595
430 444
237 419
373 420
326 344
462 571
62 574
67 167
274 390
37 10 450 371 159 595 512 359 165 388 61 108 566 315 221 136 427 511 62 34 117 514 393 77 472 148 10 404 302 349 477 60 366 71 448 65 131 174 234 58 332 354 135 227 323 488 22 578 247 199 336 101 508 384 106 173 182 521 241 129 21 494 496 409 477 35 147 236 594 578 528 339 459 276 532 346 478 354 178 575 439 273 5 149 364 594 131 334 479 189 106 536 433 565 362 430 193 14 51 260 398 75 440 24 410 413 237 173 313 259 262 527 362 318 99 13 154 278 400 288 346 52 290 322 474 589 248 506 431 38 359 17 121 439 188 51 319 132 323 427 424 14 91 233 440 73 16 348 224 286 54 224 89 102 157 300 270 288 21 445 318 246 406 215 419 211 120 320 407 510 35 214 57 530 555 100 134 48 505 367 453 407 189 283 48 548 258 541 503 110 494 110 370 247 547 128 474 280 577 256 434 441 332 596 305 83 521 318 384 472 489 137 432 131 490 420 333 133 237 584 237 560 32 147 451 447 322 308 123 179 34 524 594 365 63 246 562 423 25 119 498 41 297 222 493 205 172 94 41 244 409 0 42 408 316 427 270 161 162 507 145 160 373 67 153 384 409 104 184 92 421 430 237 265 204 486 24 144 294 524 533 373 11 92 298 131 124 244 407 530 454 133 224 174 39 406 274 426 39 372 90 260 324 156 342 425 35 572 81 260 468 68 449 589 196 200 323 17 77 435 544 372 554 507 157 134 46 52 468 122 428 477 155 282 556 69 75 140 45 465 551 88 533 549 394 6 347 30 220 440 402 450 322 332 428 172 314 311 515 468 157 516 75 64 331 588 227 330 325 89 2 72 61 65 590 574 286 31 115 95 60 304 230 51 553 414 49 103 65 25 562 443 286 472 90 218 210 359 375 459 34 326 309 420 335 104 190 562 385 213 472 174 354 126 295 194 531 354 198 220 587 531 164 557 424 298 126 475 233 523 337 178 76 406 423 377 67 212 179 171 278 250 111 507 44 355 389 461 595 432 596 123 499 520 89 518 435 572 250 361 559 498 289 435 134 189 183 585 158 559 534 179 557 159 505 200 495 317 204 597 277 98 494 291 135 147 482 351 254 211 41 258 101 121 496 510 298 198 405 87 258 267 582 292 191 484 202 410 548 412 500 162 182 241 341 96 296 440 535 525 537 391 263 314 440 540 241 15 365 324 181 592 212 277 599 263 375 433 298 559 425 370 355 39 379 371 66 414 567 538 44 150 105 200 502 154 56 490 14 25 17 16 292 548 167 211 229 307 443 203 478 598 272 441 386 144 579 413 439 561 553 449 167 495 199 482 369 16 158 547 73 485 259 483 249 83 61 294 280 439
946 32
62 95
125 352
327 528
550 844
131 694
49 938
320 721
480 901
245 610
235 238
266 76
988 547
599 700
990 503
640 880
255 815
211 710
315 915
506 165
745 998
583 829
844 710
19 548
253 518
920 993
680 737
550 958
308 820
995 594
331 657
121 411
107 777
243 652
932 722
420 612
603 252
730 0
898 676
990 524
226 209
534 673
510 738
641 651
71 581
392 436
558 243
695 289
75 143
767 432
805 1
969 697
899 738
703 793
43 559
217 855
904 946
727 654
622 594
673 395
717 983
136 527
546 352
14 845
47 42
697 503
433 300
918 594
466 481
350 571
824 784
870 116
363 277
12 771
976 29
197 865
962 815
723 592
230 728
403 359
573 259
815 132
872 262
973 150
582 724
799 822
344 400
496 608
142 423
81 880
12 244
850 116
856 322
170 356
789 58
340 476
139 299
472 59
872 838
527 646
721 262
126 953
892 570
982 611
636 204
524 369
824 367
415 22
282 336
508 631
500 861
372 598
51 601
442 710
168 929
142 59
677 427
822 340
566 887
420 954
165 252
300 630
137 904
735 362
41 793
948 252
509 571
891 75
942 443
614 88
473 651
803 781
618 850
535 80
394 619
419 523
309 428
812 996
957 507
854 428
774 219
736 409
697 848
927 246
60 722
255 435
371 877
394 926
89 423
785 106
130 867
503 812
185 715
572 780
43 959
189 643
96 200
527 820
12 946
877 936
368 200
286 554
816 514
155 866
45 241
384 154
614 442
900 636
933 532
526 230
63 283
583 67
550 175
694 247
790 434
15 687
579 174
857 460
685 886
417 47
788 79
714 316
885 297
565 457
169 729
514 697
591 276
243 956
169 683
124 25
420 109
756 365
744 738
286 467
196 289
213 938
861 73
400 88
863 665
804 724
828 59
412 262
564 688
735 111
540 589
405 652
233 293
640 953
996 284
722 82
903 800
19 66
837 562
440 912
186 388
379 757
494 495
664 901
59 525
753 900
413 857
1 196
100 807
595 210
995 696
210 993
215 338
405 549
101 515
562 95
932 700
474 453
92 951
527 517
728 338
626 224
669 774
490 326
230 187
857 384
155 483
851 300
159 663
922 748
900 264
925 118
974 945
590 923
426 559
431 250
642 149
15 475
411 193
944 148
939 223
72 671
540 409
524 287
477 272
169 449
294 308
816 561
36 761
147 33
834 662
959 616
564 546
90 256
873 507
275 448
126 550
703 224
933 418
366 43
432 454
784 791
285 837
487 155
845 683
373 574
214 512
781 36
730 627
905 154
997 361
507 530
641 377
97 364
638 435
331 187
302 62
950 550
268 782
463 19
767 993
43 388
477 817
812 838
297 111
497 123
668 839
10 8
156 705
359 742
753 695
533 555
177 329
277 874
801 656
326 413
381 376
324 138
922 902
538 459
674 352
884 595
447 224
392 790
80 646
475 706
125 382
473 245
95 545
453 154
865 537
728 150
49 639
298 133
53 190
249 131
713 949
427 797
729 453
945 903
402 903
408 384
141 603
127 164
139 628
621 706
266 263
465 882
35 527
531 721
33 653
653 401
504 926
258 560
346 951
39 205
171 530
897 529
224 369
597 999
1000 449
49 478
766 456
654 552
179 826
759 197
320 47
349 685
655 620
773 500
80 50
162 157
22 738
82 856
646 804
66 6
652 680
894 198
389 25
608 306
529 753
432 670
517 17
86 78
803 878
47 413
940 289
916 774
166 283
588 389
661 221
532 135
155 230
127 773
423 776
810 299
396 510
331 436
319 203
526 785
928 171
397 599
866 586
329 963
247 12
798 397
988 677
589 869
762 873
37 710
936 630
449 58
775 659
431 0
987 386
60 214
469 986
634 170
56 449
168 80
298 451
971 431
627 536
299 874
322 343
586 323
584 353
765 97
815 452
652 180
116 468
928 930
919 397
180 853
700 183
696 607
594 536
536 252
977 113
704 67
945 971
954 578
588 951
905 828
273 761
756 127
579 420
819 942
186 466
596 785
549 622
387 292
975 256
522 909
349 297
878 980
517 472
194 679
463 99
340 213
947 941
284 492
24 910
358 375
363 105
913 475
752 491
493 392
29 288
648 348
787 977
98 404
525 974
660 242
944 598
697 149
620 776
167 802
97 693
484 768
299 275
793 536
647 321
922 320
725 550
625 573
947 0
341 44
880 698
260 186
456 546
992 918
958 361
884 145
381 540
573 113
957 120
256 376
840 253
358 519
225 477
803 802
831 174
146 647
793 910
760 157
32 225
333 275
179 960
471 520
871 355
608 504
636 116
191 757
19 45
717 761
44 109
454 947
1 356
173 606
724 732
673 156
409 459
48 693
630 454
69 769
731 191
421 335
699 560
837 627
855 911
111 895
886 374
788 305
369 912
881 888
155 314
378 345
604 903
284 32
181 204
632 77
320 306
741 273
595 648
791 559
601 135
683 536
893 917
126 72
999 4
833 314
553 220
245 780
997 67
297 410
302 953
933 80
477 570
28 166
760 612
348 543
756 409
291 598
878 239
423 755
915 68
979 199
715 405
619 804
457 381
242 981
741 528
461 749
66 835
956 656
626 515
64 353
304 6
470 200
551 379
883 402
124 97
231 429
789 750
715 206
386 217
123 275
985 308
51 504
854 787
804 475
525 856
564 402
900 989
350 614
27 367
234 497
909 886
100 627
373 675
646 842
403 693
313 594
310 394
797 231
