600 1284 600 804 5
98 221
126 496
474 575
22 201
177 213
208 391
321 566
540 561
27 393
38 235
502 527
176 478
430 518
80 481
199 282
24 180
149 250
58 557
62 63
176 240
541 554
95 407
270 554
376 392
260 506
212 547
93 447
203 209
115 426
17 305
84 472
145 548
127 268
16 38
175 219
401 458
128 345
8 309
2 22
156 193
298 594
22 404
84 257
114 435
128 283
230 474
75 208
195 419
73 153
251 361
307 442
7 305
73 144
407 458
202 338
23 415
248 308
97 244
310 516
115 421
503 587
512 574
234 314
298 411
339 565
202 251
121 593
51 411
26 542
227 371
147 406
21 387
196 594
121 534
56 303
166 219
129 166
161 472
252 462
45 69
412 463
172 346
156 416
290 353
531 574
144 158
412 453
112 189
38 106
100 510
73 480
63 69
241 519
225 477
519 576
124 228
115 447
83 337
362 474
224 408
103 207
467 585
93 276
459 479
38 296
270 443
80 330
482 598
248 386
409 574
250 422
17 75
36 536
224 529
79 241
94 470
374 492
508 577
388 503
216 475
72 353
362 499
216 537
28 172
172 351
51 220
502 510
151 372
92 433
243 378
15 109
188 441
122 205
204 273
44 240
317 372
432 506
366 424
401 407
13 301
2 511
62 325
362 570
22 528
150 363
341 513
116 279
57 392
39 456
471 587
285 457
199 465
375 479
247 366
112 213
65 245
270 317
173 297
295 425
476 595
428 439
1 319
79 393
282 432
170 475
77 214
179 221
124 456
161 275
328 450
255 488
39 361
8 482
21 475
390 459
97 420
194 438
60 68
413 538
6 277
222 255
1 445
366 589
379 525
116 532
23 58
218 293
238 555
5 374
20 533
191 195
274 488
474 570
95 297
71 72
18 185
46 571
313 390
366 578
50 412
222 367
358 504
288 320
86 521
446 552
301 575
289 588
95 306
21 518
60 77
174 288
241 393
59 247
357 439
157 480
61 139
200 217
28 539
270 582
518 569
4 424
175 350
33 234
48 579
424 527
215 292
487 521
12 251
339 488
594 596
187 191
90 367
160 595
253 330
31 129
162 297
175 261
216 322
223 448
29 524
83 316
511 528
358 423
231 446
66 135
6 176
140 562
105 338
360 590
234 479
56 543
202 269
535 579
31 465
422 429
368 534
293 294
92 437
213 283
200 444
107 359
102 477
91 534
202 414
132 353
76 496
280 453
302 450
457 576
47 147
72 266
329 364
102 250
143 379
202 507
66 136
199 284
346 540
293 482
44 214
373 578
58 291
99 542
117 393
0 575
78 138
57 529
397 421
174 500
25 224
42 324
208 550
313 314
221 257
337 356
40 255
133 199
549 581
144 200
331 355
193 226
138 391
16 573
60 213
83 281
126 300
137 259
137 149
111 599
296 424
250 371
55 367
308 520
157 281
189 560
378 533
30 41
215 523
375 463
78 391
294 343
35 215
203 318
70 441
197 454
110 544
254 287
498 547
19 449
271 514
39 507
47 466
128 266
19 283
179 282
212 498
0 301
42 584
206 260
88 232
62 69
81 538
181 587
288 489
80 501
26 405
454 586
24 143
118 421
433 505
297 401
278 285
75 252
37 119
89 327
111 163
353 436
373 441
275 506
155 592
127 264
340 582
317 582
417 502
69 325
145 477
104 177
170 590
90 274
44 327
191 592
93 335
170 537
230 286
121 558
102 129
68 283
377 463
196 506
299 471
81 580
170 369
199 221
388 439
271 458
424 502
27 117
92 505
107 514
347 460
81 482
111 425
283 345
51 596
364 402
383 504
88 144
64 478
125 508
131 467
43 82
135 334
94 568
41 130
209 310
262 508
57 437
294 413
251 368
66 335
174 579
171 281
150 193
389 402
196 245
558 593
52 111
200 232
383 423
339 394
327 514
312 456
91 429
291 560
1 420
494 537
141 259
369 494
185 473
143 435
407 490
442 576
29 510
54 249
481 546
164 301
308 378
7 59
10 569
43 547
75 305
456 476
462 550
112 295
253 448
243 566
271 311
17 578
487 540
69 376
60 96
264 268
387 430
546 592
384 522
43 527
278 457
450 477
375 438
261 298
426 447
210 261
406 466
21 318
40 488
469 473
261 551
113 188
347 579
258 316
233 332
423 504
94 381
248 470
96 478
242 403
82 573
91 464
6 567
179 257
439 503
360 591
350 422
78 588
83 96
13 485
164 577
61 442
11 335
92 256
125 577
88 158
542 591
182 189
398 551
254 489
57 217
152 417
91 485
280 404
224 528
312 476
108 307
311 407
120 341
251 259
118 152
191 585
262 470
132 290
244 420
354 559
36 591
364 389
196 596
371 422
170 223
155 546
568 577
161 561
217 444
264 499
60 83
316 478
29 424
340 535
228 246
171 504
390 438
343 403
279 567
243 336
90 505
295 599
333 394
184 555
29 100
434 455
303 523
119 434
18 518
70 87
263 482
160 476
222 481
18 326
352 493
258 478
152 421
376 406
208 324
211 440
68 513
20 25
161 427
46 231
123 584
475 590
365 375
433 572
210 594
61 517
534 558
329 402
73 171
309 384
233 403
230 350
264 596
402 456
135 335
184 472
272 569
206 472
342 348
12 368
528 572
168 448
120 493
76 126
212 587
95 228
154 469
70 373
114 557
374 434
45 216
579 588
36 564
197 588
351 396
18 325
71 436
323 378
491 540
91 227
92 572
30 196
412 497
387 475
377 412
32 427
506 594
211 574
300 496
453 497
87 462
58 290
217 267
63 392
291 379
136 576
23 134
93 517
29 502
258 363
145 284
8 483
159 208
67 103
161 260
25 57
428 503
9 446
154 272
263 332
71 489
192 290
239 529
128 582
131 419
532 567
296 578
36 304
178 227
237 394
141 431
294 332
206 432
5 169
263 598
145 380
454 589
126 458
186 556
307 504
411 596
197 586
375 412
36 549
357 597
195 585
332 539
229 527
336 533
67 303
13 363
5 188
149 450
68 345
140 588
300 458
155 191
0 429
346 491
127 596
289 535
498 553
293 598
101 488
2 483
456 595
249 565
52 76
28 351
225 302
10 318
41 522
87 578
37 584
183 210
287 556
581 591
542 581
80 494
168 451
138 305
490 507
30 130
67 215
236 566
7 562
48 460
329 456
427 561
109 493
101 274
19 213
488 515
233 294
159 305
451 536
62 444
252 395
182 266
248 381
162 198
138 588
81 293
114 525
419 543
142 426
52 198
84 206
49 152
48 391
10 484
177 327
433 463
74 566
408 410
52 143
128 556
111 295
132 266
203 310
367 515
404 453
359 514
464 485
274 367
116 567
142 597
38 424
85 111
147 392
135 136
282 551
131 195
65 540
171 337
73 504
182 283
51 264
255 515
56 523
310 591
370 427
169 553
340 556
148 483
16 229
113 374
155 544
108 337
34 180
197 562
31 284
15 352
94 344
61 583
228 306
322 406
461 546
47 367
323 331
4 527
145 595
165 366
35 292
317 457
57 239
343 413
185 232
104 599
252 550
82 547
368 464
66 93
379 415
15 337
194 394
104 213
144 232
396 521
382 435
105 251
307 337
236 386
153 480
115 397
205 555
274 515
21 203
45 326
212 374
67 204
308 386
116 368
7 17
149 178
161 354
200 267
383 509
95 173
161 506
12 105
105 107
204 303
60 283
524 589
33 479
94 575
179 199
258 277
32 370
117 197
67 523
322 494
80 466
312 431
44 176
306 407
245 491
302 595
28 512
494 501
207 292
286 350
124 402
18 272
440 486
371 385
158 473
42 123
428 516
367 466
1 351
168 315
552 571
101 394
184 221
225 548
54 403
128 270
242 390
218 332
45 322
9 552
225 328
122 370
451 592
123 208
13 91
273 565
243 308
111 496
194 242
130 196
364 490
52 379
224 530
188 434
175 422
79 372
24 435
175 286
107 327
156 281
122 555
320 500
20 144
369 537
350 474
358 509
315 590
374 471
320 579
256 572
117 289
103 273
211 486
24 446
235 296
276 447
120 443
400 444
49 421
523 543
140 197
320 535
296 441
272 518
30 211
94 248
549 564
372 526
351 487
441 455
239 528
107 279
556 582
406 563
142 357
311 414
214 327
318 342
153 331
86 487
313 403
513 554
224 239
474 499
512 539
125 153
144 504
92 147
261 286
241 457
205 221
6 363
30 574
70 455
48 347
86 396
435 557
408 530
214 240
20 224
15 356
228 571
86 370
32 354
209 590
251 558
25 217
9 46
254 556
425 560
171 307
513 541
273 303
345 513
321 511
61 383
15 278
227 593
18 400
114 379
193 577
124 571
13 429
236 268
503 547
212 553
274 505
146 363
494 563
13 164
144 331
81 413
41 211
76 162
314 413
93 421
344 508
156 577
176 277
158 358
219 261
323 533
517 576
309 486
76 401
483 580
277 478
141 160
358 473
171 480
78 579
434 492
463 505
20 200
375 390
236 522
63 376
134 291
131 468
11 502
443 493
91 121
436 489
176 567
173 399
304 564
128 254
203 516
148 309
61 576
538 580
390 479
192 353
93 118
226 577
23 557
433 497
309 483
34 231
247 578
213 214
346 495
284 380
106 573
405 542
364 507
87 373
157 171
25 200
5 113
3 122
124 306
2 580
300 514
60 240
472 559
303 543
246 571
447 509
535 582
497 528
385 422
139 583
321 522
0 422
215 468
59 454
1 244
164 363
164 568
172 487
165 247
170 448
6 146
272 473
44 567
278 337
203 590
79 151
66 517
346 487
202 361
19 112
497 572
130 190
269 361
310 405
393 502
53 292
64 83
156 480
187 467
249 339
287 340
72 132
328 477
52 163
61 276
344 470
181 212
512 531
253 501
192 436
335 417
263 512
122 238
35 467
385 429
60 341
105 202
165 454
3 555
11 393
55 90
75 159
98 284
253 451
160 431
30 491
89 107
40 339
368 532
57 63
44 89
166 398
329 507
504 583
308 470
417 527
86 561
65 275
414 507
137 251
82 229
222 466
174 320
146 567
208 252
50 375
330 592
132 189
299 587
291 415
467 564
183 432
412 479
3 238
349 402
33 390
263 409
218 294
209 360
190 196
59 197
251 534
143 162
10 426
265 557
287 489
405 516
14 425
93 397
342 516
52 425
145 225
117 151
354 427
348 439
189 449
224 533
76 198
89 279
101 438
166 250
226 363
495 574
212 503
37 434
381 499
386 545
321 410
4 502
60 513
113 492
183 551
193 416
414 490
92 239
146 485
219 398
39 312
172 531
289 579
95 401
46 552
465 551
366 454
51 286
43 229
16 527
197 289
246 399
201 453
442 583
40 273
101 505
86 319
296 373
31 380
7 247
222 543
220 286
316 416
223 369
321 483
125 156
232 444
239 256
54 394
164 226
309 321
207 215
258 416
270 541
49 142
13 146
280 497
452 514
45 376
118 335
119 462
170 216
104 112
357 388
289 582
288 340
155 195
114 415
386 520
43 357
278 442
306 389
262 308
374 553
259 431
158 232
22 280
332 598
3 32
440 482
271 359
227 250
133 179
97 445
76 458
178 593
397 447
150 416
143 297
104 452
151 526
443 554
189 425
304 536
247 454
64 96
161 559
143 525
136 519
120 513
438 463
83 356
366 524
45 325
223 501
167 355
26 310
369 501
249 273
123 550
74 336
34 382
84 179
311 458
169 573
172 495
271 414
43 388
11 241
6 258
31 145
130 418
59 562
290 291
269 507
129 145
174 460
40 303
293 413
549 591
99 405
432 551
25 529
102 450
33 313
383 583
233 343
270 513
319 396
82 498
259 361
342 439
37 462
53 103
180 231
374 407 94 260 547 362 106 178 258 261 411 130 449 456 560 331 38 62 19 35 188 273 429 42 138 51 314 507 19 413 474 33 49 254 411 178 512 57 503 380 585 523 110 362 551 313 222 577 268 566 493 236 136 587 270 217 222 208 183 408 411 536 168 102 416 276 394 138 331 543 531 24 402 347 167 5 423 17 393 169 321 519 61 536 302 305 154 383 179 424 402 269 428 304 383 498 420 548 96 393 301 42 103 259 559 93 367 553 136 178 448 486 585 371 45 293 563 78 580 593 547 293 547 396 585 278 147 222 591 544 338 550 424 181 569 299 527 28 206 493 93 120 350 337 242 466 584 80 201 503 86 31 237 490 81 227 166 492 237 195 21 257 63 500 236 319 356 158 207 498 129 2 510 42 504 565 427 209 453 273 157 371 500 185 535 414 400 326 424 154 49 262 436 595 584 418 89 118 246 597 326 475 383 561 15 74 419 524 277 64 107 479 376 531 388 299 546 413 47 200 327 352 200 204 398 493 563 67 499 155 115 320 329 350 431 390 573 418 529 218 331 121 354 443 199 587 595 559 194 68 60 155 482 76 132 34 522 535 37 408 328 264 303 353 157 410 484 58 321 314 496 423 400 158 199 145 432 175 158 307 194 530 387 73 36 548 359 369 314 454 446 307 188 462 268 474 438 569 339 331 585 394 458 9 141 15 47 106 119 25 8 149 349 304 319 144 406 288 467 87 518 493 195 178 250 373 379 554 195 489 323 73 533 319 54 206 281 509 490 4 79 287 291 334 519 122 565 382 11 404 570 563 5 484 376 239 227 488 238 153 93 317 223 170 512 73 136 580 528 489 502 569 566 586 102 393 232 332 120 11 497 42 416 465 553 365 278 596 502 19 152 521 463 309 273 348 281 120 296 107 313 97 178 117 357 291 437 558 17 297 3 130 240 410 293 224 546 351 40 85 142 579 18 84 75 529 226 67 430 330 104 455 82 137 72 469 76 486 214 382 54 164 594 0 268 248 457 476 141 296 428 191 497 501 261 188 210 485 348 466 543 517 85 32 348 64 438 371 323 404 384 369 85 570 572 511 501 42 351 312 344 122 315 512 395 216 207 285 490 158 149 546 527 49 492 505 157 454 122 245 423 184 574 182 42 501 163 345 122 39 529 386 363 93 288 241 402 581 235 554 228 106 122 1 232 228 237 319 434 252 331 270 235 294 124 85 241 249 97 355 61 449 471 87 237 157 393 357 33 562 166 445 540 379 25 49 256 135 245 90 507 413 271 457 563 506 571 420 538 578 288 120 197 576 59 419 102 227 3 503 47 166 518 421 577 457 390 202 447 24 441 109 436 133 59 536 92 341 582 402
715 551
905 995
535 820
960 876
217 303
55 310
690 425
208 139
605 849
962 73
224 505
292 313
809 374
701 510
666 121
484 361
185 307
173 127
269 571
606 179
442 624
186 563
504 801
697 20
873 73
404 653
53 576
315 247
736 979
244 239
741 853
946 642
958 900
480 916
884 10
49 924
36 724
30 120
134 269
923 352
245 945
677 778
25 13
179 384
695 342
261 668
992 43
269 787
326 34
209 400
418 849
751 706
755 127
10 994
333 972
300 805
172 913
371 662
656 4
260 170
598 256
378 435
330 634
334 663
589 343
798 840
338 351
134 958
574 231
307 651
81 179
555 56
593 95
494 503
527 715
178 80
805 172
613 282
307 77
389 264
162 742
561 887
135 345
552 336
936 782
726 134
873 926
103 152
395 560
717 329
319 823
764 484
359 738
316 409
664 609
893 151
605 323
921 949
995 708
47 502
293 191
345 913
897 544
114 996
678 226
811 331
112 277
771 320
462 379
499 311
140 844
703 169
661 201
29 319
779 34
280 461
766 363
335 224
280 381
52 134
508 263
807 474
992 918
70 48
971 210
556 524
806 200
694 744
572 156
914 585
729 789
60 902
632 94
963 708
705 47
341 327
368 380
861 466
249 77
388 463
307 133
947 471
222 468
808 90
424 567
983 584
707 445
311 739
592 780
868 503
644 461
389 201
253 361
555 498
303 506
123 824
570 467
532 462
386 535
237 29
972 448
870 836
829 140
773 158
645 490
217 176
873 579
521 590
59 705
115 318
151 665
511 432
760 978
899 109
393 41
775 623
654 373
705 246
836 497
939 722
895 37
11 382
619 151
845 732
976 790
312 576
528 80
24 802
36 273
643 143
739 814
59 824
609 23
601 462
366 928
105 858
761 787
307 172
817 119
974 677
388 613
502 863
855 321
122 575
176 971
989 811
896 796
68 990
111 47
98 620
842 698
692 856
45 385
619 237
648 298
85 940
212 646
355 638
590 956
811 608
769 673
982 746
209 835
126 704
443 667
965 530
622 499
814 512
938 186
158 328
731 620
947 12
360 566
503 998
479 868
83 271
677 721
345 948
981 896
411 708
628 313
376 295
386 968
536 678
898 937
793 815
970 139
196 159
610 644
280 989
807 577
833 382
117 94
107 742
551 94
238 897
406 749
938 759
627 424
901 391
862 802
822 652
580 609
609 893
699 697
743 22
603 125
385 636
688 675
886 328
491 192
857 276
289 552
215 979
314 850
837 814
333 455
670 399
455 352
739 378
477 801
537 417
911 684
569 193
997 668
430 325
772 647
514 55
420 3
408 130
653 28
683 54
32 980
561 933
542 974
674 151
131 235
855 136
811 685
34 475
768 211
686 531
984 487
176 944
25 772
213 92
912 196
467 431
564 646
627 798
62 598
849 236
951 371
470 948
506 911
99 666
586 395
430 265
126 541
865 948
433 58
596 748
223 691
489 591
51 2
284 632
246 631
708 307
944 518
964 291
158 767
530 544
631 958
313 927
361 313
297 357
517 660
480 407
822 300
270 943
468 92
550 272
118 505
473 976
607 595
538 193
777 922
347 64
169 495
931 209
738 588
778 995
461 326
627 41
921 843
551 571
512 346
168 450
362 512
780 283
85 644
871 363
717 668
670 460
938 291
420 893
173 206
271 817
797 402
178 694
932 921
786 531
408 214
104 188
8 344
404 870
297 701
409 814
553 610
765 72
984 615
672 636
849 37
383 488
629 771
752 528
626 675
201 610
136 409
941 250
411 920
231 0
331 704
281 289
311 965
146 105
836 979
288 420
877 622
949 102
308 614
843 186
968 266
421 990
502 827
39 539
263 705
873 232
504 727
686 890
530 743
787 717
432 819
529 946
874 259
746 49
587 423
266 338
729 756
123 880
943 961
262 420
757 552
401 508
204 265
704 120
262 488
899 877
59 462
741 504
217 580
925 425
869 747
401 782
14 231
841 62
574 20
370 715
383 912
111 462
647 888
77 234
420 408
447 284
333 610
978 940
926 93
310 467
101 699
651 169
919 511
88 757
734 232
471 837
240 190
60 194
993 330
405 319
835 216
454 908
343 14
133 788
60 102
395 848
771 449
912 651
222 774
16 902
103 921
327 520
629 624
4 454
927 813
322 544
713 604
179 590
977 371
924 558
619 370
442 865
532 496
186 801
585 888
585 809
253 511
729 479
643 854
830 924
297 904
528 32
897 270
776 870
14 292
482 293
203 708
744 919
743 197
432 795
75 367
703 628
423 28
159 718
248 277
78 426
417 525
340 794
847 779
905 312
581 574
366 455
284 236
553 767
674 958
552 223
760 263
273 858
89 514
370 412
231 535
377 330
598 674
841 955
624 745
132 916
216 232
817 68
396 176
215 331
474 752
391 683
479 678
703 966
741 406
495 627
805 442
434 116
60 767
196 666
535 897
672 997
825 847
511 207
14 595
187 892
164 868
642 651
160 815
110 380
980 550
11 678
47 63
874 681
975 96
94 352
526 230
968 851
524 107
770 6
832 426
906 823
678 88
857 906
264 140
240 717
0 787
260 974
576 704
710 402
631 555
270 536
749 648
995 156
421 769
139 314
714 910
658 565
412 382
595 515
150 152
346 89
551 843
13 628
480 154
433 452
16 73
48 871
256 208
48 411
339 134
203 200
123 639
34 658
94 794
834 457
821 735
1000 457
728 726
192 468
583 916
703 200
