600 1574 600 880 13
84 534
148 545
157 517
117 522
443 546
409 503
342 367
379 489
192 400
256 523
142 499
232 254
400 531
40 347
287 377
463 592
106 388
251 322
97 390
34 73
243 422
375 480
567 585
151 400
155 420
150 408
164 378
252 360
246 502
22 46
453 551
225 467
233 599
177 439
232 352
340 343
520 581
231 517
512 588
245 530
119 398
137 472
471 557
230 480
42 332
104 301
359 459
52 465
37 115
320 562
94 262
40 133
102 544
75 302
540 550
367 529
270 391
148 350
95 217
95 158
14 438
16 205
69 436
134 482
291 476
4 522
406 534
223 395
370 443
325 553
78 435
242 452
143 543
45 71
344 571
293 494
413 430
12 236
184 330
306 327
71 203
289 488
46 352
265 295
86 293
7 163
502 532
223 376
470 573
79 233
296 473
18 514
319 494
157 230
31 175
137 460
265 487
75 445
100 346
53 173
69 561
62 183
248 414
200 377
44 208
125 533
196 322
105 110
304 459
4 185
320 428
147 509
28 596
206 367
88 188
36 342
120 405
443 584
161 595
313 370
62 380
574 587
47 431
225 282
423 522
379 410
395 554
275 423
253 269
104 478
90 579
215 334
114 158
78 352
122 226
388 428
419 506
174 409
153 597
199 250
98 303
422 520
84 402
273 320
99 508
316 557
380 414
1 376
326 378
365 431
151 192
102 459
14 187
37 354
167 236
387 569
100 508
106 428
551 574
34 436
45 104
24 307
30 546
39 335
264 475
127 182
256 262
116 339
53 557
302 395
198 294
6 101
108 535
195 539
165 264
1 576
19 338
229 262
319 450
241 339
18 271
184 438
432 514
131 244
221 296
284 380
195 416
400 475
105 295
507 512
489 553
391 490
446 588
382 532
3 161
525 535
94 404
95 264
290 576
538 550
46 528
225 386
415 477
80 247
177 572
559 586
173 343
170 396
379 415
33 598
40 333
186 275
339 480
99 242
437 552
30 279
84 485
86 434
215 560
383 440
95 394
83 470
264 531
394 409
48 496
223 397
151 278
304 420
394 498
186 208
73 483
540 542
157 375
132 211
182 323
224 450
169 590
22 596
305 431
135 585
123 440
191 506
93 428
93 587
47 365
303 519
27 266
74 112
299 432
15 503
287 450
191 537
287 439
513 515
72 194
176 511
212 329
317 491
381 573
138 395
409 565
26 461
29 161
52 459
420 459
88 449
395 397
258 426
126 385
12 381
279 296
70 273
385 502
221 564
384 429
404 586
276 312
295 405
114 344
127 527
12 83
45 513
32 170
4 300
239 457
57 467
510 524
123 344
338 447
17 288
77 535
145 540
186 411
244 561
189 514
66 519
152 276
84 353
511 536
80 362
126 502
92 317
477 526
163 421
17 187
147 198
54 462
429 462
335 391
77 540
265 269
253 512
182 492
39 242
348 441
20 543
453 574
25 112
271 432
37 120
169 370
148 339
179 338
183 297
207 559
310 431
275 485
399 575
86 494
316 341
390 585
99 417
365 548
26 479
271 466
312 481
141 458
75 576
324 589
16 343
181 448
234 513
344 394
510 556
94 518
351 455
66 463
243 315
129 406
328 467
51 401
253 286
148 261
42 58
20 578
299 451
245 458
295 331
55 214
247 304
7 421
29 92
217 274
396 598
27 155
179 447
277 503
145 575
393 559
92 308
333 479
73 535
239 430
347 415
132 139
199 385
87 316
228 569
59 306
266 359
384 515
110 405
460 570
116 318
141 510
61 549
500 568
460 472
146 177
297 474
266 459
216 366
239 534
66 98
314 550
177 566
74 182
17 461
355 510
115 290
236 476
76 315
45 322
234 406
357 499
117 583
232 435
121 271
104 204
345 514
428 587
4 499
124 215
79 599
155 441
202 354
386 426
430 534
327 457
34 483
47 182
239 293
119 358
318 480
410 440
285 290
193 269
20 236
216 481
216 477
125 552
201 451
253 507
76 533
309 549
43 562
172 410
15 75
35 268
214 561
175 193
143 599
201 371
27 284
229 482
159 294
53 144
229 256
175 463
265 470
117 411
12 167
25 47
25 74
398 525
45 196
141 355
152 415
19 179
14 479
393 529
376 397
114 571
150 454
49 451
84 419
13 355
235 427
150 422
0 594
124 560
39 502
190 207
289 390
0 568
17 438
68 272
175 592
347 489
254 353
149 284
131 349
323 332
138 549
101 558
71 322
78 424
479 495
281 513
392 448
168 522
38 594
527 588
63 272
185 357
1 302
367 555
501 518
121 273
292 469
6 399
184 433
318 569
151 165
21 531
546 584
2 53
52 143
87 326
311 428
32 183
249 311
183 407
140 253
36 380
207 334
224 287
231 261
488 570
77 145
232 499
521 599
46 440
126 570
262 337
44 186
225 501
48 260
81 207
473 564
197 241
216 526
188 349
37 212
350 401
296 584
36 403
135 390
243 427
364 495
28 351
16 53
133 192
85 521
402 406
41 425
82 477
281 497
130 252
4 372
23 128
108 483
66 512
255 559
156 585
152 333
66 446
319 497
22 526
554 591
409 467
58 214
313 546
416 563
157 422
306 568
23 235
211 374
17 49
449 595
171 414
425 433
363 408
257 277
275 412
138 382
39 246
5 231
10 146
308 349
101 115
15 498
185 501
285 363
22 172
113 588
51 235
207 393
5 369
365 492
273 597
125 249
242 417
33 380
143 456
97 289
240 487
182 332
535 550
13 141
366 526
250 385
405 547
268 439
159 291
371 390
428 562
209 382
10 572
365 507
313 478
356 372
270 554
368 456
160 321
333 385
147 503
252 481
32 407
127 492
64 75
235 261
98 519
167 381
124 176
87 341
106 552
88 349
147 212
16 438
332 527
218 310
174 328
82 90
52 102
370 546
379 579
182 527
227 564
101 547
217 498
2 173
342 493
28 384
450 497
121 597
228 361
338 453
469 495
103 357
402 419
70 153
33 149
259 340
57 258
186 412
169 173
248 442
91 398
199 479
97 570
229 464
58 332
8 138
338 345
58 588
524 556
519 538
72 536
410 579
23 533
405 558
385 532
13 80
24 348
59 239
188 317
220 411
151 475
36 493
209 549
214 323
301 462
158 531
23 249
180 186
393 523
314 538
258 386
302 576
68 563
268 572
386 582
29 317
253 463
73 238
197 339
386 467
129 497
519 592
17 201
66 588
240 294
141 573
201 390
230 525
515 596
305 310
283 415
314 436
4 103
393 555
124 511
144 590
119 157
42 588
130 360
472 593
271 371
120 354
84 506
351 596
103 499
216 252
4 356
52 359
226 237
98 505
541 589
239 267
168 232
137 570
123 553
24 441
426 499
137 289
70 587
196 513
171 599
51 260
233 521
79 368
97 201
129 494
5 339
290 445
95 498
446 505
64 445
372 464
255 523
233 321
116 241
83 240
308 317
238 535
272 421
276 479
330 343
50 128
244 323
211 355
48 401
222 481
196 251
244 308
356 411
44 263
28 526
413 485
225 511
118 571
589 593
3 449
77 550
315 417
5 480
383 424
111 283
270 454
40 152
475 531
14 557
191 254
225 536
38 224
55 505
472 508
480 569
51 350
51 148
52 599
348 420
21 118
541 552
25 56
429 515
541 593
343 425
77 525
150 581
310 365
157 243
237 538
165 302
114 394
18 189
460 502
166 426
57 89
221 326
23 50
270 422
247 374
251 268
54 513
381 470
52 543
75 217
290 363
9 551
140 421
444 525
108 238
71 104
166 357
73 108
402 537
163 507
139 524
31 193
44 306
75 212
75 274
72 373
15 217
340 425
271 299
522 583
224 319
198 329
143 368
128 496
38 434
241 504
417 508
120 547
49 184
222 364
456 476
28 366
79 277
89 154
57 154
119 150
165 475
297 367
242 490
13 374
361 504
324 541
142 168
43 585
89 426
97 288
308 491
21 344
2 343
148 401
186 500
85 233
43 135
30 301
211 524
233 577
246 382
94 586
127 507
131 308
84 413
336 494
60 401
28 455
227 384
433 451
91 285
239 494
337 501
326 341
18 597
525 569
35 572
65 515
357 426
174 233
46 410
209 309
252 477
317 449
538 540
223 302
130 276
39 460
133 347
167 245
96 159
106 125
397 554
369 480
360 415
430 485
187 461
139 210
85 414
137 593
387 535
456 543
191 596
248 403
83 487
486 587
34 69
46 191
112 131
280 535
57 78
47 74
56 349
382 591
387 525
120 487
3 595
54 429
59 267
7 253
63 563
98 446
65 513
392 394
359 414
180 372
303 538
198 202
41 259
221 222
17 97
346 552
145 525
171 359
175 253
337 518
370 484
542 575
262 518
213 414
119 422
200 224
525 575
63 195
56 131
276 333
190 248
125 346
136 140
176 518
59 457
426 582
231 369
237 519
379 440
326 584
47 492
154 258
346 417
120 240
62 396
170 598
124 518
67 210
191 419
162 577
9 70
416 573
481 516
165 274
71 251
38 200
61 138
239 485
100 541
234 281
25 431
110 295
262 404
8 549
352 528
289 589
358 525
318 361
94 215
254 506
26 250
389 417
195 269
95 531
72 321
104 203
39 508
254 528
167 458
279 584
177 200
384 473
391 422
355 374
206 555
111 579
189 597
14 495
76 427
82 526
161 241
50 249
279 546
276 495
312 495
155 459
257 565
160 190
275 411
16 330
60 545
251 281
273 466
516 564
6 398
424 440
562 567
135 320
242 389
37 75
133 489
293 434
327 568
180 464
125 311
265 539
176 501
264 274
126 460
28 227
11 105
267 485
21 123
92 483
122 237
166 582
192 325
113 512
40 532
235 533
138 151
60 496
41 432
96 476
99 452
27 441
149 598
380 403
255 404
277 565
241 318
158 394
49 201
0 434
68 556
164 169
196 281
310 580
105 122
159 198
144 316
319 336
57 435
299 433
105 193
220 372
278 302
334 586
106 567
108 361
219 243
179 468
178 320
282 328
9 179
23 48
112 244
11 265
55 436
261 427
112 323
369 517
129 534
44 568
183 474
22 351
96 236
84 254
231 427
298 514
57 181
330 438
330 433
296 564
118 158
364 481
389 490
33 62
277 456
438 471
178 273
551 587
81 124
156 390
210 272
194 321
218 580
346 437
114 118
501 582
91 150
213 418
38 146
279 301
127 365
93 128
501 511
281 287
411 583
212 503
37 547
384 564
437 541
507 527
189 298
194 577
34 308
18 432
360 477
228 387
267 275
142 522
79 257
285 398
159 476
178 428
67 272
161 504
61 133
392 467
153 298
82 579
470 487
137 488
178 587
14 107
206 393
116 480
42 527
57 386
181 467
217 264
415 489
384 596
107 469
326 590
367 403
283 477
352 424
136 421
117 423
301 546
123 325
439 572
315 389
167 573
177 287
170 407
150 520
202 329
14 26
406 537
134 229
216 516
89 499
12 294
402 534
327 434
55 69
203 478
68 139
97 126
194 282
227 366
403 442
10 566
313 484
236 530
277 476
263 267
567 589
31 226
220 356
89 435
306 457
269 539
174 282
207 248
188 491
331 487
371 451
292 341
416 539
324 567
5 261
245 578
138 554
79 456
103 185
134 464
129 234
257 409
345 447
323 561
300 372
465 544
1 223
16 557
63 286
102 465
256 404
98 314
144 173
93 311
362 458
361 483
231 243
40 549
515 537
179 345
80 465
247 420
251 439
540 575
335 591
109 449
343 433
111 415
292 364
184 451
206 529
204 462
301 473
326 364
8 309
403 418
80 578
31 105
70 551
237 542
230 569
284 359
366 564
364 469
255 586
373 536
5 148
281 450
88 109
300 482
271 273
183 529
122 558
120 331
7 140
267 412
1 363
228 318
232 528
373 511
448 467
277 409
331 405
324 552
409 498
124 373
222 564
73 280
133 151
174 257
67 163
165 278
159 503
434 457
170 307
62 493
478 484
40 209
134 300
41 299
55 98
428 486
27 149
59 263
101 399
9 453
172 526
308 561
6 575
276 415
476 503
7 136
358 444
79 174
78 181
352 440
1 454
15 409
139 556
219 517
198 240
153 273
60 148
205 330
123 379
398 444
219 231
296 326
81 334
518 560
81 215
179 298
291 503
241 595
110 122
353 485
192 553
22 191
356 583
298 597
230 375
304 544
243 389
58 505
61 151
246 335
252 312
203 251
70 178
81 160
101 290
416 510
111 379
352 435
113 507
150 270
388 567
185 337
82 111
299 371
1 408
420 441
19 468
363 576
14 341
24 598
25 131
80 544
31 519
180 220
26 288
288 461
156 289
414 442
358 398
250 288
83 381
43 320
173 590
3 317
19 453
132 524
301 384
270 376
86 224
72 160
398 575
416 470
161 361
248 321
556 563
289 585
29 483
376 454
272 286
344 448
53 316
107 292
370 378
194 225
9 298
132 210
422 581
34 92
74 323
20 245
33 396
63 416
4 583
130 312
117 275
48 235
309 382
169 378
248 555
378 443
1 150
242 335
418 442
98 436
175 269
166 185
321 577
66 592
301 429
157 358
27 598
282 467
342 403
458 573
13 362
187 438
181 424
51 261
91 119
44 412
382 502
2 16
320 466
369 375
11 269
503 509
52 578
263 412
85 248
508 593
342 474
133 549
146 566
280 550
215 586
181 383
138 591
20 52
280 314
366 516
82 283
12 96
113 527
228 535
45 54
32 396
179 514
233 248
218 548
9 153
115 547
198 212
63 269
75 165
481 564
164 370
391 591
406 515
22 410
4 142
346 533
547 558
307 598
48 128
141 416
242 391
34 561
45 204
56 580
404 523
133 553
142 232
15 212
585 589
270 397
386 501
26 199
126 250
349 491
89 258
297 529
118 531
371 466
166 501
26 187
237 540
135 466
147 159
81 373
160 373
21 571
90 172
265 416
64 115
76 417
441 598
29 361
422 490
465 578
255 393
107 495
214 505
25 580
362 578
367 474
38 86
455 596
162 233
159 509
68 210
110 558
353 423
137 589
37 329
169 326
278 395
359 599
209 532
183 493
224 494
49 438
245 362
100 417
37 64
434 594
31 592
213 380
6 285
106 311
129 239
106 324
65 406
108 228
120 202
328 409
3 29
109 595
235 260
427 533
523 529
23 125
129 336
537 596
186 220
97 488
300 464
243 490
153 97 578 412 363 497 462 203 249 72 321 304 451 264 114 105 323 486 433 173 111 521 444 124 521 590 416 117 78 222 475 277 548 485 368 34 415 281 321 149 15 590 287 495 573 13 399 395 323 330 128 178 273 208 583 327 88 167 395 238 434 132 110 502 195 438 248 461 61 489 398 507 418 498 355 93 111 549 268 366 106 391 46 582 209 81 584 78 594 486 323 52 26 251 222 131 585 182 157 238 19 49 594 445 249 452 226 247 426 67 302 421 292 186 154 252 473 547 317 451 551 232 405 295 132 215 598 249 310 355 69 531 503 366 424 468 83 521 186 241 486 158 359 176 250 211 150 301 62 499 161 547 523 63 397 86 597 86 348 428 397 402 564 198 301 305 112 270 92 75 566 238 510 479 448 155 346 341 35 36 65 11 13 406 424 258 555 18 206 146 404 130 266 463 255 122 527 368 491 135 552 117 23 213 456 153 45 497 6 328 465 270 571 46 256 538 449 298 571 394 127 303 28 495 28 201 218 32 65 126 427 117 53 140 8 168 299 466 479 362 521 244 522 198 553 478 303 157 418 384 108 370 448 422 410 193 475 346 194 191 54 17 61 136 9 501 556 380 317 313 330 239 96 165 72 415 404 183 554 162 391 375 508 202 294 517 494 593 44 286 465 87 197 155 413 170 272 428 417 194 584 328 38 252 499 467 370 283 412 271 373 528 332 230 419 394 51 302 335 7 273 272 229 18 179 228 416 4 547 164 505 193 271 284 462 160 489 382 253 172 98 13 28 51 449 164 159 567 513 252 573 75 192 405 115 555 282 385 153 368 298 432 197 535 125 569 64 513 532 258 64 409 349 384 341 251 185 591 197 12 394 197 550 575 201 31 98 522 154 597 88 73 550 66 58 42 311 424 49 436 561 132 295 282 430 248 240 276 135 280 466 48 338 145 92 275 364 591 434 112 509 374 413 220 208 221 72 339 505 390 261 313 456 290 212 599 563 441 565 498 135 365 288 486 149 453 581 383 229 552 221 467 532 453 399 264 57 136 284 533 61 557 392 484 331 124 312 236 405 130 197 108 447 379 431 132 198 191 76 195 290 112 283 417 264 57 558 586 164 178 533 588 290 376 215 417 163 500 119 87 465 93 22 380 12 181 303 184 410 472 183 112 504 65 383 250 392 466 464 162 387 156 57 84 418 21 19 47 567 269 343 550 165 224 250 239 9 148 108 14 242 143 489 90 259 484 139 353 379 125 366 309 475 245 261 374 484 344 352 168 497 573 16 115 216 554 353 410 186 413 574 27 502 11 593 287 335 549 542 495 382 517 559 183 170 106 342 344 172 518 433 374 283 96 209 452 152 357 407 393
796 999
448 393
952 394
281 59
548 866
472 135
353 346
40 303
590 398
889 52
971 987
175 400
216 561
67 575
855 435
371 603
920 386
801 322
906 131
970 26
179 622
543 563
658 701
643 63
1 821
86 116
801 394
87 816
766 643
277 114
929 632
199 324
70 992
86 870
217 155
987 952
140 930
332 448
856 950
636 295
658 460
938 274
85 221
796 145
702 957
907 781
624 683
52 141
573 39
843 286
681 50
522 100
206 704
945 426
875 741
172 205
155 71
486 746
108 213
737 931
456 3
567 422
98 909
87 444
390 469
833 784
145 269
1 371
54 458
191 181
861 56
946 796
343 801
252 189
76 153
403 490
589 174
309 249
504 711
289 715
92 647
320 862
687 587
224 511
723 807
247 768
813 937
911 478
205 8
515 789
688 622
423 330
235 118
712 10
373 929
430 562
226 583
773 295
200 242
629 249
647 185
325 380
136 697
510 859
945 740
178 346
698 111
853 472
297 176
234 15
239 400
650 563
115 124
73 253
497 604
354 425
402 87
600 894
487 579
446 290
277 449
901 152
257 346
589 544
385 843
653 102
735 337
31 204
603 15
795 833
720 502
158 112
6 519
591 470
485 978
813 171
44 328
730 223
571 379
12 492
58 355
109 546
565 830
226 713
945 464
340 287
940 958
320 543
485 68
99 843
456 339
535 468
689 467
879 89
497 774
63 788
796 194
477 254
465 581
278 581
317 831
292 93
288 783
14 277
980 571
474 476
458 855
169 560
606 827
983 518
22 904
191 785
667 645
972 417
321 731
147 333
416 851
945 913
823 77
940 39
550 997
512 663
65 175
155 993
868 288
449 898
642 949
815 366
208 36
935 128
290 866
671 760
547 533
154 356
347 751
117 448
910 802
402 20
293 540
730 403
892 939
837 240
292 491
984 759
920 758
929 357
253 955
291 912
688 978
627 416
23 416
1 575
351 531
181 871
155 181
374 900
755 565
426 528
23 2
514 193
580 961
857 577
834 554
478 427
857 898
398 774
226 328
794 642
342 187
421 990
424 227
523 160
548 752
269 754
818 799
569 93
192 566
247 315
276 188
781 877
271 500
345 76
604 264
519 218
130 141
154 582
641 353
46 692
271 817
662 79
737 376
934 846
738 535
86 329
618 764
311 959
346 998
314 688
475 790
968 268
544 43
529 136
400 962
698 923
448 519
180 448
109 770
692 901
997 880
150 416
504 356
906 186
40 368
859 107
436 497
659 900
715 480
293 659
499 458
903 617
284 228
907 833
367 739
679 553
140 824
377 347
84 355
913 883
762 351
766 210
367 395
301 588
854 498
798 917
260 534
217 427
871 614
205 962
910 84
907 207
471 951
914 667
453 435
213 264
68 703
77 69
732 958
7 862
184 137
622 389
34 82
695 85
770 520
982 682
233 256
586 202
918 445
237 76
356 125
849 869
805 114
296 803
932 825
118 166
707 165
574 519
924 533
750 973
418 698
332 503
902 336
243 449
72 196
686 433
320 895
621 319
814 855
448 926
991 17
397 55
993 286
873 485
198 928
944 339
529 605
985 83
637 129
644 483
5 765
169 47
517 63
717 686
560 705
648 861
309 465
32 577
535 922
487 854
425 280
150 768
696 495
306 141
103 597
411 368
822 535
3 141
762 611
222 930
248 702
496 174
982 593
853 195
522 955
345 824
8 601
465 206
481 405
891 889
960 563
609 604
111 868
186 523
621 364
533 667
798 677
700 405
449 782
363 216
744 120
570 230
823 197
536 307
441 641
278 967
433 604
503 423
78 898
504 384
407 314
311 344
520 523
518 42
752 769
201 880
353 978
254 415
782 780
39 999
438 366
403 650
636 654
573 906
657 923
728 828
188 813
663 507
135 482
644 225
211 856
714 783
23 704
14 324
503 311
627 862
566 675
955 299
493 821
564 157
740 77
866 699
752 854
43 109
963 225
902 278
811 964
507 747
216 196
643 161
828 323
949 882
577 654
47 813
232 843
950 595
401 286
393 442
142 247
972 56
462 655
248 33
876 864
874 250
621 278
894 1
475 367
754 678
230 675
779 932
130 576
111 732
707 307
787 355
887 699
124 286
512 981
133 670
828 139
447 681
928 13
831 504
167 499
873 393
688 237
848 605
185 972
485 516
254 623
710 537
971 712
773 434
457 150
788 546
447 976
267 158
999 698
701 855
740 44
221 463
758 250
611 507
558 259
214 60
30 170
156 954
802 890
809 454
547 3
847 848
395 576
542 838
657 996
438 870
678 340
333 586
336 110
160 225
686 791
19 248
671 217
299 565
78 513
402 824
94 268
857 788
950 144
851 737
793 567
484 197
402 898
200 284
481 320
224 774
584 862
325 986
8 547
388 265
716 618
49 222
597 744
227 980
184 597
488 553
651 420
617 122
776 822
302 205
374 776
750 748
252 291
158 444
293 283
678 194
282 317
217 655
114 692
426 13
951 624
304 414
22 32
602 429
279 251
851 25
670 124
586 500
555 353
266 924
38 497
887 416
291 391
296 933
387 872
168 158
766 122
70 488
819 592
341 667
965 955
732 145
696 999
394 184
735 283
517 587
964 931
151 527
864 2
324 311
401 412
306 751
118 627
642 622
111 55
456 315
463 833
544 887
919 586
773 174
321 925
782 54
95 241
736 194
953 502
581 326
150 291
713 203
825 998
280 31
761 701
896 112
44 855
240 742
