600 1327 600 839 16
25 551
85 358
195 405
27 88
49 331
33 218
48 238
23 83
56 139
175 496
374 586
229 297
36 422
150 263
292 436
221 596
124 406
408 586
4 232
185 392
89 564
192 210
177 436
239 345
467 598
254 271
226 539
58 554
241 576
84 557
46 132
131 395
268 320
188 461
98 278
508 539
10 195
47 414
393 459
265 452
89 376
151 418
57 592
408 450
298 342
112 351
270 343
383 566
245 420
397 556
116 270
33 78
258 402
167 457
190 553
133 190
459 540
375 523
150 595
201 371
182 283
256 477
146 210
148 256
19 113
43 564
288 516
291 297
261 380
16 147
187 489
211 559
74 439
72 394
244 281
388 459
439 443
168 329
168 553
121 383
142 407
228 332
145 502
208 218
131 214
31 198
117 240
249 298
273 503
132 548
148 587
14 283
432 549
484 581
230 353
494 538
79 81
75 488
8 195
237 460
80 517
62 334
37 170
421 428
422 587
311 449
12 573
77 313
12 596
58 479
119 579
34 485
83 439
454 592
8 369
455 564
49 585
24 37
264 306
32 88
360 598
485 523
267 439
79 541
185 311
37 390
518 546
255 286
417 520
284 296
441 540
288 420
137 309
70 575
97 324
139 472
422 510
363 409
237 281
108 314
386 590
20 312
97 440
9 291
367 496
218 584
107 300
347 578
279 552
84 485
209 579
78 429
202 520
404 491
278 557
44 344
67 580
114 365
240 550
406 571
47 202
445 536
283 497
412 432
250 371
73 230
469 586
221 594
102 586
13 335
230 389
157 351
251 341
56 412
66 425
40 538
365 447
7 114
308 575
31 243
19 289
291 555
109 345
242 376
152 354
162 482
82 286
51 133
186 583
91 243
434 531
105 350
96 217
296 529
75 468
319 376
89 142
381 545
115 435
172 364
239 537
163 513
363 516
172 460
42 597
96 510
218 362
81 104
283 340
141 222
442 576
345 537
47 118
451 471
40 494
240 555
345 349
45 472
175 427
125 404
40 534
159 537
522 548
488 502
279 511
57 551
213 359
397 507
129 578
327 334
245 466
193 377
181 490
40 519
217 390
15 542
197 257
120 453
61 134
197 329
164 346
361 553
128 363
498 518
206 322
274 591
94 319
204 222
37 500
82 465
434 554
355 411
353 389
220 499
391 590
289 424
501 504
174 327
436 437
138 549
342 358
177 292
83 315
293 433
221 598
445 576
245 288
357 516
46 87
86 271
124 571
36 587
305 353
45 549
58 419
231 508
335 589
164 471
555 594
60 276
240 294
128 516
153 427
62 208
253 361
87 308
504 581
136 285
88 520
267 443
375 428
93 131
32 318
309 570
6 527
16 445
320 360
397 445
144 444
207 597
386 391
72 233
10 387
166 287
205 533
6 261
128 429
372 486
187 266
277 543
150 435
391 415
50 408
22 574
240 462
446 558
255 542
294 297
532 580
90 265
60 577
50 290
304 585
13 345
15 435
95 312
258 512
25 561
179 187
16 507
43 299
345 407
349 537
159 286
260 315
321 368
123 482
34 557
73 595
12 156
316 592
353 502
276 532
9 596
54 520
111 187
180 287
84 328
262 303
50 450
421 476
322 560
453 461
427 506
274 452
49 261
579 586
366 505
238 583
157 437
182 284
76 258
264 566
211 305
157 416
270 364
105 509
196 456
219 597
17 281
75 313
187 358
223 455
153 496
227 346
155 483
257 463
243 446
38 545
244 572
82 577
25 316
503 568
294 400
457 510
149 217
18 235
239 348
495 558
467 503
169 450
170 500
155 344
90 216
68 279
143 395
132 295
292 448
108 389
251 579
18 157
92 495
451 504
0 401
371 593
207 386
396 485
312 413
55 241
146 478
30 409
428 476
218 403
19 248
106 185
362 539
7 442
65 244
402 512
309 444
123 458
73 353
6 380
26 504
89 109
205 332
156 390
527 585
59 522
75 578
144 433
146 192
173 430
59 423
93 503
5 136
64 498
350 542
9 71
157 526
165 570
136 533
207 391
299 525
45 367
118 532
404 495
251 354
183 506
184 371
356 594
256 545
179 256
254 433
152 189
100 320
139 338
411 424
46 548
19 528
56 98
537 542
321 429
451 501
197 394
39 471
301 352
115 565
172 473
22 571
91 558
212 551
149 510
72 504
241 442
107 359
10 83
1 353
341 455
55 445
42 402
113 289
389 407
169 283
188 453
377 449
85 562
43 272
180 344
311 599
145 525
100 268
345 348
147 234
139 549
63 549
153 499
85 381
3 220
112 526
41 155
124 290
189 579
475 531
474 577
197 306
393 597
437 448
74 193
91 446
216 555
110 334
57 140
202 544
159 349
10 267
220 496
42 512
106 225
465 565
404 558
85 266
372 501
375 485
420 466
78 218
349 474
407 564
37 426
101 430
46 127
204 281
113 411
556 582
168 355
49 364
293 294
276 580
3 517
38 511
51 176
240 274
262 415
35 182
214 492
261 585
266 358
13 474
99 535
40 523
156 268
41 252
309 317
163 327
0 337
189 280
203 460
282 315
64 323
246 275
533 574
192 541
326 329
201 234
172 203
271 433
362 584
209 418
490 530
9 279
239 542
245 452
550 555
260 387
28 62
148 511
160 440
325 410
193 213
90 568
5 244
119 296
50 379
180 198
54 417
317 570
138 412
83 308
320 598
242 319
169 408
250 582
129 563
253 487
233 501
188 464
289 486
103 377
409 543
170 457
386 597
69 489
130 375
174 196
171 214
2 161
269 351
98 150
21 459
167 510
159 542
269 416
66 93
262 454
82 496
12 68
231 470
28 101
205 423
435 588
351 526
130 235
67 532
20 474
183 259
326 373
214 482
101 173
320 515
477 587
339 434
45 220
203 293
374 398
378 443
24 560
53 302
96 573
458 482
94 387
284 307
18 476
158 427
7 185
253 554
283 586
97 400
211 347
110 174
248 309
122 285
13 349
342 528
337 553
89 341
25 57
129 347
545 562
65 572
27 202
173 478
235 302
82 367
315 387
187 342
522 583
208 569
291 596
128 162
96 149
267 378
48 186
340 518
28 478
303 597
225 301
385 438
148 477
9 552
534 538
200 227
213 300
99 370
331 343
481 525
45 465
152 186
96 524
132 238
61 102
348 407
39 528
17 236
203 281
521 535
249 271
34 519
511 524
115 286
369 378
232 505
168 361
47 544
129 302
74 359
167 422
202 414
359 443
106 392
238 295
305 538
11 549
310 592
409 466
162 357
87 301
257 306
151 493
102 134
385 539
444 491
363 420
169 497
79 110
248 317
39 187
369 405
521 536
191 257
240 265
44 129
114 599
246 527
116 331
42 258
86 249
261 331
313 563
194 483
5 65
436 461
54 88
207 303
511 562
231 513
128 539
421 514
422 524
31 434
302 347
357 425
193 359
272 418
43 389
222 274
110 456
285 470
257 394
284 469
107 593
106 163
232 366
497 527
291 356
78 321
325 480
220 367
209 272
292 483
52 80
577 580
252 483
364 473
375 534
248 404
326 411
56 278
114 442
130 559
154 587
23 439
377 575
63 472
62 368
100 135
25 480
149 390
201 556
100 515
290 379
262 393
264 463
77 525
425 568
106 423
434 505
302 483
99 442
83 575
160 358
181 562
66 123
263 338
13 109
84 514
234 507
323 498
98 519
324 490
25 410
74 443
332 522
136 385
229 490
448 483
157 483
410 480
139 432
162 321
14 497
87 315
52 517
86 165
367 465
187 346
75 305
153 158
93 273
144 293
268 596
536 556
98 263
221 356
89 318
5 290
108 525
142 345
198 434
162 429
23 575
281 572
180 546
13 589
2 151
21 384
4 366
89 455
211 302
333 354
58 505
158 499
3 80
277 452
305 488
102 374
26 227
234 397
103 184
44 155
337 401
91 546
87 282
17 141
22 61
356 596
372 451
9 229
199 597
181 229
139 263
120 316
323 481
14 91
184 365
236 572
130 302
246 450
46 295
32 335
15 230
117 203
45 63
66 273
418 529
337 404
276 506
122 533
226 236
250 431
347 468
70 308
233 394
111 256
113 401
565 588
57 454
219 512
380 558
98 557
35 296
92 475
328 557
153 220
387 405
259 506
277 591
31 180
288 425
55 576
363 539
338 435
54 319
117 204
145 314
19 317
82 115
143 492
14 546
13 20
92 531
53 157
130 211
140 262
147 215
233 373
341 547
160 298
467 515
184 300
128 584
230 509
69 179
175 183
228 423
420 516
149 170
92 446
247 503
103 193
383 540
147 371
285 385
245 568
276 577
3 549
401 404
72 501
32 319
505 554
208 403
129 194
19 570
334 569
133 361
233 486
248 491
151 272
268 360
66 458
176 554
272 299
34 84
174 392
57 316
323 563
223 564
229 294
41 344
282 387
191 384
189 333
72 581
351 416
273 425
41 180
4 41
237 275
14 340
310 419
111 266
136 438
194 302
400 433
406 408
298 440
115 255
111 381
330 480
481 563
135 268
16 397
41 198
224 540
182 340
238 282
247 594
135 206
20 29
61 280
122 231
21 388
7 599
275 304
97 530
65 385
415 590
324 400
101 368
428 514
465 472
193 300
523 534
140 551
16 55
170 336
327 513
191 463
181 530
75 77
239 350
46 301
18 112
56 263
129 313
130 534
2 498
190 337
283 408
361 441
114 447
212 262
222 543
143 430
270 444
485 514
308 352
19 372
139 588
24 390
33 368
27 335
322 395
200 451
69 227
25 461
166 180
162 171
109 589
177 483
59 127
114 241
23 193
119 529
27 520
212 415
436 464
13 413
75 145
7 178
322 515
42 388
197 373
161 493
333 579
328 514
90 503
97 490
156 573
215 365
17 543
67 95
236 281
125 380
261 527
329 373
48 583
356 555
1 389
249 570
71 291
353 494
385 470
92 558
188 436
265 568
166 546
101 321
306 329
199 219
76 257
271 298
119 284
42 191
419 487
444 473
30 226
8 405
398 571
196 442
78 584
81 521
240 293
384 463
22 124
318 319
62 192
224 454
495 531
210 567
89 345
371 431
150 230
79 442
26 581
224 310
185 599
144 165
403 569
103 447
441 566
396 514
307 586
464 505
15 115
300 593
320 467
398 406
119 469
53 399
234 556
306 463
270 473
65 226
0 411
68 524
296 493
200 504
235 399
43 407
104 146
154 457
94 238
171 430
275 450
34 523
197 233
382 467
86 144
305 559
66 214
240 452
155 194
416 437
343 491
411 553
241 365
104 567
73 494
499 517
226 572
153 175
148 545
453 479
120 419
231 569
157 399
223 579
534 559
133 339
35 161
271 400
326 424
125 343
18 399
121 463
445 535
445 521
67 118
127 301
316 419
82 565
18 375
118 312
232 483
104 541
88 319
54 94
29 580
97 160
170 426
186 280
351 421
246 585
134 374
236 409
108 299
362 508
282 295
105 407
21 540
103 365
343 380
164 451
144 254
406 586
216 550
374 406
190 531
42 219
86 570
51 361
47 417
9 68
126 436
169 246
269 480
185 225
134 571
116 364
409 539
182 518
161 498
222 591
95 118
160 530
0 553
336 510
381 562
543 591
157 448
163 392
137 248
431 582
22 134
361 566
447 449
66 131
277 466
126 416
135 156
88 335
140 212
150 338
64 287
54 405
205 228
79 99
305 502
370 521
257 484
305 494
185 308
238 547
191 388
78 368
541 567
191 258
94 547
48 152
231 327
229 324
287 323
405 417
435 565
10 315
68 573
365 371
31 546
169 527
12 268
46 522
269 410
275 379
40 595
20 95
303 415
247 598
112 421
232 464
158 517
250 556
394 484
372 528
224 441
71 297
49 116
78 128
82 259
304 364
98 595
221 247
164 200
574 583
59 332
105 389
354 547
80 138
120 461
39 342
370 535
231 403
24 135
107 213
237 379
271 440
178 196
196 392
163 423
192 334
168 326
503 598
336 457
281 460
9 181
318 376
58 253
314 525
466 543
100 322
49 304
68 596
355 553
265 550
110 192
372 471
135 560
6 91
372 433 117 272 207 589 132 267 314 129 269 276 418 94 539 358 437 271 123 457 547 516 371 498 590 530 71 333 307 369 65 263 237 195 269 517 176 181 88 192 500 547 157 3 266 59 70 128 197 592 256 90 238 40 436 281 385 250 401 399 386 323 307 538 260 201 322 225 75 442 290 353 502 40 263 375 162 410 350 134 338 465 351 52 170 537 237 180 32 534 134 189 210 48 344 241 208 260 331 497 471 205 117 551 167 223 249 276 298 201 534 46 256 569 404 249 87 266 561 478 460 234 265 404 72 208 518 81 570 563 414 142 599 565 508 235 37 586 189 159 33 594 336 246 586 76 377 165 156 229 147 210 169 597 542 50 474 298 460 568 556 3 565 146 174 323 358 208 489 125 54 8 50 233 155 569 547 108 402 532 14 547 31 317 553 107 195 455 451 157 188 298 485 328 182 235 17 272 465 529 135 485 10 314 309 502 385 511 289 393 378 522 71 569 452 280 440 150 530 295 510 439 248 454 122 430 495 169 223 195 155 276 574 464 537 396 443 3 557 339 483 363 387 206 560 119 512 258 339 283 515 25 597 276 15 490 539 67 182 412 499 132 49 286 272 174 163 502 14 113 300 481 569 39 459 124 578 76 598 448 556 131 397 499 552 496 482 361 369 235 203 408 482 52 563 230 342 583 103 338 416 230 195 487 95 294 578 433 368 375 263 489 357 181 453 516 380 237 29 259 84 98 204 328 107 334 508 489 273 423 570 345 92 373 433 254 174 214 148 247 9 55 261 242 129 176 179 174 20 184 419 78 246 222 119 287 211 576 571 535 364 297 131 81 47 460 592 324 351 345 521 367 141 518 384 113 134 240 103 185 475 250 557 433 393 58 561 262 115 235 5 423 351 475 342 272 322 152 361 349 391 576 87 4 191 157 284 228 164 252 176 330 252 262 565 314 488 400 237 574 218 172 284 474 569 177 498 244 501 54 481 86 544 241 301 117 44 505 448 16 114 57 546 78 373 213 332 302 587 326 483 76 374 168 143 409 535 591 261 394 357 454 355 236 361 147 359 382 221 526 273 377 584 68 502 377 475 337 86 204 550 217 498 145 108 132 69 573 441 396 425 356 366 425 5 391 141 592 417 160 444 121 494 445 62 248 48 206 599 265 574 253 161 327 297 283 145 295 437 358 595 197 575 596 203 293 216 155 241 415 47 479 244 266 416 219 434 74 441 432 76 499 430 520 524 127 232 334 455 236 143 413 128 274 483 43 176 336 339 363 116 78 178 289 133 282 521 64 279 125 394 483 425 24 191 368 405 71 195 90 557 378 277 92 8 515 184 445 237 108 531 148 166 90 239 560 209 278 557 357
623 748
748 312
633 422
946 115
756 590
357 452
515 573
197 187
417 35
225 822
378 91
973 154
104 830
609 143
562 533
778 192
72 138
285 551
946 501
541 852
648 98
792 922
375 370
318 83
37 882
998 751
552 982
557 88
40 405
684 80
248 520
642 592
534 138
123 424
928 347
568 433
184 912
22 933
277 921
459 904
882 352
721 589
841 951
649 297
733 497
909 126
347 195
582 11
439 241
446 625
422 476
725 740
983 3
865 502
490 81
101 143
931 256
942 822
801 712
311 266
745 41
412 337
94 397
908 166
624 499
286 472
128 618
647 11
148 825
441 994
267 133
258 780
600 940
823 290
324 9
736 404
714 990
694 410
98 475
88 274
998 97
36 258
826 76
347 101
974 339
347 889
435 795
365 144
529 88
564 222
180 696
562 589
609 649
81 667
471 183
652 42
134 891
344 828
928 286
85 238
45 778
36 486
468 378
192 94
7 303
732 256
236 251
157 15
681 314
605 190
126 328
332 976
988 497
595 766
159 154
789 108
471 662
374 658
613 12
539 383
896 754
771 884
251 353
108 580
367 410
540 657
921 618
288 234
132 511
749 468
866 439
43 671
382 211
687 714
424 364
31 843
305 398
520 743
989 179
906 203
952 871
309 583
624 244
0 610
442 749
722 365
46 377
93 88
254 957
99 948
868 256
643 377
444 270
912 35
202 995
753 536
77 875
915 540
937 10
721 138
373 868
605 430
105 545
245 310
475 954
474 777
641 531
171 987
702 825
483 509
77 971
55 538
397 602
8 471
174 313
864 34
736 704
845 617
170 236
363 989
685 556
267 850
531 465
829 40
160 77
228 201
408 282
409 923
894 665
469 335
668 685
745 946
87 322
229 47
795 521
402 65
167 265
663 914
691 604
875 1000
520 974
60 47
553 47
361 610
344 635
288 329
12 805
924 960
163 411
581 334
66 349
819 420
985 880
214 23
49 609
119 116
201 715
106 912
142 451
862 970
923 84
145 771
309 635
582 278
854 839
281 205
260 489
470 999
299 297
282 799
777 257
219 385
781 604
605 888
40 79
866 467
282 522
373 536
411 206
700 199
302 716
118 189
497 205
614 579
347 497
207 617
452 543
143 736
548 769
462 831
82 16
524 296
804 574
783 757
418 772
751 139
292 990
676 953
760 990
794 53
425 133
487 606
917 885
893 237
740 884
206 670
373 929
369 39
68 829
978 605
470 690
388 783
619 312
125 674
287 665
414 534
720 27
240 616
963 274
196 848
386 312
334 545
423 169
522 509
536 429
254 381
750 111
675 506
180 590
599 800
394 468
224 777
864 586
396 696
316 766
377 181
579 405
266 753
413 846
663 338
193 42
322 168
837 477
907 925
424 582
813 364
712 896
507 432
313 137
508 784
885 809
238 172
611 63
725 434
714 319
397 130
928 773
541 808
552 172
507 150
74 742
64 461
6 753
650 478
311 800
976 666
666 834
193 349
999 295
682 884
997 722
484 635
322 313
503 330
162 343
563 123
104 983
632 719
856 215
695 671
546 491
523 263
429 879
508 656
703 528
667 216
439 957
783 468
712 230
653 158
740 214
984 543
294 180
786 301
488 288
660 802
176 774
141 564
393 898
261 9
100 775
723 801
183 469
186 525
442 667
158 110
759 626
876 90
92 429
446 7
40 218
101 50
513 903
652 863
452 404
903 428
534 197
244 91
392 15
380 497
529 621
331 935
27 712
769 838
761 911
263 428
975 995
459 101
826 922
702 287
68 918
974 956
216 275
879 885
636 955
1 698
945 409
32 135
427 417
901 487
354 759
582 738
795 982
180 439
560 702
468 45
444 452
680 259
473 478
248 549
949 657
633 792
986 240
590 95
533 27
950 925
949 595
503 19
609 349
841 743
198 565
998 464
179 948
281 268
601 828
161 632
44 978
843 13
978 440
104 509
17 551
120 13
958 207
395 734
734 645
807 181
886 615
900 590
311 431
320 54
372 825
815 809
130 236
354 6
474 725
59 168
592 603
189 134
881 561
219 131
444 514
538 942
239 656
867 710
885 849
556 265
132 290
132 996
83 598
834 883
391 561
926 710
344 696
730 918
865 650
862 126
230 587
57 702
786 421
515 404
243 407
494 925
885 145
439 696
699 105
637 623
959 469
246 984
10 408
820 667
982 696
671 447
78 555
846 530
643 990
946 375
582 871
842 779
759 365
407 974
295 826
512 712
20 579
613 380
825 336
590 679
895 59
537 552
626 461
950 57
8 991
562 907
771 331
109 699
570 957
769 654
811 17
60 112
212 447
773 223
131 962
226 917
829 994
226 332
987 379
40 746
171 550
984 61
587 469
885 313
528 60
21 190
342 275
900 375
156 862
671 366
948 534
491 557
494 869
569 373
324 856
637 665
700 5
318 359
870 402
65 202
0 130
702 164
847 358
209 505
803 837
51 302
730 181
277 608
586 49
286 948
613 549
462 221
350 225
948 175
234 696
968 811
235 861
686 786
769 690
230 728
31 48
954 314
574 636
838 394
3 855
941 735
300 901
704 473
646 266
818 121
760 806
27 329
157 679
187 396
511 824
398 400
312 497
128 846
358 334
299 107
90 184
729 92
758 428
531 335
690 32
607 990
21 6
387 248
146 481
465 581
477 419
205 961
827 157
587 164
998 929
268 638
905 829
132 46
179 734
856 283
123 796
884 949
107 727
208 161
