600 1450 600 1040 11
28 216
288 298
405 505
366 519
101 342
8 488
390 465
402 530
103 193
36 554
78 502
162 496
160 441
199 379
108 369
109 578
72 410
220 413
152 478
333 584
43 516
27 531
458 563
57 81
9 303
169 285
259 486
213 358
34 549
71 430
14 305
127 155
75 302
243 318
80 227
297 586
61 226
409 518
453 527
49 506
18 283
214 254
345 357
133 426
49 346
53 94
200 525
158 174
298 532
214 582
144 561
54 78
242 372
299 566
218 429
248 384
350 502
279 469
190 207
40 439
79 563
183 325
33 485
367 392
22 241
240 528
449 566
221 408
459 557
107 593
274 473
93 460
94 375
55 259
477 527
145 420
166 186
343 413
205 215
225 400
223 568
19 496
89 480
172 309
485 552
146 256
117 504
55 257
9 373
437 484
189 417
82 252
98 557
15 262
386 404
41 370
23 24
298 371
475 512
433 555
152 391
245 579
11 319
266 503
358 554
65 284
41 330
21 148
389 406
320 403
49 472
263 581
212 516
247 443
191 581
29 412
456 462
74 457
172 469
0 318
419 446
420 501
25 555
551 595
224 486
126 223
296 574
357 412
58 109
152 346
232 554
257 337
0 353
1 334
157 342
489 591
87 142
148 256
3 359
469 562
476 557
57 473
107 415
260 399
160 403
166 407
183 510
79 486
38 115
36 163
183 387
18 552
209 411
350 368
0 567
97 444
68 148
401 596
273 453
443 460
437 493
91 519
106 508
417 477
55 62
23 130
101 564
280 429
40 168
442 542
186 499
254 491
105 378
182 247
510 517
59 60
273 328
181 321
31 208
410 458
159 225
202 518
126 568
233 533
133 490
387 539
26 208
143 233
34 560
177 439
348 364
311 573
387 510
461 571
276 561
14 179
168 216
142 205
216 526
44 349
67 474
89 393
94 590
13 470
123 193
243 567
109 355
120 536
399 416
245 546
27 106
37 257
546 579
117 328
115 249
37 72
181 273
24 572
163 355
7 484
461 489
371 400
12 388
280 453
43 127
60 396
289 377
222 267
263 407
85 248
342 358
236 364
325 584
163 515
9 20
168 439
32 471
187 492
161 493
217 237
222 251
86 574
149 596
196 404
68 211
250 362
116 162
195 398
243 313
158 240
428 509
311 565
224 369
554 583
44 596
381 391
16 219
443 489
2 572
222 363
164 365
22 251
161 426
14 28
61 375
480 513
108 556
138 252
455 499
149 587
285 569
380 497
359 449
373 592
47 505
323 353
95 590
184 548
257 410
297 378
378 498
196 393
70 136
241 265
15 565
174 249
312 579
167 330
1 162
154 527
362 532
62 257
211 404
368 495
187 512
0 405
396 447
381 478
56 228
367 396
383 565
247 319
53 553
328 442
185 427
492 512
251 389
488 532
92 262
149 268
194 223
295 381
47 567
189 527
302 577
275 437
199 594
263 339
64 222
226 457
78 267
417 575
8 443
138 534
358 421
112 432
466 503
290 412
54 502
316 519
210 559
246 329
25 217
88 562
183 517
95 314
158 528
25 125
489 571
42 329
93 139
393 438
362 562
307 531
258 571
128 317
153 409
104 232
130 539
393 593
353 391
286 476
73 221
100 293
227 569
65 428
90 379
229 369
177 591
15 361
84 374
84 273
37 395
481 558
307 580
278 414
154 453
117 273
472 550
62 337
210 291
209 490
352 518
270 568
265 323
216 497
282 404
180 494
66 329
90 230
257 395
80 513
121 283
191 252
43 137
317 452
151 528
65 509
463 517
43 449
271 347
155 303
21 173
131 356
113 393
387 517
36 104
93 489
119 475
221 357
172 279
41 411
99 392
67 479
259 467
266 301
101 570
103 294
286 308
286 459
311 383
64 389
64 251
83 453
26 94
97 208
175 277
37 287
67 143
117 266
176 268
287 329
76 379
444 521
204 445
455 491
17 392
8 591
285 593
176 382
29 493
304 327
396 577
159 279
64 295
50 385
50 229
112 475
207 345
366 375
78 222
498 517
152 381
188 462
315 334
377 541
140 309
88 168
185 373
187 253
209 370
160 558
133 236
314 537
119 543
7 436
22 562
412 487
114 572
354 593
86 364
327 358
17 66
367 447
71 363
297 584
87 132
38 548
95 446
494 546
506 550
261 429
125 237
41 121
321 481
71 326
116 210
54 267
226 366
58 355
416 463
212 553
160 419
444 585
340 407
65 312
283 595
403 419
543 592
117 292
225 279
319 508
103 531
209 348
150 586
59 599
59 396
436 591
58 315
320 419
143 297
77 152
192 591
262 361
113 243
223 513
112 119
302 599
69 188
310 594
5 278
182 288
302 392
86 376
100 307
89 196
175 305
89 386
279 326
84 154
319 460
195 445
198 275
207 480
1 496
308 459
45 363
376 493
93 571
112 440
49 550
11 366
326 400
164 419
323 454
325 333
311 352
123 400
38 464
110 228
397 466
298 362
103 430
11 316
155 432
0 346
74 226
259 331
146 344
347 556
465 494
240 381
239 291
121 425
352 533
312 509
103 171
543 576
183 498
439 488
98 476
102 335
231 344
233 479
30 585
450 575
147 436
62 597
285 501
288 443
107 285
483 579
35 41
256 272
87 332
135 374
486 563
131 556
43 303
96 338
346 353
25 513
341 373
264 540
394 544
262 474
206 281
28 497
277 482
81 314
80 438
150 297
108 356
1 116
12 521
284 428
207 255
176 195
197 384
292 503
304 358
13 62
167 300
202 409
151 295
336 535
90 199
380 482
26 95
316 366
292 301
464 550
25 255
12 102
76 178
199 244
137 538
42 299
18 324
236 376
286 374
168 362
439 532
24 96
63 211
18 121
0 522
514 517
156 405
166 455
148 190
254 402
194 217
97 585
333 378
48 418
391 589
122 581
87 318
145 415
110 293
315 515
118 317
359 566
207 433
170 220
166 382
17 470
3 53
82 402
274 314
22 216
246 424
190 386
167 564
275 436
319 365
39 146
152 464
150 234
26 537
252 254
235 379
549 568
197 215
182 371
190 211
134 448
548 581
153 181
180 483
60 330
134 297
188 456
184 596
230 569
354 393
194 568
227 270
219 406
252 534
24 495
51 576
22 526
166 339
19 515
350 528
2 114
33 203
417 435
247 288
402 506
147 296
127 566
64 267
434 487
14 175
129 202
17 99
144 205
241 251
410 563
47 598
278 435
232 327
70 519
238 421
218 453
108 229
85 142
38 581
458 486
15 280
20 538
156 454
6 79
228 409
73 555
177 436
20 137
109 471
498 514
380 439
399 422
63 256
282 393
177 488
559 560
161 487
220 401
270 569
484 547
147 547
353 589
82 191
32 58
209 447
108 351
59 188
530 561
178 420
424 566
334 496
39 198
165 271
40 250
155 440
1 58
55 410
233 524
443 488
54 64
19 315
6 37
5 189
198 436
102 521
168 250
9 43
336 352
392 447
26 590
560 594
158 368
254 582
73 121
23 343
406 431
81 419
73 408
359 519
168 380
75 317
265 454
330 595
150 260
3 449
31 503
281 316
47 179
457 519
85 87
70 574
110 418
195 382
332 529
240 478
287 395
33 213
388 521
258 281
31 511
37 299
15 429
132 346
535 541
390 540
134 536
263 548
324 342
243 593
103 326
83 280
268 445
180 242
26 388
21 451
159 326
463 514
155 299
111 576
355 515
236 493
78 422
280 565
269 588
99 348
145 501
127 303
359 457
287 337
230 270
80 89
63 68
213 342
418 536
340 398
217 525
161 236
353 454
45 422
141 555
200 583
427 553
107 201
6 253
221 345
222 422
161 434
234 363
322 585
16 323
230 244
325 387
170 249
181 442
42 246
330 411
94 388
48 234
233 573
139 258
171 531
293 500
191 263
178 230
94 226
160 500
99 209
273 377
2 338
118 347
26 521
102 444
28 526
236 426
427 444
127 449
126 513
52 557
323 391
378 545
587 596
156 265
302 452
567 598
173 198
1 471
70 296
29 290
80 126
82 122
112 373
215 384
124 238
106 294
120 418
25 237
30 503
203 552
59 456
29 161
531 580
169 438
30 511
16 406
193 326
292 504
10 177
377 535
130 349
60 544
189 218
293 307
83 289
383 535
245 483
69 394
415 509
336 409
244 310
291 379
29 437
51 427
34 355
52 466
367 577
157 358
104 238
80 169
100 418
66 86
10 146
211 386
277 282
370 490
366 590
27 500
16 391
363 422
133 209
3 212
169 593
310 560
199 291
356 369
438 593
293 481
167 551
324 564
93 443
4 147
210 239
456 599
123 247
197 205
77 240
260 498
57 321
397 585
206 316
448 524
260 422
247 508
523 530
7 147
277 393
278 417
296 547
76 90
189 278
505 526
29 275
224 253
79 224
66 337
258 296
158 249
150 422
6 72
370 411
34 578
147 571
7 547
71 171
213 324
336 518
204 587
179 505
502 517
268 468
81 441
178 569
417 450
30 397
423 534
85 215
255 480
74 94
425 487
181 542
120 234
219 295
88 216
152 550
263 306
17 86
470 597
186 382
33 125
34 109
65 579
252 423
77 158
78 416
5 414
210 269
84 117
305 497
50 486
418 448
201 313
343 349
107 501
54 151
51 373
388 553
68 190
48 171
15 92
302 360
95 365
54 295
225 362
441 558
33 555
365 419
320 508
20 373
201 332
119 592
373 538
52 98
466 504
84 453
53 388
97 511
329 337
53 212
166 534
67 262
344 380
314 446
331 467
321 441
76 145
184 249
143 474
390 494
225 298
264 332
346 530
173 290
288 488
237 525
37 155
405 567
24 368
106 123
212 538
47 405
459 504
214 523
305 482
192 436
297 524
44 149
310 549
9 112
51 185
104 304
374 477
414 435
11 281
21 290
318 567
300 394
306 548
207 386
46 284
112 303
31 328
196 282
107 529
159 400
21 272
114 502
180 507
207 221
205 530
105 545
329 424
122 191
338 517
337 395
338 502
170 174
255 433
244 549
203 485
31 274
503 511
130 338
72 257
14 598
21 198
50 224
180 372
416 502
148 272
195 204
259 458
175 482
147 258
373 543
106 193
251 469
76 428
274 537
533 573
187 432
347 351
9 137
419 508
170 596
219 389
97 521
331 351
86 424
59 69
85 384
167 595
3 457
35 370
76 415
149 445
322 466
251 309
166 340
234 418
337 597
237 554
151 350
265 431
112 155
24 350
125 555
96 572
28 505
170 184
152 472
44 401
96 130
306 587
207 357
134 524
204 398
122 402
4 461
349 413
284 379
354 438
123 508
118 128
81 446
308 504
14 277
124 421
18 564
193 294
330 544
186 468
48 100
216 380
71 140
129 518
208 521
0 156
423 455
76 509
286 557
293 531
248 390
86 329
46 210
187 224
180 245
56 202
302 470
10 39
206 296
138 263
171 580
147 461
90 244
46 379
331 347
232 304
372 507
221 433
149 204
123 182
17 348
138 166
192 489
6 432
193 400
287 299
136 519
138 339
317 360
147 192
284 579
38 152
288 371
318 332
219 381
479 573
252 491
116 471
306 407
75 360
56 418
138 191
300 564
115 548
220 343
262 479
577 599
462 599
55 302
144 530
260 545
90 178
86 348
172 251
339 407
165 556
206 258
415 501
266 292
368 528
209 330
399 463
148 451
113 598
320 500
275 290
85 540
169 227
91 566
56 110
525 554
356 556
4 489
241 526
364 376
31 266
6 155
259 410
102 427
241 431
83 565
156 505
379 428
33 358
56 448
87 561
383 541
217 223
100 580
70 206
179 598
34 200
299 424
471 559
181 328
319 590
114 350
67 233
236 348
296 484
52 504
14 497
135 527
398 587
181 409
8 489
228 293
89 207
392 470
435 450
40 532
189 477
229 520
79 253
277 598
346 589
403 500
91 136
245 494
131 165
189 429
283 330
243 332
398 407
201 243
288 532
255 513
116 588
60 209
92 311
442 473
120 150
15 261
350 572
143 524
84 286
73 141
87 522
140 363
128 259
75 599
342 570
143 584
4 192
27 293
99 447
273 289
29 487
33 141
122 506
312 546
194 200
200 568
46 291
151 240
14 505
311 479
327 554
105 297
249 548
242 483
105 150
300 544
291 594
129 409
401 413
89 404
66 470
56 533
471 578
23 349
7 437
346 472
165 347
182 400
82 254
226 375
239 594
39 256
115 152
18 485
305 380
289 453
146 177
506 530
145 178
424 574
18 551
294 531
344 439
375 590
260 514
41 487
376 484
248 540
184 587
113 567
13 302
171 430
6 563
84 135
312 529
1 32
26 31
476 575
324 485
238 304
355 583
136 574
24 220
23 96
111 427
372 384
172 326
121 552
21 412
19 36
536 586
133 348
560 578
247 460
408 425
142 144
559 578
538 553
118 271
3 516
259 347
268 382
114 338
139 571
390 507
408 412
60 69
170 401
221 412
432 492
529 546
84 308
126 227
239 560
218 527
90 235
111 322
312 415
153 273
27 320
95 319
346 561
25 433
31 442
12 335
73 425
551 564
39 272
409 481
150 363
135 477
152 589
298 400
289 541
170 495
77 249
151 381
53 74
198 290
10 436
41 283
166 286 36 486 353 595 134 402 115 167 489 419 32 327 128 52 202 594 338 294 354 162 589 345 323 95 464 94 128 60 148 125 195 350 58 64 112 37 288 276 21 267 194 65 338 390 307 268 383 535 35 73 435 599 72 355 326 403 466 589 190 378 269 373 482 172 55 115 238 351 185 237 564 217 535 473 474 472 363 42 60 298 460 310 375 396 94 395 80 522 490 94 127 386 437 137 152 239 185 310 23 500 222 155 446 108 206 157 227 305 564 398 42 419 350 517 73 576 150 294 458 255 299 398 582 76 286 166 353 336 292 120 444 147 50 370 493 111 120 355 369 342 378 531 555 34 497 235 35 170 367 370 537 483 427 311 50 100 540 358 167 13 243 108 245 597 377 389 473 488 213 355 184 586 132 595 83 585 28 509 187 466 524 333 440 333 142 98 383 263 347 199 121 165 247 341 482 595 321 275 149 375 553 160 47 116 484 567 257 112 100 224 380 456 359 260 323 31 240 20 312 300 362 328 35 382 400 331 144 371 192 11 573 473 0 558 302 287 124 596 119 78 394 527 329 461 98 228 309 521 272 573 324 60 453 345 579 337 266 417 419 221 163 477 393 38 348 271 589 294 541 349 166 570 302 2 550 331 383 400 389 84 237 353 370 296 167 368 298 423 587 134 383 261 50 554 105 205 327 340 360 576 146 105 175 405 458 426 255 9 494 252 451 21 481 283 312 507 385 412 454 237 132 340 341 28 332 283 556 136 476 333 355 47 177 158 366 162 354 588 69 190 138 599 554 28 157 143 70 376 249 269 265 106 27 527 557 439 476 289 539 357 121 582 564 217 101 543 352 102 234 452 36 183 256 117 96 387 245 405 430 277 165 313 483 373 112 147 75 37 101 444 273 508 250 360 501 549 229 209 277 548 509 4 281 404 556 255 552 142 454 122 410 241 140 99 538 561 135 427 358 594 87 407 92 563 84 417 113 417 515 116 104 452 90 432 359 49 310 479 191 38 361 167 389 56 328 81 311 388 71 168 147 100 584 37 589 455 554 89 391 246 311 193 228 419 229 556 554 245 598 215 426 198 450 97 7 208 161 522 349 547 8 128 537 426 299 467 80 407 101 285 561 188 341 155 181 297 193 126 339 174 241 373 566 361 15 451 79 411 94 485 533 582 243 578 240 148 63 495 427 152 24 512 335 286 310 419 260 496 1 3 237 0 65 86 455 465 552 160 437 106 499 300 345 543 575 48 192 221 81 54 388 224 230 533 379 154 524 5 541 128 471 195 118 309 293 233 82 145 3 120 74 246 353 451 296 453 374 462 337 567 201 350 351 271 96 359 55 103 79 589 562 441 35 427 111 140 146 508
385 815
933 939
85 650
590 187
578 447
29 110
751 118
657 422
544 474
633 120
601 516
525 365
495 147
831 279
476 708
55 201
300 720
775 330
872 534
992 834
592 106
661 544
377 609
27 706
80 715
804 679
441 201
335 406
469 680
708 476
393 63
350 172
925 876
895 623
864 877
800 463
969 776
770 165
217 830
600 537
496 550
848 465
717 230
648 155
12 797
210 534
762 989
443 760
249 419
330 889
839 48
525 33
241 20
559 186
208 611
859 213
192 339
364 266
933 854
946 338
950 401
528 244
827 245
637 618
275 616
643 952
754 302
28 299
667 621
995 389
643 317
280 503
811 164
809 550
572 205
915 282
677 924
197 782
187 596
777 111
735 745
392 280
254 950
140 182
169 99
463 908
720 343
446 875
417 606
688 705
755 876
648 266
62 237
543 403
524 219
456 281
64 675
420 104
215 17
840 343
261 391
983 544
482 100
320 467
984 723
87 474
387 428
615 874
922 42
886 864
226 367
444 9
653 69
518 773
104 640
181 821
954 985
244 124
972 164
644 29
191 437
841 534
263 880
413 434
982 626
875 693
766 771
662 197
945 174
214 273
25 685
976 15
402 858
806 427
140 386
121 73
668 292
602 127
197 930
565 365
266 538
815 581
421 924
21 381
376 923
686 889
545 573
625 436
667 575
34 861
149 486
176 669
280 813
250 184
147 98
703 126
381 750
980 600
144 737
350 516
367 316
741 441
997 977
899 765
464 333
992 73
131 944
953 467
452 602
672 768
90 804
266 462
308 557
665 515
127 769
528 702
32 930
552 502
720 870
462 735
538 969
308 209
404 484
6 512
110 831
523 70
82 992
752 11
979 347
50 117
680 645
233 923
602 461
360 443
837 762
75 926
621 693
405 987
647 496
762 933
846 782
588 884
198 309
852 596
71 872
404 942
621 337
708 660
412 146
852 410
856 999
646 643
572 140
920 579
300 993
453 954
458 656
808 736
90 135
281 709
66 768
762 577
241 556
800 756
804 15
403 548
541 262
717 784
230 336
886 56
764 854
561 634
960 725
107 343
190 475
739 930
752 395
849 707
990 677
824 957
181 718
373 638
535 997
531 813
779 836
596 985
717 260
441 421
486 929
150 772
455 567
324 600
240 968
752 86
280 959
755 680
601 610
803 190
594 377
885 121
109 518
26 177
10 276
177 886
532 878
379 717
325 152
253 612
4 930
877 973
761 825
987 113
640 566
229 161
399 227
675 458
403 911
542 741
39 78
365 557
80 182
582 346
597 701
881 505
678 999
653 812
196 57
739 202
478 489
190 149
696 494
807 986
334 113
274 348
337 430
259 683
659 366
65 442
421 524
692 219
995 440
271 129
876 306
680 163
968 701
511 672
146 871
283 394
219 101
289 566
818 879
103 255
623 930
602 848
427 259
965 825
588 305
919 233
475 837
495 352
377 367
317 257
422 15
328 716
908 548
0 491
316 507
938 696
309 179
732 278
916 430
884 100
517 855
28 444
981 861
504 126
153 241
766 271
83 615
165 928
110 932
627 68
950 572
30 748
556 611
727 626
368 855
967 73
766 358
8 719
155 656
930 66
134 286
324 768
620 763
917 820
947 9
726 563
914 660
629 253
890 259
1 209
426 559
229 485
728 368
458 311
520 281
880 327
113 733
896 5
822 450
432 496
507 981
572 70
103 56
502 251
710 391
213 175
60 480
718 947
505 630
241 721
56 977
166 214
489 950
831 17
673 678
6 583
522 173
334 643
534 919
312 743
864 345
599 747
979 424
782 210
912 362
371 47
102 891
141 555
387 506
40 801
285 930
356 347
628 669
451 789
318 687
139 903
768 529
230 248
845 149
845 439
747 547
38 772
1 71
653 893
162 589
35 30
204 380
410 316
686 860
959 639
192 561
215 986
695 283
802 527
757 418
486 52
687 956
44 155
302 481
360 681
726 77
778 644
769 452
3 47
632 461
690 440
643 758
526 586
679 89
342 287
355 197
510 456
466 82
48 884
429 303
886 358
149 350
645 213
16 18
692 576
893 214
154 125
363 738
164 989
966 321
594 223
861 130
240 47
513 392
603 439
1000 303
115 574
239 840
539 945
337 3
872 77
14 992
366 579
808 286
901 943
342 866
375 245
2 299
692 33
162 26
91 74
247 771
51 277
728 714
261 302
562 710
570 1000
680 393
896 578
803 100
758 473
524 489
559 436
828 420
261 992
739 33
707 418
570 945
89 764
989 888
486 663
68 516
145 1000
290 320
672 842
121 606
380 80
275 37
429 714
294 907
511 948
412 393
647 927
17 544
396 107
663 6
758 721
85 559
957 798
610 167
62 586
178 291
614 299
866 16
449 127
439 844
358 975
105 383
853 741
409 698
114 115
154 697
581 909
328 920
300 430
487 520
135 307
194 982
214 201
151 407
430 224
562 117
38 606
513 900
179 187
332 223
570 10
965 448
85 500
600 925
642 403
179 848
835 864
282 860
916 482
848 563
521 99
892 725
802 645
955 38
206 36
320 305
858 960
842 918
408 884
398 569
818 127
940 510
115 197
651 234
482 791
801 790
721 839
988 575
588 411
109 674
90 290
685 323
72 12
498 19
911 334
866 898
637 984
272 417
241 892
323 960
866 759
6 437
436 55
131 432
134 848
886 993
328 801
486 266
562 463
634 48
613 785
803 941
907 461
69 808
790 275
501 749
957 297
