600 1258 600 762 4
122 593
325 336
259 524
46 216
242 512
421 500
420 433
297 569
17 188
29 217
233 284
7 586
543 584
111 441
128 505
103 345
16 109
29 533
4 410
55 509
212 558
101 147
78 368
138 151
350 379
236 403
465 517
129 134
167 169
339 380
510 575
446 473
506 598
520 582
346 363
38 536
214 352
330 533
411 592
537 588
127 432
125 570
253 517
51 82
216 225
92 491
499 574
119 297
8 282
159 196
38 349
43 231
179 572
2 337
39 143
229 539
348 529
15 62
96 477
85 164
106 402
66 163
112 534
431 462
206 363
218 418
37 410
185 521
580 599
145 198
303 390
60 540
349 375
108 219
264 353
498 505
59 262
214 547
534 536
475 587
371 454
126 551
23 127
5 121
22 63
7 303
100 457
265 447
82 178
219 543
18 43
38 375
121 388
88 366
80 444
30 587
433 497
140 433
295 394
470 534
143 544
270 586
521 551
320 521
469 545
530 568
73 345
445 589
34 214
393 479
405 596
198 591
189 413
60 555
45 129
457 591
524 560
376 551
80 486
305 517
123 209
191 508
120 557
304 333
137 431
325 379
38 273
202 534
138 197
481 485
314 420
174 355
195 248
298 568
175 254
72 415
146 159
415 528
100 481
159 422
193 512
84 594
116 441
427 579
218 384
138 226
212 435
195 400
213 550
240 556
257 551
13 517
237 488
298 530
75 577
245 295
217 317
248 365
87 417
337 385
104 536
304 449
507 528
173 463
153 528
149 251
166 463
107 250
229 414
506 595
397 558
68 315
202 236
85 301
284 288
346 495
120 294
343 397
403 470
369 587
184 504
284 467
216 485
321 365
256 383
7 562
349 589
7 77
7 505
72 448
236 428
394 517
144 239
462 531
110 211
165 194
55 97
215 503
475 545
131 255
311 344
69 522
263 547
163 298
200 224
321 333
93 261
278 527
322 360
2 290
508 514
327 516
194 246
136 271
163 438
253 563
31 128
166 447
210 340
14 41
281 383
108 429
187 230
119 569
203 494
233 346
261 423
72 318
13 408
140 430
36 579
124 371
178 252
71 446
217 252
384 474
49 509
117 558
32 207
116 538
353 520
69 85
211 227
27 339
28 582
83 520
318 489
302 424
228 395
382 406
187 259
86 268
136 311
487 561
60 222
66 298
306 361
330 452
386 528
141 222
357 450
99 329
295 497
96 583
151 197
61 72
19 316
73 549
447 464
283 448
12 490
191 381
49 98
58 469
315 458
79 529
214 382
60 268
101 378
110 307
90 419
124 376
67 539
1 121
263 453
127 343
249 360
0 334
198 391
342 590
203 216
258 290
46 312
362 417
395 449
329 403
461 561
32 143
263 277
102 383
162 254
218 336
228 319
9 114
339 501
173 265
379 418
177 262
25 501
374 510
157 286
466 563
124 328
95 504
328 446
360 596
89 530
9 338
132 414
92 390
71 211
230 427
511 588
535 569
273 274
50 498
456 547
164 587
81 187
428 476
158 214
117 372
270 396
223 392
282 539
46 251
193 242
333 395
390 468
458 526
245 394
15 436
269 510
119 287
151 554
32 192
137 599
206 345
139 172
374 412
518 546
221 308
239 538
93 518
224 573
279 382
112 428
236 470
62 163
90 422
397 527
70 526
112 310
201 514
511 516
195 466
318 480
65 347
323 455
76 246
529 572
35 401
112 202
576 577
200 388
91 92
77 473
193 468
320 376
247 296
302 499
391 485
302 563
29 317
71 77
238 258
204 251
261 326
205 580
13 129
436 516
549 564
18 589
334 475
169 180
142 581
147 432
235 471
328 454
13 253
207 286
411 459
530 584
4 170
451 519
302 394
210 522
47 367
156 306
114 169
212 271
87 95
291 500
27 317
373 398
21 565
130 564
27 370
150 326
22 411
45 248
260 407
64 182
243 283
29 596
255 459
354 527
274 375
234 447
201 372
134 190
287 297
33 356
276 329
287 565
393 599
63 459
327 436
12 284
398 599
155 597
174 280
127 482
374 575
283 529
92 468
57 90
412 489
106 458
231 339
494 550
342 519
3 365
401 430
155 225
221 543
142 298
199 405
227 513
439 458
238 290
452 479
377 533
274 445
136 344
84 254
236 276
178 370
233 363
163 530
71 473
257 371
104 565
348 386
342 364
43 290
250 266
97 484
322 358
198 481
135 181
119 175
162 320
19 449
281 488
377 452
164 232
167 519
531 599
234 265
56 417
99 120
70 118
14 115
190 411
101 257
38 241
78 352
152 568
365 537
404 494
4 154
211 396
73 206
120 493
250 356
330 596
198 485
96 275
424 517
287 593
1 499
399 560
28 553
389 505
245 574
11 224
192 554
200 250
45 576
80 468
270 440
110 371
220 532
335 490
113 362
129 408
114 260
393 561
84 398
224 426
0 545
452 501
369 429
11 165
50 505
165 356
166 246
194 224
242 486
136 381
69 154
295 499
312 391
509 518
165 246
44 421
123 345
510 519
359 576
353 395
24 305
42 220
395 582
549 583
164 584
53 499
50 535
23 307
13 285
244 361
77 128
176 178
375 589
240 589
105 321
137 462
23 343
195 285
42 52
332 431
576 592
17 480
37 170
86 540
241 566
100 140
12 367
75 576
240 294
167 451
48 512
128 175
117 435
169 451
23 278
1 94
220 488
440 559
496 582
471 545
72 528
266 388
124 257
104 310
106 219
138 196
152 154
16 258
381 435
143 149
172 223
164 530
161 426
31 376
145 168
386 572
63 125
365 400
196 422
396 513
302 574
106 108
122 296
180 419
6 516
34 406
70 89
313 392
2 240
254 594
334 369
342 508
367 467
145 457
296 368
47 288
364 590
308 584
168 391
10 197
60 86
445 501
48 189
344 455
107 140
216 331
29 360
365 511
390 586
50 389
433 494
464 542
278 307
90 209
394 409
477 570
356 523
231 290
255 434
355 598
83 340
376 446
162 521
445 452
280 282
88 541
91 368
105 427
52 347
94 266
180 510
118 439
284 472
62 74
460 539
12 233
324 409
328 371
132 229
299 345
196 197
315 402
219 526
73 472
176 583
9 441
447 463
236 453
282 414
19 228
398 531
366 457
191 323
30 369
73 82
79 283
72 283
36 187
125 477
237 256
562 586
273 566
229 560
188 412
282 506
28 496
104 478
201 239
133 265
144 514
80 242
291 413
59 578
108 402
157 480
24 583
67 282
247 310
290 380
411 477
393 487
26 428
565 594
254 320
110 328
175 565
168 204
88 204
349 493
264 588
76 166
294 493
259 560
465 563
35 94
129 190
295 401
47 472
109 459
362 547
54 95
417 547
203 550
24 275
199 479
171 334
368 442
95 438
372 435
65 423
25 589
472 564
142 152
155 544
329 337
185 425
399 539
217 360
30 221
158 547
220 361
85 488
246 523
335 544
40 586
235 469
140 481
73 262
0 171
61 448
248 285
48 193
116 350
349 536
234 523
142 483
142 568
228 449
450 502
135 322
126 185
65 306
255 327
130 404
469 475
375 445
336 379
15 142
3 560
78 442
244 522
215 590
449 579
89 438
58 281
1 35
235 545
153 489
341 497
195 563
162 185
59 135
239 474
87 113
61 318
203 367
296 593
50 119
183 497
218 350
59 209
205 487
228 553
159 269
57 197
511 576
157 510
295 341
471 567
215 538
195 229
218 239
251 541
248 400
142 410
220 244
186 427
130 409
98 571
120 403
289 392
286 480
7 389
216 367
184 329
251 597
499 598
33 234
488 522
349 534
96 148
62 142
452 533
183 494
171 475
8 563
288 472
114 548
44 500
145 591
268 425
307 371
208 477
212 354
182 476
16 290
132 195
428 453
384 432
264 300
95 118
252 360
28 83
141 373
21 398
257 378
111 379
414 539
22 208
390 491
459 592
213 367
82 262
207 554
325 580
45 285
3 229
56 547
102 484
317 370
484 567
5 573
354 397
444 486
234 366
196 226
4 37
398 594
89 95
21 566
6 170
47 467
136 435
322 561
209 345
310 534
1 401
31 320
133 366
309 525
276 277
64 112
174 525
253 285
20 342
131 359
18 501
77 505
260 419
128 473
372 482
105 304
238 385
232 568
203 433
301 587
155 490
84 373
38 566
44 242
28 361
4 585
70 530
182 428
15 16
129 293
595 598
51 262
119 565
461 487
62 385
139 223
231 501
200 266
277 504
77 227
167 510
336 418
62 66
266 430
133 173
127 147
254 565
67 174
6 520
64 428
321 537
237 416
202 428
333 537
144 215
10 143
104 287
41 286
8 195
35 430
412 575
3 524
2 238
97 102
377 501
457 481
305 564
332 462
64 247
439 526
151 226
342 386
130 324
273 332
86 126
184 438
327 577
431 445
440 586
168 251
212 397
187 560
177 252
1 355
270 502
56 68
317 501
407 419
181 461
80 267
81 399
474 482
55 237
130 472
19 319
386 415
429 543
294 557
164 221
484 571
66 142
319 423
503 548
6 436
193 272
94 388
153 374
13 148
440 552
248 511
87 439
91 296
63 178
150 518
114 407
297 535
387 525
491 593
346 490
47 130
42 515
393 580
291 512
188 318
491 535
267 390
262 299
42 488
316 579
189 279
333 588
533 596
374 489
70 584
431 452
295 314
289 313
20 519
417 458
369 475
405 561
177 249
36 230
11 356
323 381
68 158
349 556
82 176
43 240
27 63
217 370
148 517
88 145
365 588
339 443
273 375
26 453
302 598
125 176
202 470
166 464
222 268
338 461
401 420
50 569
161 224
18 231
239 482
210 585
402 429
3 321
33 250
433 481
376 473
80 440
399 460
441 503
386 508
8 414
215 364
159 510
116 503
272 352
262 345
184 337
57 335
249 322
79 386
188 489
390 440
293 592
31 473
104 122
83 361
42 532
263 352
168 312
380 443
351 406
331 367
42 237
146 196
176 549
67 280
18 240
0 429
336 384
420 430
121 573
214 437
14 480
379 580
82 549
72 507
85 587
335 495
28 65
178 217
376 521
93 150
121 309
117 482
114 181
58 85
47 213
227 396
93 326
52 156
349 470
122 287
60 580
225 331
511 577
479 599
546 571
80 289
116 379
303 586
59 123
89 118
111 338
432 474
390 535
40 270
112 247
105 333
44 291
153 342
214 279
90 495
20 215
20 503
307 527
279 352
124 551
255 436
22 459
301 469
277 547
98 509
117 212
137 479
40 440
148 408
74 385
189 193
88 133
567 571
94 121
317 377
55 515
302 595
278 397
194 426
172 502
121 525
237 515
71 110
63 208
295 574
231 380
322 578
71 328
288 467
334 429
24 96
222 373
117 343
23 101
34 382
368 476
350 418
209 495
151 286
1 598
156 347
17 510
87 118
3 400
118 526
292 516
91 193
188 480
6 83
304 579
84 185
34 68
49 97
124 446
263 476
181 209
270 562
417 439
25 445
221 587
284 363
44 444
102 492
159 419
381 508
128 498
357 392
111 205
372 514
57 196
343 482
10 335
392 559
37 436
481 591
87 362
191 386
62 438
185 268
386 455
228 423
342 374
110 454
298 581
336 432
9 503
169 407
21 594
373 599
102 567
311 381
502 552
235 383
47 404
329 504
154 483
539 560
28 395
16 434
351 382
131 576
104 247
28 306
157 269
56 158
116 215
311 323
17 157
226 286
31 160
199 393
135 561
147 336
440 502
324 494
72 243
37 448 226 4 580 47 530 448 585 18 99 297 42 474 244 50 569 518 170 162 269 522 314 96 28 67 313 76 212 568 229 598 463 190 175 441 151 329 421 181 510 460 430 321 230 172 423 112 508 76 46 546 355 221 0 390 44 40 91 515 430 315 8 439 541 487 67 151 43 79 80 50 409 477 474 14 583 493 277 453 92 170 157 223 401 309 374 10 171 519 384 75 382 193 279 304 1 229 419 197 252 429 472 167 62 273 3 43 333 44 152 552 325 499 552 387 224 399 214 236 515 593 385 250 544 177 136 256 554 91 192 592 329 370 134 28 357 199 179 15 280 309 497 77 71 76 579 350 238 302 258 179 385 59 547 438 149 425 275 75 181 106 347 502 22 511 466 197 554 453 568 561 309 85 577 586 73 144 178 450 175 279 302 261 168 95 489 338 402 63 561 19 150 448 292 364 98 326 477 464 585 221 449 534 463 343 37 222 591 171 380 547 546 14 318 370 571 10 68 279 255 561 212 146 347 293 538 362 270 242 73 10 353 509 76 82 122 15 326 59 52 165 480 299 176 409 301 298 245 186 416 578 267 362 129 134 508 472 19 284 249 37 561 328 350 283 70 211 424 413 311 27 139 134 240 584 413 253 289 149 258 352 163 54 232 495 288 497 475 282 472 412 344 491 370 48 362 434 291 256 364 31 49 73 10 133 563 249 575 214 101 57 229 407 147 511 305 588 51 128 250 591 208 541 37 358 297 498 599 22 435 84 54 7 156 431 500 359 256 504 212 47 236 439 436 298 78 291 495 311 170 246 519 125 571 173 309 559 509 168 597 458 276 170 138 283 458 243 354 445 357 4 132 100 443 274 238 364 452 21 538 403 518 80 49 480 125 268 21 428 340 315 507 297 413 384 187 211 15 338 485 232 539 88 10 483 133 352 309 422 478 251 142 407 375 566 302 394 410 56 307 366 598 231 163 308 576 332 142 237 15 5 466 43 186 307 433 112 224 331 340 450 370 176 414 280 219 284 42 593 230 114 225 331 422 338 576 563 14 478 53 530 382 329 134 250 557 201 210 161 334 63 506 171 93 125 269 252 102 583 16 462 433 387 250 139 443 319 68 284 191 44 320 343 12 460 10 278 451 470 535 498 16 543 364 193 185 559 529 452 537 165 73 18 39 488 427 464 31 40 332 2 227 212 564 121 99 28 390 443 530 382 181 578 356 225 43 524 180 521 51 87 102 94 177 218 403 41 278 469 180 0 245 157 497 163 524 104 106 77 34 127 5 526 436 446 118 557 198 515 57 388 172 138 6 162 122 586 67 425 273 391 454 238 191 344 589 199 200 599 454 84 98 274 218 314 438 5 427 462
671 980
908 266
534 668
881 473
707 698
966 199
787 631
88 745
846 374
309 287
468 80
926 127
523 134
738 424
265 10
634 706
610 648
287 83
484 618
979 690
254 232
288 600
599 512
85 431
612 325
466 568
386 813
540 501
850 718
459 452
715 895
158 617
459 18
848 119
435 980
877 224
970 574
673 673
331 643
491 3
57 786
367 14
890 843
520 635
235 969
734 501
590 69
603 219
265 938
912 954
163 731
527 390
960 785
855 278
514 828
904 922
503 964
420 131
789 909
447 336
219 459
233 27
589 773
569 492
326 791
885 757
622 779
960 382
489 996
722 768
611 863
75 626
202 53
569 330
571 787
691 555
969 8
116 685
322 856
103 36
152 882
987 459
555 363
801 700
225 555
762 870
200 476
541 876
672 12
577 848
417 217
265 847
182 799
991 864
901 218
547 837
657 386
871 962
939 967
501 694
778 112
96 457
839 960
465 247
324 692
920 616
603 945
817 127
621 930
608 612
25 588
300 349
345 749
484 878
346 275
232 3
241 292
57 312
584 873
228 705
468 713
949 214
287 788
484 299
108 557
612 418
155 506
100 405
176 660
701 483
630 247
669 550
855 400
778 15
660 456
379 357
43 226
309 539
406 113
2 998
797 163
270 471
657 759
509 30
160 246
728 67
360 149
147 439
704 397
534 26
929 852
411 80
685 785
229 142
703 731
544 89
892 801
322 75
458 960
370 180
195 647
984 215
197 562
602 791
681 839
950 79
884 0
322 205
653 84
327 232
736 663
713 973
19 916
798 1
945 321
202 679
559 391
462 363
545 412
5 20
345 211
390 306
301 818
712 269
514 768
182 539
975 615
975 539
262 74
314 959
662 493
115 178
436 74
246 904
988 103
825 399
389 137
439 119
679 101
361 461
885 160
127 281
392 743
662 169
652 52
307 391
528 256
386 45
599 469
440 293
730 734
28 631
9 317
600 196
422 930
178 228
593 119
496 438
185 332
633 904
852 814
692 874
239 500
24 965
965 148
567 76
378 102
38 692
936 715
910 420
934 573
536 598
703 815
514 175
803 95
804 947
435 763
887 897
558 701
184 291
488 643
278 631
190 940
167 15
776 794
760 236
926 27
308 778
793 495
449 382
862 159
626 61
479 385
763 423
204 601
662 574
838 908
131 485
611 724
931 524
394 264
989 771
523 353
429 831
859 606
803 44
869 199
175 863
204 504
334 149
38 773
5 258
338 905
368 571
403 591
708 361
453 793
475 838
29 473
368 927
940 354
815 892
894 351
131 23
545 198
759 473
364 48
253 707
576 222
98 937
556 648
260 971
795 609
712 503
470 683
753 214
276 817
233 754
633 808
497 319
825 615
755 905
797 282
105 775
934 657
676 316
839 780
40 512
668 860
964 245
356 729
66 186
619 110
112 971
812 208
558 977
992 749
502 475
227 63
969 717
173 587
892 518
406 398
96 194
653 237
250 409
978 821
705 613
73 575
503 741
424 459
564 127
402 558
886 625
699 944
464 118
207 378
528 717
319 324
519 540
779 728
743 177
214 163
54 334
2 184
521 289
477 192
918 778
65 86
402 690
212 297
367 959
391 889
863 639
1 402
908 293
872 117
38 935
427 405
679 528
456 411
815 795
506 907
502 200
224 198
867 509
762 60
585 171
299 857
700 915
546 446
72 526
85 272
251 536
255 130
380 617
140 590
476 494
94 490
252 330
584 619
87 232
402 955
836 933
151 367
562 749
108 143
994 257
913 173
121 749
154 801
642 104
46 961
315 423
711 307
898 677
11 737
27 396
260 577
982 426
860 465
830 225
639 999
460 742
628 213
401 428
382 988
378 236
702 446
650 280
666 711
634 491
268 101
333 973
888 393
137 68
842 876
528 951
219 343
387 214
791 188
202 996
408 174
955 747
755 318
217 532
992 145
943 623
351 810
660 955
844 196
412 532
110 382
716 167
636 610
42 275
680 627
396 916
572 815
561 889
99 855
273 316
289 886
598 568
158 952
439 586
100 612
852 29
195 8
933 690
37 888
290 212
426 506
435 807
51 568
38 150
423 905
754 105
563 928
626 543
970 406
351 333
364 547
833 10
901 37
772 338
799 425
573 199
218 845
772 952
425 704
792 985
558 245
134 641
155 337
738 944
347 846
632 437
303 663
390 489
297 33
722 125
88 320
682 741
885 984
685 125
164 923
328 358
794 849
218 102
485 162
204 782
878 938
446 680
681 203
450 221
844 691
722 190
175 688
819 271
241 994
505 521
4 851
273 274
509 806
154 700
846 346
199 89
151 209
945 937
331 179
776 537
240 944
44 727
131 254
942 897
766 588
726 330
996 921
282 188
816 654
164 559
744 756
875 82
923 498
936 277
593 921
16 437
167 145
39 34
619 835
321 568
872 825
444 482
383 721
187 764
355 675
863 534
189 258
934 415
176 445
648 25
859 62
656 907
510 63
763 973
976 992
467 929
322 263
586 344
638 193
134 532
58 896
889 727
414 47
213 429
464 654
488 670
35 356
63 922
964 491
362 384
63 757
800 386
586 315
251 623
319 593
846 986
659 801
204 735
627 393
947 996
30 79
934 182
776 262
284 118
720 536
767 562
438 359
985 652
256 435
645 780
876 666
623 351
644 877
753 693
82 791
735 884
836 586
455 625
174 205
731 95
682 506
229 784
238 603
832 328
441 436
557 51
864 301
294 517
