600 1676 600 636 13
107 311
88 161
210 518
277 311
405 480
306 464
25 192
262 328
192 375
79 566
126 568
43 218
22 179
155 344
326 522
186 277
204 294
60 135
206 371
300 343
154 311
87 98
231 599
256 470
117 503
319 466
556 568
26 65
462 501
73 530
70 438
369 403
221 517
236 411
182 225
292 404
18 305
165 353
23 231
327 583
28 516
19 380
256 488
85 209
144 292
376 445
196 253
182 243
71 163
88 403
131 165
353 585
353 491
174 338
203 557
122 260
360 514
133 255
76 100
115 333
238 573
77 375
544 587
335 460
48 109
153 338
162 581
182 402
225 415
120 599
207 505
431 475
99 569
402 415
321 585
234 584
98 327
234 331
252 447
62 85
54 139
224 530
184 211
74 143
146 370
422 502
258 594
26 220
101 414
57 383
79 263
305 520
8 507
207 480
260 276
81 479
53 424
7 519
347 489
211 345
109 424
151 462
213 251
265 576
324 408
22 340
304 370
255 476
21 337
104 323
236 403
92 388
507 562
351 357
128 574
225 400
502 575
547 550
37 518
240 434
561 592
379 566
286 544
294 437
263 553
179 296
169 235
10 390
134 454
170 465
207 313
191 581
39 284
133 296
128 274
302 373
36 406
145 464
433 446
98 453
8 39
24 589
151 593
270 368
381 528
132 145
205 255
154 582
87 524
103 152
238 466
77 412
179 239
325 454
39 584
20 435
67 97
492 552
73 104
123 267
559 590
25 375
144 243
453 583
14 154
413 504
143 235
356 586
309 534
461 531
131 321
187 557
145 317
406 586
429 451
4 319
470 488
214 494
35 143
65 220
143 560
352 439
88 324
309 479
361 413
101 180
237 448
160 381
217 493
302 509
84 230
342 598
91 130
443 529
38 88
90 225
253 586
127 453
63 340
13 42
18 343
261 308
467 506
354 431
135 263
315 428
83 138
74 235
498 594
146 179
283 512
166 594
377 495
504 508
243 269
102 484
209 511
158 276
456 496
317 364
52 293
447 577
71 94
54 469
17 397
135 347
410 423
34 317
549 591
23 152
238 343
93 295
304 470
463 475
461 468
396 590
51 477
350 527
479 564
27 433
61 167
350 597
60 575
183 251
398 433
405 512
230 563
219 276
117 382
184 345
265 393
286 384
59 122
368 537
341 452
114 230
81 557
33 599
432 520
37 309
348 592
266 394
121 526
124 324
300 308
63 133
239 252
282 352
439 444
162 256
69 184
183 479
337 361
358 442
13 299
176 295
273 495
92 341
88 95
148 444
142 512
228 244
164 582
35 250
254 390
135 379
130 363
201 500
452 557
142 585
115 409
82 213
296 340
429 493
226 446
333 469
16 235
72 257
175 590
384 519
106 215
395 454
301 541
190 480
113 546
364 481
26 77
388 452
176 228
71 93
103 414
107 186
88 323
202 390
512 585
180 359
327 514
463 521
168 522
184 337
191 275
22 147
246 526
349 555
90 292
90 233
359 414
84 266
228 347
61 76
87 137
307 471
420 461
55 185
317 341
58 323
246 320
60 347
218 466
31 136
85 536
232 462
128 306
80 377
261 332
85 515
316 579
92 481
35 290
203 528
1 268
381 589
181 290
349 396
248 587
306 440
436 568
183 483
412 546
452 485
121 586
211 397
230 266
490 505
5 496
116 246
421 512
183 194
182 269
72 430
119 381
107 240
148 214
123 408
222 421
216 283
436 486
225 450
223 577
245 512
121 246
249 571
22 144
171 562
89 147
195 469
141 201
172 253
377 569
14 164
267 428
196 478
391 487
1 581
50 575
188 336
95 324
261 578
183 438
13 102
185 288
225 369
127 371
40 89
111 545
174 421
460 532
177 570
434 599
307 368
101 395
167 597
244 347
126 410
319 450
7 433
9 503
410 580
354 417
28 110
84 389
214 444
182 404
46 129
3 15
24 341
310 485
167 435
297 356
157 330
129 384
267 461
303 334
48 107
70 213
1 191
408 531
189 239
480 548
216 380
91 506
360 371
336 537
57 507
220 587
422 567
44 525
37 593
35 423
24 106
197 383
339 575
10 254
148 494
234 560
110 136
111 458
237 302
70 310
435 597
190 405
75 106
425 523
108 381
77 220
32 296
280 570
138 159
402 425
130 378
235 540
143 391
221 547
4 238
105 318
343 466
215 314
212 259
254 462
140 469
314 356
109 549
162 488
307 481
471 497
262 475
242 496
59 566
96 403
40 425
38 153
497 513
242 456
156 283
221 588
58 592
433 556
160 356
211 465
42 299
66 564
70 188
416 531
31 325
132 208
224 355
11 477
262 431
568 580
55 344
293 523
48 149
138 524
472 555
355 530
219 538
150 549
332 375
373 448
198 519
4 233
158 194
313 490
156 421
5 417
86 382
311 582
224 592
284 383
141 487
229 523
105 217
226 287
115 588
114 484
185 364
18 520
322 535
55 364
84 439
287 366
163 334
50 339
310 427
245 405
204 560
546 565
104 523
271 276
522 579
91 505
61 435
27 568
352 484
114 278
198 393
294 383
275 540
387 442
273 441
468 531
134 356
253 356
295 339
201 391
268 399
278 563
304 488
350 424
9 139
92 364
383 472
49 529
166 354
199 384
501 567
225 292
101 454
388 481
37 202
11 424
358 382
72 470
34 212
7 541
195 409
130 524
84 394
241 307
248 286
135 567
146 552
236 369
131 353
5 543
177 442
202 219
503 521
15 491
220 332
282 484
243 292
79 379
17 513
52 89
55 307
217 597
72 590
53 178
219 390
45 566
319 371
202 538
169 275
134 359
6 109
329 421
78 378
574 579
269 499
105 429
67 485
49 94
50 582
151 232
152 591
303 445
81 564
325 381
74 580
160 314
41 129
81 97
30 260
449 533
29 272
414 516
479 534
60 502
327 360
48 482
138 193
177 280
288 316
383 396
69 84
239 305
208 306
526 586
480 505
390 518
5 392
344 497
69 394
492 559
108 187
370 488
302 595
215 297
136 516
169 362
414 539
315 461
479 538
190 535
12 438
425 499
287 594
3 165
168 467
20 393
65 264
502 582
345 397
178 477
302 336
338 421
241 413
150 576
451 572
112 115
275 486
18 300
21 361
396 555
83 193
273 374
304 552
249 430
438 483
128 208
409 477
223 399
352 389
223 447
366 594
134 246
226 393
315 458
287 533
399 581
466 514
3 365
367 380
114 282
226 510
36 586
16 571
489 553
386 558
342 366
250 290
512 548
268 419
363 440
376 588
151 240
29 549
453 548
182 292
14 112
92 452
250 392
14 477
160 215
126 258
69 439
103 272
98 313
408 468
139 469
104 403
2 49
17 241
143 580
210 462
41 578
23 434
103 359
96 104
319 400
49 93
130 440
109 591
147 269
186 311
122 532
139 221
162 223
131 558
162 542
107 149
9 572
90 450
331 560
210 254
207 490
168 363
557 564
171 496
336 481
486 546
5 250
11 51
66 136
249 581
41 478
403 415
218 330
128 440
64 244
250 417
551 597
218 298
32 133
330 426
278 522
270 504
474 551
126 580
168 506
186 422
78 440
181 423
33 434
388 485
230 497
80 495
358 451
48 51
189 305
11 482
229 530
270 307
199 519
191 249
173 293
133 552
224 348
382 521
2 372
113 436
424 597
31 66
67 213
284 437
336 368
25 419
351 549
341 557
68 183
80 273
249 275
91 322
58 561
87 457
40 293
100 549
81 183
92 317
42 506
70 473
24 528
131 585
18 238
264 398
120 231
302 448
43 308
20 576
70 483
490 524
151 434
206 319
100 576
196 596
3 405
222 585
0 546
52 205
242 431
103 116
15 405
342 442
64 347
159 524
175 500
188 310
84 285
155 563
145 418
45 532
2 443
38 338
29 351
56 194
109 482
42 102
160 589
10 501
267 495
104 425
368 481
99 515
389 439
123 374
198 446
91 467
170 394
274 574
289 494
108 564
55 471
223 488
493 597
194 460
8 543
324 416
418 464
305 419
181 258
510 570
3 190
164 445
268 581
155 230
44 536
299 322
263 379
188 473
43 330
46 196
6 167
503 572
511 525
496 562
135 422
438 448
6 61
40 523
68 479
291 520
36 596
194 271
75 78
146 239
63 205
4 90
33 151
241 504
87 298
111 554
462 593
188 237
34 364
221 312
23 107
169 568
480 535
65 565
3 535
219 271
239 447
264 433
36 320
237 473
436 546
165 365
377 515
8 57
324 531
242 475
267 374
333 588
109 152
268 546
86 117
466 573
161 416
393 510
379 567
6 76
430 571
16 540
50 445
226 570
39 392
152 539
102 125
137 457
188 595
125 168
322 480
189 291
566 567
430 590
139 333
198 576
397 513
117 358
14 51
95 153
115 195
241 397
132 306
147 499
243 404
279 371
25 305
161 324
27 446
159 193
263 532
56 68
54 318
192 300
328 385
47 337
131 365
491 585
292 401
166 181
321 386
457 524
420 545
215 589
197 396
175 201
332 578
161 323
226 598
45 263
46 459
252 399
216 453
180 454
21 241
406 596
169 486
228 553
116 281
106 297
474 510
424 527
266 465
143 234
144 520
132 212
329 338
516 539
0 26
28 414
53 140
54 105
239 419
48 152
470 492
157 159
170 455
277 582
122 335
132 464
544 578
395 414
146 304
199 541
394 455
449 594
236 400
346 524
363 467
196 330
290 417
194 260
257 542
77 332
298 426
346 378
69 170
185 259
545 554
43 578
259 288
420 561
0 412
235 580
75 440
16 391
178 424
294 472
7 301
261 300
234 392
66 108
89 205
356 454
393 446
212 288
174 279
45 59
171 507
300 375
153 511
94 443
328 498
10 566
120 539
325 395
494 535
295 334
37 462
6 100
268 412
111 348
236 279
307 364
189 432
155 288
162 249
97 452
332 544
169 580
321 515
309 538
266 497
175 349
158 271
97 557
110 325
51 149
64 295
99 374
354 456
88 411
130 346
212 274
73 323
182 415
428 461
94 550
105 140
216 367
334 339
62 209
94 372
20 510
99 441
438 460
141 204
200 433
470 559
277 502
3 494
322 506
320 526
375 419
242 562
214 289
279 411
178 195
328 431
200 264
378 440
319 360
37 210
280 493
37 136
262 521
382 387
98 524
10 59
110 395
233 292
218 426
233 401
221 333
114 285
1 546
182 499
117 451
412 419
24 203
19 174
435 474
146 296
471 513
47 345
336 595
515 536
155 316
113 200
113 565
19 371
405 548
348 545
82 310
14 409
235 362
127 380
98 490
270 537
125 506
399 447
163 303
123 124
280 429
129 281
206 279
180 414
8 392
435 510
259 364
181 354
32 340
237 595
381 454
30 59
75 297
278 326
28 395
209 525
125 522
96 402
177 342
72 542
94 247
254 518
47 184
30 276
0 565
15 142
374 441
179 340
177 226
65 398
351 519
358 387
52 173
149 154
222 536
312 550
22 239
56 271
6 527
50 303
280 551
5 456
86 521
154 164
157 253
283 367
204 437
44 421
203 341
140 424
163 376
349 590
202 309
198 265
60 422
287 446
43 343
366 385
496 543
522 574
119 557
248 541
212 574
34 259
222 321
312 517
156 174
474 570
129 459
31 108
58 73
36 526
277 422
397 465
400 450
106 464
51 482
103 591
281 320
7 198
458 554
34 145
337 345
9 105
260 460
194 438
299 484
21 345
49 443
217 424
208 274
130 505
545 561
365 558
287 598
177 358
344 471
342 385
199 248
114 563
23 48
220 544
275 571
72 256
230 285
420 554
281 357
493 551
272 357
162 257
301 433
528 589
249 257
93 247
141 294
361 504
201 487
3 491
348 458
51 154
67 81
317 418
437 584
256 542
62 99
107 154
99 377
262 463
173 205
401 520
488 577
40 499
8 284
21 397
476 552
142 491
191 486
19 367
140 217
43 478
93 334
225 227
114 326
140 318
328 382
369 400
291 432
186 232
204 331
281 459
120 152
141 555
140 195
128 363
67 183
225 403
73 523
119 187
213 483
86 503
157 196
38 279
206 236
288 579
129 286
100 109
308 578
446 533
445 588
185 344
113 264
423 580
175 555
522 563
263 489
297 314
36 281
396 472
476 492
486 568
126 533
68 219
53 195
463 562
195 477
323 403
261 375
71 247
7 446
288 344
262 382
290 423
188 481
157 193
455 465
448 473
174 367
186 240
392 543
78 83
167 350
95 209
126 449
275 362
176 244
1 486
46 596
89 499
2 553
32 63
2 228
516 599
206 400
234 250
102 326
127 360
46 478
298 514
70 82
163 550
173 355
209 374
541 587
96 425
217 429
280 474
310 481
88 236
76 576
131 386
227 400
304 492
75 306
51 407
465 497
31 110
212 579
148 484
43 466
213 485
124 374
43 196
248 384
501 566
33 516
451 503
115 469
296 552
280 451
15 245
193 356
335 532
84 282
91 480
287 449
166 431
11 407
328 387
20 61
121 134
251 483
216 548
347 553
35 580
116 357
248 544
402 499
28 136
172 193
461 554
156 367
392 584
366 598
299 535
63 89
112 588
366 498
144 291
58 530
73 229
166 258
200 556
427 481
146 577
424 482
124 408
82 485
289 444
222 512
37 66
49 176
2 176
487 560
424 477
173 224
150 351
257 430
22 291
303 339
298 327
171 543
267 468
142 245
362 540
71 550
103 539
331 437
133 205
504 509
341 418
347 575
258 410
232 501
308 343
252 268
31 381
38 411
136 593
22 63
94 529
282 285
4 466
64 575
253 406
281 596
360 466
30 122
109 527
200 436
166 498
283 548
38 174
44 338
301 398
106 306
150 519
33 136
157 426
398 541
116 320
459 596
118 461
504 537
27 126
416 561
16 500
267 315
254 501
267 273
229 293
260 335
10 30
41 286
549 576
356 381
9 429
430 500
284 294
18 233
360 583
371 380
159 457
35 234
372 443
119 203
170 211
280 358
85 99
29 591
310 388
515 558
163 312
102 114
70 448
258 423
50 502
137 426
197 472
14 115
465 513
266 455
321 536
121 356
539 599
19 279
93 176
144 401
202 518
545 592
22 89
431 456
137 157
232 422
363 522
8 171
264 565
133 476
158 260
385 387
129 357
293 355
272 591
127 583
365 494
61 576
252 419
235 391
336 509
112 164
83 297
196 406
232 567
474 597
102 522
96 415
417 456
207 548
312 376
312 547
313 548
530 592
282 389
331 584
135 489
66 309
227 450
531 561
478 578
148 352
290 354
67 251
231 434
315 554
155 579
13 484
130 467
16 275
68 271
87 327
33 593
80 441
143 487
130 490
41 46
95 124
3 353
517 588
87 426
68 538
431 498
26 565
475 562
39 437
116 272
138 378
385 498
9 54
9 451
41 544
303 376
156 512
208 212
508 537
95 511
49 247
241 270
23 120
241 471
484 494
363 574
239 577
123 468
12 373
338 525
56 183
193 253
276 390
118 531
352 444
21 413
318 469
201 555
342 387
519 576
200 568
22 269
141 472
112 445
72 559
293 530
18 401
24 418
193 297
167 527
7 199
127 216
88 153
233 238
338 511
24 464
343 573
218 514
42 125
174 329
255 492
177 598
124 209
27 556
170 184
58 416
230 344
278 382 439 597 221 465 52 338 59 201 451 447 291 54 143 373 528 529 252 375 371 395 411 375 444 127 111 457 488 204 365 1 24 243 395 267 89 442 226 278 494 284 502 485 112 139 310 291 450 510 31 498 595 369 125 340 94 250 373 153 106 229 166 82 371 142 123 414 224 410 320 195 58 112 481 166 358 190 11 136 308 65 326 377 137 520 396 336 162 256 117 598 513 547 56 88 56 538 347 509 343 407 274 152 0 2 534 329 372 426 7 376 262 452 270 578 233 581 41 479 330 569 376 370 83 74 368 229 455 302 380 85 557 429 581 591 493 91 182 386 315 336 345 203 483 375 591 525 340 476 425 493 354 455 126 437 170 159 150 180 148 449 179 196 17 595 22 127 210 445 407 21 501 303 82 152 42 582 109 381 269 369 317 128 381 550 25 359 486 103 500 581 499 87 282 81 390 206 474 337 412 467 553 552 458 564 3 61 491 552 279 346 483 277 400 163 355 453 171 30 481 410 529 576 564 247 493 34 314 371 369 151 467 452 152 178 496 565 332 432 482 104 314 317 170 239 500 430 89 478 507 376 345 242 376 522 583 43 447 369 281 5 497 356 210 92 283 269 242 552 571 103 266 1 398 590 461 543 188 477 47 210 126 401 17 259 142 288 68 522 265 356 569 404 51 474 408 223 517 432 543 571 33 513 215 120 352 360 422 90 222 428 241 303 239 446 176 454 210 92 595 333 61 326 324 465 479 400 207 384 471 506 559 74 576 316 429 487 354 205 147 5 464 72 272 345 118 367 407 224 192 205 339 199 180 458 226 324 17 171 33 11 96 440 71 282 148 241 520 329 558 527 577 91 7 107 323 260 390 564 350 243 528 179 132 378 559 284 71 143 500 324 131 376 61 312 497 186 196 96 7 371 490 579 532 19 383 421 81 175 73 531 546 537 253 66 437 394 110 593 386 459 579 246 200 138 58 472 149 256 296 238 444 211 514 260 593 497 559 306 592 170 259 60 207 548 270 461 7 170 296 322 444 320 453 44 103 236 413 313 289 426 58 544 532 235 361 315 128 137 493 109 498 39 142 412 179 520 452 499 237 82 127 460 504 184 579 459 525 454 278 285 463 497 54 428 82 475 45 264 413 142 242 320 232 242 306 174 436 415 143 594 423 125 516 517 412 417 573 196 155 333 584 244 165 344 576 518 136 553 115 297 433 244 573 520 356 439 599 452 292 20 550 70 353 114 412 295 409 421 552 578 334 33 353 15 277 484 135 555 178 503 455 535 137 103 108 105 447 455 224 42 436 58 69 171 232 472 267 149 312 491 595 36 51 407 386 325 82 168 252 529 221 301 287 544 576 143 57 492
570 300
632 215
925 976
95 497
372 315
916 211
761 543
683 420
956 150
982 553
658 886
778 647
423 995
105 638
852 722
135 467
731 127
124 888
458 313
231 350
801 494
63 934
432 137
694 665
357 722
506 259
580 334
757 330
561 729
655 553
627 912
509 766
435 67
645 734
283 750
843 202
516 522
614 784
183 299
920 126
328 82
533 436
126 621
449 433
110 305
692 979
525 464
26 925
713 650
953 923
815 823
768 672
339 37
860 622
960 648
192 837
502 936
996 113
188 82
667 942
781 884
774 518
72 242
402 46
836 903
613 339
510 818
417 873
506 909
22 755
379 923
967 850
634 42
239 90
777 193
310 642
736 511
544 318
293 617
710 952
7 207
461 859
364 884
320 615
64 757
80 274
991 453
323 461
193 190
360 58
367 262
204 560
318 815
923 873
990 894
156 213
275 161
414 835
297 444
36 251
714 531
535 675
136 664
615 629
270 137
936 592
343 685
730 727
486 753
746 581
561 753
65 8
889 760
641 289
105 700
887 722
599 573
957 476
84 111
422 742
668 666
497 592
628 957
81 168
120 197
166 651
794 306
292 397
244 659
573 467
236 576
20 455
288 717
443 42
491 617
760 903
602 751
358 492
321 573
985 653
888 627
832 75
106 427
807 170
429 186
307 739
511 80
390 105
32 627
746 693
680 498
672 769
698 629
182 219
780 727
171 777
178 380
392 522
564 967
352 545
436 637
193 139
602 104
938 821
831 762
37 492
878 294
796 541
186 632
717 237
27 828
969 195
405 561
294 15
181 329
755 50
915 928
878 450
843 640
477 106
543 645
854 267
340 186
452 916
16 858
245 822
726 773
454 791
296 922
490 185
122 519
652 177
486 278
364 572
536 971
873 675
469 482
829 10
753 412
643 439
688 315
774 91
569 865
409 763
830 113
394 19
280 311
209 497
277 695
106 224
636 815
49 865
239 738
393 901
10 594
382 665
250 408
912 593
410 418
555 894
561 356
974 746
109 332
563 122
205 5
328 240
812 421
310 266
893 970
273 80
127 779
656 701
705 797
411 259
862 171
757 170
254 230
314 975
426 309
511 161
705 746
116 943
950 278
394 173
880 916
153 437
535 586
965 891
611 430
652 127
888 203
428 913
553 195
443 562
635 854
452 4
587 55
634 109
832 302
255 798
593 974
485 357
948 339
764 1000
652 329
751 444
82 798
36 121
585 226
407 131
195 908
552 932
620 599
11 168
254 705
687 135
570 916
766 812
137 691
234 317
906 521
563 519
64 718
207 404
912 71
88 738
587 431
826 385
219 774
7 561
859 225
467 170
378 232
284 49
882 69
868 872
483 72
352 642
383 435
127 593
471 334
667 383
283 990
888 822
538 44
490 238
311 680
197 881
467 380
535 833
336 885
741 751
942 786
233 468
393 631
20 68
192 760
324 771
935 648
324 315
555 556
73 362
173 557
224 176
168 157
509 693
158 678
339 407
903 348
147 312
429 480
871 144
533 368
947 733
898 846
617 985
258 947
30 952
147 285
860 848
453 89
357 776
875 425
441 364
154 820
49 904
281 557
806 919
103 6
770 19
821 565
641 503
25 688
74 472
892 273
237 23
458 603
584 505
949 449
579 617
330 373
44 978
715 208
222 631
283 823
16 509
857 388
223 380
225 899
302 235
535 90
283 339
993 974
397 999
58 203
497 323
914 796
3 253
286 586
740 938
260 353
461 686
957 418
916 40
625 472
898 376
28 373
927 396
348 835
42 739
612 892
764 138
908 161
786 459
54 797
537 705
807 0
86 870
644 362
575 179
285 273
430 238
333 159
247 187
369 193
144 508
477 515
794 667
111 167
853 690
791 274
223 280
568 271
89 963
560 689
298 173
152 105
887 236
343 756
546 238
95 75
134 342
724 817
832 253
824 595
311 120
381 467
300 887
33 93
940 551
689 83
918 301
483 214
689 353
678 728
820 529
670 286
893 109
439 971
20 724
243 612
31 206
906 445
976 953
3 627
884 791
768 380
546 170
357 963
832 334
342 267
947 527
380 811
281 426
506 669
52 829
940 254
341 513
28 6
551 485
549 995
55 103
670 793
985 347
333 731
75 843
403 361
198 592
82 141
940 676
581 28
164 852
830 50
328 950
856 515
987 315
482 12
822 672
489 440
496 871
168 533
298 862
787 618
422 940
59 683
357 860
664 238
800 103
569 83
804 967
237 510
82 448
536 9
898 561
55 575
1 144
957 226
124 819
889 325
345 137
733 77
683 878
755 840
995 484
136 985
208 524
171 599
992 208
192 972
217 1000
821 469
154 243
178 425
117 845
367 403
0 327
595 718
949 757
614 836
667 467
441 207
988 385
184 668
281 107
289 534
119 280
520 564
796 589
400 728
978 917
230 50
107 123
648 986
805 335
491 845
149 560
62 318
224 963
542 861
598 675
711 165
642 403
614 56
940 173
551 414
102 33
622 272
986 785
213 452
675 528
989 817
883 538
506 26
834 996
65 55
803 39
711 325
396 792
4 400
649 10
833 138
142 79
997 246
157 751
486 820
619 301
693 927
712 910
717 301
4 289
856 482
688 108
986 529
429 334
207 694
828 875
711 485
533 124
490 399
198 727
788 248
623 169
783 789
313 411
897 136
64 422
493 551
614 379
916 744
429 679
739 30
656 596
177 45
640 782
836 360
298 950
526 492
843 547
836 411
631 714
