600 1695 600 836 20
348 380
281 373
150 489
116 569
203 534
454 596
20 68
58 510
12 211
468 567
92 153
44 483
124 361
65 452
371 523
422 551
60 160
239 435
260 267
366 527
523 551
197 235
373 497
88 111
509 594
447 573
31 591
48 109
451 598
92 342
162 521
212 228
101 247
16 502
163 234
130 439
286 499
65 330
113 472
366 424
126 500
117 420
368 545
77 236
14 158
239 398
508 548
38 520
190 486
77 473
486 494
453 583
96 453
514 594
296 506
291 530
314 570
194 440
58 560
391 584
177 522
254 562
146 299
126 268
153 346
357 461
433 522
304 340
116 479
89 595
86 520
4 383
454 470
228 360
310 373
136 560
217 237
341 596
150 469
389 572
134 365
238 307
197 222
45 118
440 517
551 596
374 375
478 531
210 430
361 396
178 581
247 390
387 475
50 347
191 451
33 515
280 379
398 413
64 372
37 321
90 357
370 380
251 483
85 191
116 189
42 495
75 457
389 521
9 230
84 214
375 553
54 367
49 193
95 568
82 288
35 575
60 284
99 157
135 138
573 593
270 496
244 519
139 470
225 320
80 537
275 552
46 176
132 371
108 134
22 552
255 407
221 555
31 156
120 246
398 585
46 162
257 547
101 324
355 366
368 537
11 232
99 429
264 418
311 451
13 231
4 417
2 446
119 177
261 558
42 526
99 124
344 352
56 542
282 544
44 457
271 309
385 419
297 509
47 437
350 559
178 572
276 286
220 384
274 411
141 473
262 293
106 273
232 546
319 476
13 306
183 507
210 294
97 121
64 341
270 287
41 330
137 442
196 429
19 385
295 457
401 547
53 534
196 233
23 193
104 566
21 472
281 424
87 140
41 65
28 576
519 570
164 394
303 356
236 439
301 575
53 242
329 459
22 321
49 248
491 535
175 577
179 413
56 464
170 329
56 433
379 519
283 435
58 136
122 127
103 292
168 462
169 302
316 405
179 585
121 547
92 136
431 550
162 198
426 564
560 568
114 592
54 540
224 491
495 526
108 394
109 482
245 346
29 473
20 64
62 194
68 442
278 413
282 553
26 344
365 499
427 435
301 313
13 200
175 212
126 488
193 298
361 483
254 555
31 256
233 388
104 175
41 170
122 147
299 391
146 582
370 386
163 524
14 441
40 194
208 521
329 426
370 508
263 288
15 381
0 439
280 382
420 524
302 354
168 412
1 11
223 366
21 516
15 129
275 410
185 444
24 333
54 354
315 347
191 599
341 454
137 502
131 220
399 513
326 528
355 497
202 466
143 499
360 533
246 440
12 390
19 85
2 137
13 308
488 538
364 420
63 319
170 519
122 231
475 592
157 396
320 371
450 558
161 315
574 578
147 200
343 408
61 462
52 515
173 335
299 493
24 487
52 383
93 553
366 434
109 327
466 467
192 445
32 300
164 505
36 129
51 243
333 380
174 284
235 288
27 326
167 174
344 415
261 592
25 78
273 579
162 359
73 236
393 502
25 183
324 390
329 330
403 527
441 533
229 276
181 240
501 502
317 423
167 302
148 549
83 291
534 544
274 436
219 266
296 464
96 543
49 336
93 356
4 426
126 538
248 504
93 540
4 569
276 363
102 437
192 495
225 297
62 385
180 208
26 352
16 273
353 589
155 250
86 155
8 452
15 456
312 356
123 409
480 521
149 427
279 344
88 557
166 484
67 184
387 592
206 359
236 512
71 216
85 404
34 446
127 565
134 443
7 384
496 538
242 491
355 424
317 557
18 26
185 234
124 251
315 561
409 491
37 414
17 441
65 382
250 520
410 519
45 501
210 351
157 469
140 209
178 347
79 125
104 488
188 381
87 568
74 410
33 116
420 444
105 337
198 561
82 209
447 454
314 462
456 557
168 313
133 303
318 559
45 344
333 516
110 213
207 531
363 365
306 308
27 466
293 554
289 448
410 428
71 587
249 303
314 369
133 145
66 181
489 556
15 88
24 183
194 517
201 503
199 381
125 497
272 277
1 17
20 266
67 483
189 270
275 428
92 322
340 555
237 311
37 458
154 485
84 251
158 275
351 431
180 554
167 356
166 567
114 148
392 539
218 336
341 447
61 313
147 209
372 407
289 562
92 103
76 219
101 594
405 428
347 572
90 527
38 505
467 586
172 349
395 578
334 366
6 333
246 327
199 218
460 506
337 460
48 245
272 406
281 355
102 436
450 538
0 265
157 429
137 350
91 479
503 559
332 426
38 487
116 397
448 478
455 524
106 597
32 434
119 589
215 438
329 564
200 308
45 278
188 481
59 447
160 356
296 460
220 309
24 66
207 448
61 471
43 172
184 385
142 237
302 540
378 574
78 446
243 591
38 256
64 222
488 496
68 266
192 535
184 419
130 467
190 500
335 597
269 523
12 269
198 258
211 269
431 587
7 309
10 432
309 384
9 573
341 372
67 75
72 254
72 545
254 340
364 455
35 176
388 525
210 293
85 451
102 179
127 231
117 524
374 553
14 533
58 568
4 52
226 553
47 464
258 580
139 551
20 222
498 509
208 554
261 397
340 570
418 549
440 482
295 385
46 359
315 432
175 316
175 405
5 403
282 375
90 424
161 347
168 539
22 441
81 321
259 523
457 494
474 503
212 566
558 592
152 595
135 320
61 168
328 336
412 462
200 231
449 502
310 357
125 470
189 515
6 113
190 457
157 361
289 588
66 333
204 504
100 329
300 593
10 561
391 557
330 459
546 565
99 196
260 489
119 353
133 356
195 508
353 567
15 188
345 509
109 563
163 420
211 257
68 530
320 523
573 595
270 488
29 325
154 459
290 334
284 365
60 143
536 597
76 266
374 436
94 492
12 523
5 455
488 566
335 531
221 532
445 535
358 541
333 507
168 392
61 369
156 243
229 286
158 175
353 465
195 513
180 262
3 534
111 115
204 336
457 500
369 471
102 506
408 571
174 356
67 295
479 569
143 365
189 488
327 518
135 225
201 278
144 452
255 348
182 410
277 471
28 156
224 409
36 57
30 563
37 410
201 435
300 366
381 456
95 288
96 549
59 454
271 403
132 320
49 328
18 105
121 257
259 373
299 317
250 487
283 398
225 509
109 246
102 375
99 525
109 245
125 454
216 468
401 514
24 416
68 291
280 369
54 411
340 412
206 227
154 171
165 490
220 378
354 367
110 224
17 159
131 574
105 177
211 461
223 271
310 424
253 336
360 457
206 351
11 221
477 536
29 439
21 64
155 165
370 548
357 524
36 498
228 533
146 493
417 426
306 322
73 439
307 444
459 485
67 251
81 304
363 499
131 238
410 458
4 515
270 397
416 427
292 560
67 385
555 562
323 524
3 542
243 576
445 463
55 445
49 582
353 468
369 379
166 587
70 188
177 335
130 586
250 490
140 288
115 234
448 536
176 202
299 557
398 427
454 595
345 510
6 76
110 242
323 403
492 504
205 460
109 440
240 571
157 556
339 529
277 580
204 328
368 539
502 511
139 523
11 81
129 514
469 489
185 584
386 571
158 228
26 511
452 476
182 428
242 534
390 401
42 226
369 462
389 480
438 449
29 73
432 561
512 589
207 478
52 316
6 516
350 474
41 329
281 310
280 471
127 159
223 403
229 249
181 380
11 532
125 595
96 260
97 524
69 358
98 413
417 485
301 471
404 525
160 303
19 419
101 225
30 518
480 572
8 382
7 307
69 574
129 421
164 443
202 227
84 404
317 582
64 472
136 510
120 440
203 226
266 472
94 429
345 498
165 250
264 267
147 565
264 489
26 415
51 343
218 381
78 318
377 491
274 585
196 388
195 548
162 575
74 304
35 202
54 398
55 495
109 518
123 491
151 499
143 249
238 384
470 551
234 584
172 186
57 109
96 556
241 598
422 596
58 297
282 542
359 376
299 582
156 256
134 363
357 527
284 312
448 531
71 166
93 167
112 370
198 315
137 449
131 384
216 491
85 120
393 511
425 453
378 578
99 396
161 581
354 540
74 244
100 332
195 255
99 388
171 319
187 352
25 503
161 432
205 337
5 364
353 409
217 327
362 549
271 395
154 417
228 486
416 435
347 581
268 558
214 251
20 472
237 451
132 138
381 481
11 159
409 468
132 222
44 126
53 192
293 376
33 189
258 301
141 590
382 452
477 565
274 374
99 404
235 263
86 256
291 442
227 325
57 245
15 421
140 568
5 323
149 416
334 358
204 233
87 308
370 571
214 404
23 49
29 77
199 317
89 125
290 358
322 349
297 510
362 475
206 294
197 530
82 438
75 295
389 581
83 137
18 187
100 182
276 499
108 174
12 257
403 524
35 466
144 319
198 575
90 310
155 591
47 542
227 359
43 346
363 443
142 481
99 214
262 554
79 259
52 104
97 357
181 490
187 337
177 589
27 80
598 599
133 463
423 557
374 411
206 210
51 165
261 287
407 447
351 430
275 577
244 340
234 524
198 580
512 567
204 248
27 539
579 597
483 583
44 67
81 221
23 298
482 517
27 467
311 525
70 129
367 427
124 483
107 498
98 344
310 461
96 148
294 359
58 95
313 326
53 535
139 259
382 471
327 598
178 389
233 253
428 577
162 581
69 395
293 521
470 596
105 522
128 169
128 394
120 191
255 447
484 567
34 76
19 120
79 373
426 459
433 465
247 324
196 504
294 376
103 308
314 412
346 517
411 540
425 543
166 468
195 399
16 393
13 349
170 379
93 302
223 334
85 338
387 549
17 40
69 578
377 535
84 419
350 446
194 295
87 103
134 174
72 265
14 552
95 140
103 568
72 368
134 284
74 458
153 245
2 350
83 263
550 590
215 529
473 567
213 242
120 194
120 385
223 395
201 239
114 549
80 265
3 544
321 552
28 505
343 386
104 515
269 373
79 139
171 476
418 469
19 84
105 335
141 587
98 179
500 566
32 366
521 581
353 512
263 449
191 598
78 350
52 426
374 540
208 572
539 545
34 507
1 159
502 529
311 404
484 587
407 516
367 505
30 217
58 135
30 188
8 277
77 512
115 401
223 527
348 508
54 427
346 349
146 402
29 130
477 579
121 305
220 395
74 340
114 558
158 577
206 325
277 382
402 584
38 149
164 363
339 449
91 154
1 22
224 353
398 435
360 494
247 401
4 33
265 588
185 402
251 419
298 317
174 312
0 177
119 522
12 320
289 477
377 445
50 315
3 213
78 559
5 271
244 570
122 200
104 212
297 345
56 110
103 322
18 273
91 319
315 580
88 421
434 593
9 593
180 572
192 203
121 211
278 503
165 591
141 484
118 501
341 407
76 472
352 415
113 516
20 530
245 482
52 332
261 450
266 442
80 467
105 205
13 159
448 477
93 526
102 274
18 393
371 551
513 573
25 416
39 558
45 474
76 507
234 401
111 421
66 487
143 229
44 75
123 468
94 157
18 352
10 198
7 238
6 507
46 202
343 548
91 417
348 370
268 425
158 212
305 524
259 269
252 418
169 354
486 566
107 594
319 452
51 408
285 362
17 194
19 404
142 218
8 272
311 388
194 457
30 327
87 209
60 365
14 275
126 583
230 358
171 452
41 280
475 549
339 502
65 331
153 342
448 588
209 215
160 284
189 397
394 443
147 215
404 451
186 349
118 502
9 399
69 334
287 450
442 446
474 559
272 315
18 511
83 442
123 216
236 589
258 575
87 147
204 253
305 547
17 186
31 86
237 598
335 478
287 496
439 586
100 405
151 286
50 272
107 514
39 268
237 253
86 591
94 469
199 456
97 305
313 575
0 80
321 414
57 563
273 393
162 176
36 400
21 372
363 576
128 354
168 326
255 508
9 434
59 595
51 591
254 588
111 584
254 545
39 425
211 373
160 312
89 355
391 402
353 522
46 227
400 498
17 43
232 555
323 455
179 506
435 503
96 425
224 465
82 263
234 547
203 495
423 456
149 367
202 467
0 478
138 235
42 203
145 526
110 465
420 455
346 482
380 516
52 175
241 327
143 160
402 582
14 22
416 487
42 553
464 522
373 461
30 36
232 562
34 183
31 243
82 449
81 458
401 594
215 565
73 77
220 578
136 292
153 322
17 172
473 484
501 511
48 482
392 412
199 298
339 438
0 586
414 552
459 564
498 594
129 498
37 81
112 508
35 326
8 144
282 437
469 492
212 486
136 342
135 297
276 576
218 481
18 337
290 366
306 349
108 167
528 575
348 407
111 557
40 533
304 555
235 291
36 70
233 311
49 298
29 590
300 355
205 464
103 560
43 194
28 164
537 539
182 519
72 588
546 562
412 545
112 348
209 438
240 408
226 544
252 475
518 563
40 457
216 377
89 497
196 492
182 405
173 448
272 580
56 465
273 597
237 481
74 519
44 500
308 322
433 464
221 304
239 413
130 325
421 514
79 470
536 579
50 406
273 477
3 242
260 264
267 418
35 528
127 147
430 431
232 532
197 291
1 321
412 539
34 78
193 199
293 294
124 214
100 316
165 240
325 467
53 491
226 534
118 137
80 368
376 521
220 271
62 120
208 293
138 320
289 565
210 262
173 531
222 596
287 397
222 422
245 342
26 45
53 203
115 584
55 133
425 583
7 364
145 356
38 367
77 567
159 349
108 302
201 413
152 300
184 251
177 236
417 479
41 379
255 513
202 325
279 413
240 490
138 197
285 418
256 505
32 593
108 443
47 282
488 515
144 272
26 501
230 434
175 428
371 422
171 459
532 555
258 471
364 444
457 486
256 520
10 581
30 70
71 468
128 367
4 116
386 548
541 574
281 497
188 217
181 571
245 400
394 505
313 528
100 426
258 277
12 401
205 522
257 401
93 374
163 185
253 311
340 545
27 537
111 391
361 453
375 437
25 318
226 282
265 448
254 289
400 510
66 250
126 483
217 598
62 295
278 279
1 441
464 542
82 140
265 368
219 446
252 285
149 487
380 407
98 337
29 550
115 514
144 406
402 444
39 148
12 324
206 550
327 599
252 362
183 416
146 391
118 350
320 324
413 585
331 382
95 138
437 506
132 422
16 565
120 599
260 556
93 145
173 597
56 213
148 543
285 549
280 331
160 249
447 595
124 396
411 585
80 586
108 128
25 435
334 395
63 154
193 218
152 355
143 286
228 494
233 504
353 433
173 536
199 423
208 480
118 474
264 469
158 533
267 549
255 573
326 539
217 481
246 599
193 336
375 436
147 308
170 182
51 240
290 434
83 449
54 585
304 458
361 556
79 497
182 329
105 106
16 529
298 582
526 553
307 364
303 463
76 113
34 219
115 421
217 241
157 489
372 516
36 563
445 495
383 515
141 550
156 576
92 292
98 187
97 211
151 276
88 456
63 91
453 483
222 530
132 197
96 267
2 442
95 235
19 338
266 446
185 420
126 425
429 492
181 333
181 370
275 414
343 571
473 590
453 556
11 321
230 290
18 106
5 309
438 529
11 546
325 550
5 7
426 485
296 437
300 573
128 505
268 450
101 509
159 231
190 566
40 441
268 538
183 333
248 328
171 330
63 171
399 573
493 582
58 138
156 505
110 491
55 463
97 461
314 379
66 490
39 114
47 296
40 360
412 570
37 275
262 430
39 543
131 378
65 171
133 495
15 70
172 346
225 324
17 349
153 349
187 344
176 575
155 520
50 144
205 296
263 291
289 546
307 402
16 215
120 338
98 279
90 366
78 183
23 76 543 79 313 153 169 389 39 450 253 268 581 131 385 409 77 452 542 196 70 542 430 565 412 325 525 217 20 396 487 388 522 149 362 488 355 71 184 560 405 210 457 17 393 243 198 275 589 256 483 232 124 6 473 302 312 482 456 420 577 224 208 278 396 183 446 351 459 548 329 199 556 471 49 194 104 532 321 405 366 177 176 525 106 537 121 527 473 244 399 237 245 397 118 290 223 21 487 557 122 349 271 68 246 2 192 525 415 588 182 527 243 283 38 292 371 305 468 312 572 147 145 296 417 534 417 189 575 115 130 146 269 477 45 518 40 347 330 65 434 556 590 360 194 168 364 333 283 443 447 284 111 35 135 466 153 515 59 512 359 515 336 435 470 118 106 345 94 254 522 528 407 26 558 70 384 89 547 506 109 391 223 289 492 9 521 68 240 224 469 159 140 219 177 510 115 415 82 208 65 204 431 398 348 277 585 78 306 461 278 55 42 439 365 97 248 6 338 515 231 370 312 363 156 171 241 134 451 251 10 206 545 495 420 163 204 516 321 479 541 17 334 379 381 566 519 119 595 64 279 458 507 309 389 204 393 448 456 296 51 63 504 190 233 54 88 348 63 400 396 521 155 237 583 0 166 158 35 468 106 0 568 17 441 407 84 176 149 58 553 467 462 218 378 349 368 530 6 183 526 37 387 181 296 15 434 25 303 505 400 182 520 384 342 216 462 524 100 61 431 103 215 61 545 319 551 570 134 10 30 197 94 418 339 112 326 77 137 57 244 26 430 0 289 599 129 303 589 352 442 378 537 186 85 212 121 112 257 279 2 192 535 235 526 64 79 337 166 532 30 231 509 294 33 97 296 460 37 519 394 225 161 143 302 151 266 287 154 156 51 408 365 108 196 13 136 3 178 475 484 291 559 391 303 320 186 181 584 106 548 342 579 119 181 379 189 59 343 136 461 510 412 382 578 162 515 403 510 545 372 306 299 340 167 545 516 52 392 591 235 587 48 322 21 566 492 229 593 324 342 137 178 264 529 336 333 81 421 352 512 206 455 83 80 507 377 79 308 452 470 178 362 485 509 151 596 401 583 440 538 324 204 586 307 590 230 574 408 159 45 162 468 557 535 82 280 462 14 306 190 371 239 346 501 588 142 172 125 457 27 515 301 223 67 526 101 331 89 545 543 357 419 1 387 368 287 428 306 439 390 404 94 343 459 146 340 510 438 94 588 214 596 19 342 258 180 157 580 599 581 485 324 442 183 407 234 141 316 580 112 229 155 214 587 340 194 123 106 432 197 307 596 443 505 400 525 347 327 144 145 167 562 453 370 513 22 373 489 238 142 230 25 598 398 69 497 229 483 556
794 642
457 668
540 306
898 383
423 924
95 161
558 184
20 211
679 942
246 3
840 910
504 648
278 288
450 571
430 731
149 434
588 458
379 656
662 445
163 686
469 245
482 203
436 682
26 522
640 142
648 245
636 394
769 736
807 44
899 683
186 530
732 34
224 64
388 926
580 246
801 770
192 477
492 753
728 126
187 917
378 695
598 864
934 316
346 654
294 803
644 345
860 789
839 372
290 545
7 539
790 976
626 19
425 871
958 383
765 224
982 278
860 436
235 488
340 423
363 134
937 119
708 816
290 674
543 988
450 195
618 918
621 117
253 743
483 295
65 41
175 507
999 575
699 671
871 642
554 764
284 765
535 238
890 599
601 264
316 182
779 696
511 697
470 403
519 355
154 719
161 635
704 61
431 494
120 425
322 138
197 126
520 989
357 502
875 235
11 755
414 380
104 895
207 237
721 372
90 734
512 850
249 345
813 318
396 473
419 846
764 487
732 485
216 392
847 139
247 550
896 458
93 385
480 67
522 181
179 952
107 354
391 962
97 254
611 337
824 537
216 650
184 246
480 533
977 502
141 756
351 155
250 835
531 556
791 154
182 410
845 697
2 123
423 312
966 226
875 135
324 385
323 455
553 341
370 376
324 211
438 430
980 674
79 550
963 59
688 990
916 230
20 378
486 504
136 922
705 171
37 818
927 23
320 100
353 527
521 959
674 64
784 32
48 788
413 769
475 603
964 157
843 947
865 867
91 289
840 76
656 44
974 597
875 182
711 759
814 150
579 822
591 947
380 614
687 549
898 169
434 815
822 832
822 590
893 986
754 346
996 907
579 94
530 820
615 229
220 717
57 297
405 614
699 416
146 517
348 923
333 822
182 625
988 346
52 527
323 659
414 32
16 694
454 328
788 893
81 482
473 559
696 285
836 760
937 353
40 605
788 432
902 784
707 601
972 925
474 467
942 828
242 257
391 808
895 417
124 733
515 482
1000 459
142 570
92 517
557 253
46 125
535 651
424 281
113 96
897 511
299 365
908 324
869 763
372 758
985 21
211 9
500 576
548 623
39 640
122 283
468 355
851 617
104 589
7 165
729 285
610 45
165 577
924 430
697 0
580 747
289 520
228 565
233 328
3 571
998 130
661 94
176 747
10 982
86 606
617 679
406 89
734 99
215 270
723 899
300 212
69 873
308 977
978 855
498 344
32 860
741 656
512 263
69 912
232 895
288 242
320 934
81 119
748 957
631 492
828 260
463 751
870 0
700 923
682 318
693 346
640 848
277 135
880 334
702 249
912 133
17 959
955 19
293 947
455 375
609 616
130 12
478 328
352 463
937 882
908 855
287 731
787 398
293 407
19 477
54 416
260 57
733 854
845 186
999 175
556 722
151 252
408 554
17 240
429 520
59 162
235 162
107 648
932 157
723 798
635 799
789 947
456 856
47 456
628 259
629 995
330 340
476 696
384 553
119 197
290 326
883 706
756 764
194 559
21 586
548 862
586 914
625 866
468 883
601 150
103 53
726 526
51 550
751 408
186 653
538 416
590 718
418 159
319 481
544 2
683 372
266 419
323 567
828 992
446 109
431 607
583 318
948 786
653 413
876 532
793 184
289 106
932 194
187 173
97 10
884 811
372 727
109 813
68 978
878 81
45 246
908 87
177 77
756 192
695 701
661 834
506 68
343 270
442 169
270 195
852 256
854 295
889 869
999 413
7 88
612 831
520 112
114 507
651 893
416 895
32 167
238 701
524 20
160 981
68 677
917 967
268 318
51 380
700 737
612 458
815 109
81 68
108 760
334 978
734 261
352 0
247 449
185 323
26 350
123 145
132 685
472 815
732 977
415 125
584 32
924 513
503 781
804 245
667 735
723 316
474 720
662 384
650 186
477 955
14 909
194 728
69 267
154 405
396 271
78 451
237 132
184 863
502 895
701 209
480 792
37 744
996 784
996 717
825 928
843 460
202 38
683 264
821 290
821 342
517 450
835 648
276 611
414 695
514 296
860 101
30 284
1000 297
553 284
395 141
678 604
525 391
270 925
138 637
648 953
151 837
380 160
84 235
113 460
318 778
525 746
549 911
756 383
241 195
667 789
1000 212
809 422
876 489
794 747
806 715
964 559
11 847
346 222
690 878
506 212
928 661
633 321
102 994
625 958
626 517
786 617
455 982
934 942
113 547
293 573
177 786
954 627
505 940
355 806
673 130
304 879
54 845
622 66
955 425
9 730
15 412
346 756
952 261
297 905
295 151
246 407
921 46
287 825
601 394
582 426
638 294
14 620
790 83
772 364
587 191
454 64
246 375
299 463
632 426
896 569
371 34
166 365
389 890
497 154
308 613
215 541
573 789
683 109
909 923
807 483
307 268
120 247
99 678
919 260
156 140
773 797
542 469
463 276
732 587
558 651
404 738
928 376
990 380
662 545
745 722
251 874
721 716
816 219
38 1
854 408
131 899
899 358
671 707
583 590
182 295
471 41
104 935
932 753
358 251
451 709
884 286
984 887
571 672
113 839
84 421
227 919
600 294
369 447
812 902
591 643
212 517
532 879
569 529
342 848
919 587
395 431
419 960
613 746
544 51
945 998
332 45
7 50
757 864
796 4
441 782
30 53
652 510
731 924
883 962
2 438
196 813
63 354
774 252
818 692
991 636
661 645
836 567
943 687
682 30
211 983
259 29
216 365
350 115
390 236
678 506
161 600
204 600
