600 968 600 1079 7
186 499
30 112
1 520
319 428
106 365
74 491
195 489
144 531
54 269
51 391
26 280
512 585
154 225
305 362
205 350
522 590
159 425
197 312
135 596
76 323
326 337
52 570
107 582
67 421
111 303
29 334
435 517
424 429
275 357
34 63
578 592
415 472
171 227
418 591
285 569
188 305
481 521
321 359
113 532
256 396
358 381
42 573
329 565
448 594
200 280
326 409
285 404
433 518
236 507
135 204
411 566
126 211
184 351
233 254
101 486
397 573
426 470
457 485
359 376
163 308
124 475
19 154
125 282
97 409
239 456
168 309
48 551
163 339
131 477
162 444
99 354
311 495
45 359
422 561
236 359
353 539
366 568
366 564
19 75
49 249
147 373
367 401
52 123
11 300
266 270
317 566
114 521
117 283
21 520
552 590
161 556
329 406
134 557
38 106
314 589
202 382
295 398
35 374
402 497
252 280
269 294
167 472
130 538
61 264
250 282
286 599
179 523
136 352
71 266
465 517
385 511
207 266
0 528
347 549
280 413
126 430
498 573
343 384
138 465
78 218
86 560
134 213
2 288
287 472
460 500
390 540
29 531
16 330
396 448
320 432
3 393
437 546
33 297
308 399
160 305
389 427
0 155
117 350
47 114
6 96
435 563
89 95
214 220
249 508
72 98
433 473
95 295
351 363
563 571
187 472
151 474
209 313
334 531
5 262
353 407
260 298
21 82
4 70
351 530
191 383
426 463
88 470
164 389
325 397
45 453
269 438
9 105
406 539
28 575
102 260
436 467
175 248
16 30
98 385
6 265
86 501
144 406
309 546
133 257
81 273
79 463
104 541
203 358
440 495
200 555
60 456
347 426
99 452
6 239
202 399
117 205
294 390
45 427
571 590
190 386
18 120
528 546
110 390
205 437
19 337
287 415
14 558
298 512
393 587
333 591
61 137
218 468
21 516
231 277
70 230
513 534
57 541
194 216
93 434
62 152
66 187
412 487
153 405
76 206
40 410
3 458
121 596
350 528
13 316
406 531
75 372
140 575
357 473
116 184
457 497
168 398
182 276
189 260
342 480
131 357
340 521
142 535
0 546
3 463
241 451
62 104
426 479
83 130
502 540
147 584
306 524
347 441
143 325
235 240
96 348
484 547
441 525
365 451
35 266
15 418
206 323
215 598
157 343
208 219
342 478
37 268
221 558
27 339
238 434
32 199
452 495
102 176
193 232
508 518
467 561
422 499
33 571
124 156
143 153
7 44
108 357
17 559
400 458
232 302
212 455
12 360
30 257
184 326
306 588
242 416
78 296
71 499
88 432
195 296
238 372
76 368
51 61
116 579
364 503
403 434
304 369
125 558
441 503
165 200
459 598
335 523
216 460
179 489
178 197
267 276
223 578
236 497
258 351
157 316
1 552
68 288
266 543
234 360
74 150
52 431
417 455
26 136
36 456
39 592
249 282
166 487
431 487
196 556
420 472
452 597
276 588
39 346
413 466
272 360
129 243
100 347
246 336
127 305
52 448
60 360
139 188
65 552
504 553
64 259
86 93
47 454
478 480
531 565
162 224
10 266
336 530
192 566
505 526
58 107
510 556
390 494
201 508
27 220
181 376
501 560
242 461
172 392
352 375
145 265
311 581
155 350
111 440
42 211
522 552
414 434
5 55
276 338
263 299
48 583
224 339
263 577
138 513
224 444
261 358
348 457
351 391
300 521
152 370
202 308
496 547
12 72
71 305
128 485
237 413
394 446
0 368
100 188
320 450
143 550
222 468
171 476
131 275
159 563
38 241
38 490
286 317
318 401
320 373
218 527
245 471
184 530
183 299
37 241
183 498
234 272
459 590
289 544
355 504
190 228
106 376
109 569
1 23
70 583
210 325
235 294
261 381
380 481
370 562
119 443
328 530
210 226
141 298
345 506
236 376
72 360
137 592
473 518
111 519
334 455
118 505
223 258
177 588
248 563
263 489
70 350
30 129
27 374
21 253
45 98
75 403
497 507
153 394
186 467
297 459
335 595
24 133
63 504
68 298
11 419
212 599
119 490
370 539
442 569
163 295
112 190
211 531
222 595
377 411
333 354
148 292
141 277
281 431
470 593
475 478
134 243
66 354
359 385
296 564
421 499
273 352
65 563
6 580
126 532
8 138
364 422
50 504
115 478
54 158
50 91
174 566
100 139
397 498
123 431
318 465
501 527
237 466
194 371
181 389
165 534
127 266
11 433
169 549
42 210
442 577
28 193
186 254
364 499
324 443
398 542
313 358
286 417
376 490
152 381
37 443
230 353
244 447
311 440
114 436
116 189
295 408
80 366
369 453
364 525
487 506
113 183
42 397
320 584
114 278
227 476
262 285
224 410
146 423
77 438
152 562
13 111
147 198
284 418
415 597
105 456
138 239
143 361
260 288
121 135
395 505
32 369
172 515
73 218
210 462
149 592
301 393
115 475
243 491
283 307
55 319
46 486
35 541
359 582
33 590
155 528
133 159
384 452
140 193
216 480
81 514
17 84
185 398
375 492
47 255
288 298
89 542
52 471
362 584
69 270
66 420
476 524
446 498
81 492
53 149
244 481
513 555
249 250
192 317
318 367
88 479
243 361
40 224
171 516
208 497
55 262
37 267
125 544
111 343
90 418
150 210
221 395
385 582
204 483
108 235
512 515
210 557
243 367
405 486
137 247
222 259
97 189
220 541
187 420
217 496
10 499
209 565
329 539
269 502
360 511
191 418
547 567
77 108
315 559
448 598
257 330
41 520
10 71
171 306
226 455
473 587
258 290
226 417
28 124
128 348
174 322
237 317
52 506
35 69
282 395
393 536
172 589
179 532
6 331
78 527
74 557
93 560
449 594
386 486
226 334
59 505
431 506
171 253
28 37
2 97
228 256
370 551
544 558
323 327
242 587
308 464
458 494
254 436
91 509
124 488
191 544
67 174
196 529
255 380
485 490
73 350
204 424
72 91
132 313
183 439
201 419
153 325
271 275
126 179
114 454
361 550
22 353
196 445
69 374
264 592
222 482
18 305
19 409
37 177
109 403
252 317
300 340
299 532
180 496
108 587
240 494
156 500
169 584
317 413
170 591
403 404
296 595
172 176
128 443
107 511
259 350
57 104
312 559
368 378
137 392
35 104
178 196
377 436
398 408
94 491
137 484
38 379
88 426
53 592
54 85
311 452
390 548
126 407
18 121
56 397
360 385
82 276
445 556
69 339
55 446
382 429
206 220
96 227
98 360
314 391
100 493
259 595
284 383
312 315
15 544
260 512
517 563
84 92
245 484
244 441
122 388
87 324
240 548
432 450
326 328
44 274
12 161
53 256
243 318
136 200
585 586
339 444
34 504
249 291
259 468
293 327
79 426
141 423
9 234
51 314
142 147
458 576
26 200
0 293
387 565
122 572
192 286
252 537
98 453
258 344
8 200
58 507
241 268
135 251
201 279
112 153
169 362
314 351
58 219
420 597
106 181
72 509
132 565
194 451
156 232
118 196
505 529
161 165
252 514
77 158
84 278
113 439
417 462
346 592
261 313
203 292
20 468
165 375
245 592
231 585
246 328
519 544
70 353
275 518
16 257
12 445
70 259
142 198
53 396
407 531
237 286
7 572
113 299
337 404
378 545
430 532
332 512
12 91
92 278
100 525
138 331
236 490
18 362
208 402
511 582
157 384
154 310
173 248
15 191
439 498
11 17
379 451
481 503
110 294
144 539
110 540
244 393
124 460
148 358
469 531
13 157
247 592
285 442
213 574
35 62
205 528
48 155
31 244
43 279
34 199
440 519
64 73
120 160
50 505
402 457
339 399
491 557
151 510
304 389
48 83
87 306
97 288
24 257
176 589
16 112
65 590
392 547
165 510
108 287
106 379
212 387
44 229
432 479
292 313
60 511
45 304
46 336
161 510
81 352
262 336
158 438
59 395
9 60
258 336
60 107
40 120
267 588
350 583
250 529
125 519
206 214
198 535
175 459
76 378
89 356
45 389
66 99
33 563
271 508
39 570
158 472
80 86
132 261
9 513
254 467
499 561
263 532
273 375
10 207
122 202
237 557
236 582
157 415
314 579
221 553
186 421
65 145
493 525
17 300
80 349
200 401
366 569
384 415
53 346
34 355
374 541
13 131
303 384
81 136
2 423
255 481
227 524
3 441
448 449
202 429
84 514
536 587
219 456
268 342
63 355
255 422
172 180
35 381
99 333
202 464
390 576
16 228
1 253
101 190
2 409
151 197
356 388
489 577
161 234
26 537
14 553
150 325
527 554
103 121
115 488
312 375
89 295
491 550
2 310
186 322
36 513
79 533
310 409
92 514
204 429
341 403
25 353
326 530
102 515
413 574
321 427
134 237
60 105
22 126
264 578
10 56 219 138 422 395 229 341 11 263 229 19 18 41 82 190 361 280 331 539 570 571 576 20 430 570 358 24 376 286 301 426 135 103 451 575 446 260 343 545 348 167 250 307 555 12 161 396 21 298 362 53 17 102 24 145 288 250 296 356 305 388 38 131 336 447 167 34 164 338 118 108 259 11 190 397 8 397 3 547 277 44 157 52 167 203 510 196 545 552 538 474 67 134 338 493 569 223 79 370 448 514 195 304 41 492 324 20 491 33 198 16 454 65 123 543 240 370 429 211 328 276 174 176 240 272 534 353 496 111 508 489 200 569 501 431 168 241 88 34 323 391 359 190 459 112 280 505 531 76 108 361 259 424 25 69 273 339 591 113 27 510 330 178 367 359 226 505 316 272 452 592 104 173 229 390 503 290 575 222 397 568 65 256 56 559 564 37 424 117 542 173 487 133 192 130 499 532 350 136 444 264 360 544 584 2 556 184 436 425 327 72 306 486 333 92 546 237 249 209 437 494 95 46 226 362 277 145 323 122 282 67 512 326 419 304 41 433 157 386 590 182 388 164 513 381 513 82 381 257 500 568 555 293 268 149 229 162 101 421 275 108 239 587 270 137 178 477 368 38 568 55 124 304 116 249 526 366 247 190 245 384 593 66 10 285 128 323 564 435 90 515 110 97 255 459 303 534 274 300 481 548 318 562 298 34 482 564 300 152 506 262 214 22 85 258 300 342 116 68 552 361 246 456 556 316 247 506 420 271 173 386 67 285 551 252 466 115 37 525 194 443 48 96 82 148 557 256 34 596 76 113 450 63 365 450 430 466 541 442 26 163 536 211 394 99 125 244 164 410 590 505 514 174 165 223 40 30 96 553 176 217 67 131 450 54 211 175 164 65 51 147 334 240 387 232 262 197 534 414 60 0 585 313 427 529 297 525 114 165 250 429 562 370 25 345 67 548 231 284 325 36 475 262 395 143 488 298 561 249 334 283 291 409 275 226 381 458 183 533 189 342 554 320 447 405 269 403 466 566 489 547 526 237 510 71 368 341 588 262 113 234 320 78 54 452 409 447 180 497 320 79 171 102 566 516 460 58 418 480 216 276 339 534 557 110 501 113 515 198 216 383 151 562 177 555 107 398 190 275 515 328 421 21 393 274 208 317 442 194 7 215 554 199 386 203 198 401 54 493 50 557 446 416 515 589 425 54 354 76 284 181 8 231 347 474 288 351 275 76 288 386 334 299 341 155 551 246 383 535 144 152 516 390 430 5 151 363 114 356 454 360 555 281 488 406 593 252 44 63 536 415 518 324 138 408 497 31 445 18 390 569 180 175 241 10 524 466 36 7 324 188 485 160 117 574 577 502 107 365
684 859
58 397
142 903
839 404
589 864
322 778
256 277
965 996
404 358
425 223
740 591
667 292
502 170
822 204
746 9
849 64
276 557
640 369
911 626
247 885
493 910
10 310
496 777
101 411
278 485
572 817
485 358
789 799
68 109
481 665
316 558
784 432
434 15
226 447
563 27
760 747
357 259
120 167
238 86
109 615
862 730
61 346
444 677
626 268
936 988
393 45
246 718
707 489
631 826
738 115
578 90
63 754
79 543
157 654
993 266
345 785
421 648
733 809
332 141
665 58
402 193
68 713
688 794
607 23
567 949
220 371
987 124
647 562
109 901
820 778
565 843
777 593
485 86
556 982
431 600
250 926
739 873
905 272
447 954
894 443
381 917
540 359
16 261
616 791
614 360
960 304
398 946
132 211
987 489
874 944
913 54
518 127
602 416
362 961
421 532
838 921
230 251
150 874
458 97
929 93
830 542
234 670
28 841
963 623
722 788
385 213
252 53
404 148
824 275
303 910
964 377
789 149
291 583
381 754
706 419
107 66
129 835
613 938
606 164
211 139
875 683
899 661
978 893
23 575
64 78
753 82
460 775
801 677
201 186
340 546
574 793
800 237
635 686
272 453
445 535
954 729
483 311
48 672
345 310
861 571
43 127
110 943
976 652
341 570
558 726
189 368
173 981
961 600
701 629
212 656
401 600
548 211
677 757
333 596
204 960
641 872
37 47
860 210
936 252
308 446
853 655
488 195
861 767
863 852
369 37
480 270
109 438
994 223
756 964
902 566
942 10
132 266
38 788
233 557
595 563
181 507
53 812
102 195
602 230
461 812
3 795
290 27
12 187
360 713
133 796
820 969
678 557
991 200
844 592
74 845
246 632
838 40
567 546
20 119
166 8
424 863
597 200
568 256
995 673
495 41
461 337
659 203
938 850
720 664
928 762
625 917
764 851
718 600
299 187
644 646
439 622
486 702
556 609
450 458
751 824
146 463
108 37
19 756
505 1000
325 197
794 844
692 59
523 902
165 717
907 784
230 996
493 607
187 247
257 575
900 970
529 830
97 976
12 53
657 500
445 203
866 318
325 113
486 512
262 994
337 271
862 342
185 108
756 305
376 508
821 432
67 641
265 787
88 654
253 505
707 165
660 167
982 711
545 426
80 321
631 485
729 479
180 589
288 523
182 745
555 916
46 912
667 716
295 789
409 801
113 699
237 328
765 671
59 175
118 118
959 327
823 711
752 184
459 177
550 320
971 957
751 213
53 215
78 945
680 387
639 223
500 406
36 499
712 99
632 978
855 17
291 845
545 529
897 233
65 884
804 68
225 693
727 184
669 652
728 895
899 327
854 898
437 929
229 485
52 938
375 795
712 362
808 355
39 83
846 160
400 3
855 614
100 237
677 979
911 867
702 970
171 933
877 84
589 271
700 696
81 771
626 308
832 243
535 465
329 436
298 727
968 554
320 59
612 537
773 889
149 194
368 611
199 842
743 913
240 814
592 686
246 527
312 294
1 900
964 70
506 650
450 844
253 763
280 822
25 223
839 818
776 409
337 949
155 107
824 174
200 694
121 477
140 625
881 496
214 221
413 927
595 909
121 775
506 285
550 790
986 90
590 0
930 957
798 272
744 684
356 86
462 139
370 543
893 603
147 742
791 538
241 1
363 899
396 443
710 869
409 25
658 780
130 29
237 957
987 580
796 774
538 287
293 58
580 464
732 847
227 61
755 472
703 747
997 846
810 17
906 176
435 92
301 608
586 607
958 932
343 15
922 381
102 743
36 711
832 346
353 648
680 105
149 586
388 649
812 921
899 828
869 432
405 395
265 249
288 938
283 896
306 679
595 713
540 744
821 878
181 897
896 735
602 475
32 447
491 431
264 967
918 199
739 321
517 551
881 43
659 253
983 165
700 566
762 546
125 966
969 778
329 497
932 490
344 50
269 725
996 795
411 724
55 519
941 537
721 300
290 972
281 408
655 474
653 939
944 287
383 714
812 114
840 486
325 851
171 201
867 792
572 132
340 732
816 474
152 544
124 511
991 543
224 36
932 135
466 55
718 455
527 632
356 210
237 204
871 398
184 477
62 29
770 333
497 579
868 477
896 921
335 372
488 462
678 518
536 965
565 646
974 468
26 611
959 226
755 277
543 255
96 103
155 258
786 199
122 84
917 535
134 61
745 446
512 932
987 741
37 651
232 180
280 689
59 462
80 60
381 847
240 113
438 563
578 303
840 514
865 369
887 147
14 726
281 166
356 673
761 573
51 7
420 971
981 348
788 513
638 32
627 86
85 510
320 165
727 210
525 65
506 225
410 117
21 924
411 258
585 365
3 841
61 280
261 375
696 231
783 112
19 370
725 384
160 407
489 799
149 229
816 520
642 128
462 975
652 900
634 161
168 781
545 686
412 762
918 407
437 266
953 679
808 326
512 369
603 761
603 738
998 419
757 795
849 944
779 643
763 46
700 829
680 929
25 684
889 350
877 547
393 569
671 814
143 386
708 14
414 999
409 296
548 162
470 554
725 53
633 339
378 991
723 520
648 738
266 429
392 896
609 665
578 493
15 634
361 930
310 876
63 605
210 413
992 942
405 700
421 439
14 161
893 413
348 818
139 705
97 827
250 309
848 90
372 139
605 824
942 563
58 995
34 991
793 302
81 210
76 812
191 432
968 31
126 673
995 447
120 534
482 882
926 682
940 182
156 499
580 582
