600 1024 600 1156 6
208 529
59 518
63 513
306 381
89 512
163 356
403 549
257 403
361 591
200 506
257 285
22 199
582 588
15 523
186 369
332 451
134 506
62 400
92 388
523 569
44 300
338 591
319 468
131 136
207 361
3 490
342 385
232 563
288 539
8 230
402 498
315 518
172 290
159 363
212 269
79 486
214 241
159 178
302 361
192 416
3 25
374 577
118 561
23 418
179 204
221 475
282 597
119 513
220 304
333 385
11 176
395 467
219 250
190 377
30 344
490 539
66 451
342 369
202 476
233 248
29 143
36 247
122 516
319 345
387 558
18 62
72 296
69 133
81 99
97 543
375 437
46 54
383 475
19 426
136 518
115 425
168 401
90 267
249 529
162 360
53 79
100 563
40 391
70 551
134 429
165 542
7 304
316 445
402 558
214 386
98 198
75 510
32 287
3 174
186 356
9 119
149 565
560 583
163 186
8 477
72 569
380 394
228 297
150 399
283 367
43 584
456 511
338 361
176 332
428 489
91 211
46 376
272 587
28 186
132 277
59 322
281 366
6 330
108 568
40 314
83 201
142 527
21 404
302 510
30 221
201 593
82 107
484 571
350 497
366 575
229 256
14 369
25 29
379 464
406 556
49 259
270 427
132 214
405 566
190 512
406 564
368 456
519 540
201 331
245 251
136 595
133 147
368 380
0 29
395 561
25 575
38 292
455 573
74 288
109 290
356 371
556 559
539 589
116 234
550 586
227 305
22 480
353 423
6 305
14 501
183 503
92 271
404 467
94 521
93 110
176 541
206 251
378 568
180 591
401 575
18 465
56 386
140 306
13 443
329 480
56 241
324 530
222 470
109 184
104 508
426 443
360 550
458 511
352 521
186 371
242 264
440 545
458 546
100 144
330 398
78 337
306 438
407 502
509 599
281 401
74 374
301 464
138 320
65 134
367 437
36 138
197 277
136 315
410 534
164 327
81 414
15 72
125 210
26 470
212 556
138 354
371 489
224 521
141 256
420 478
159 397
82 362
110 210
142 200
78 216
408 598
19 481
101 205
163 567
194 237
106 187
57 106
341 565
384 585
328 360
320 375
1 211
126 178
10 358
50 575
165 580
76 578
141 229
207 456
449 572
243 466
402 476
124 533
225 295
33 165
130 271
422 500
109 507
492 552
483 563
150 551
46 396
250 381
395 472
226 522
405 527
169 477
79 84
4 582
78 144
223 559
254 505
119 127
103 107
251 316
113 329
167 394
12 187
228 303
73 488
112 384
117 337
48 321
87 314
302 526
99 379
33 284
13 150
216 361
148 523
266 480
118 247
451 541
65 429
30 263
113 357
40 258
488 575
47 300
116 183
347 381
94 472
95 242
127 374
79 260
242 473
425 460
238 408
465 578
379 413
129 430
506 566
63 585
246 358
185 210
247 375
178 583
234 325
426 590
132 438
359 437
106 448
80 494
305 389
137 209
387 493
157 406
68 509
456 504
361 390
55 209
387 576
327 420
154 395
145 554
6 377
93 185
65 405
58 400
413 464
38 392
502 553
365 476
96 286
323 555
263 544
30 173
37 535
181 246
185 292
6 444
34 588
232 423
433 553
337 432
497 528
101 417
307 538
264 593
123 466
459 530
87 418
454 530
75 543
476 498
298 385
409 457
262 587
473 496
163 265
42 205
28 371
112 127
325 391
157 564
477 502
70 399
261 594
467 561
53 71
51 479
219 410
21 61
302 309
168 281
280 360
348 552
308 368
80 515
227 310
139 195
66 130
370 519
25 343
237 527
302 555
259 385
306 347
287 327
45 455
106 255
7 164
309 432
577 593
74 299
64 191
314 502
246 252
66 271
216 591
97 403
227 256
101 294
188 354
209 345
259 434
388 524
275 481
126 336
31 543
34 35
11 332
95 406
88 567
243 475
434 550
232 442
181 467
153 234
101 428
275 443
283 485
128 441
329 541
149 496
247 318
46 506
386 485
288 490
10 246
145 553
99 464
416 476
175 565
377 512
154 270
98 331
23 60
220 327
78 180
51 414
70 317
221 344
70 532
48 465
289 477
135 136
77 403
174 343
439 488
64 529
294 428
226 445
50 281
300 476
114 533
361 520
189 404
171 213
157 263
34 204
80 229
297 303
514 533
488 516
528 599
55 595
394 537
219 548
417 457
364 432
377 444
110 185
425 509
360 547
280 328
187 229
177 399
63 536
324 459
278 453
101 596
65 506
65 139
20 237
12 249
291 419
375 499
138 462
180 465
152 280
9 326
92 114
195 197
272 580
89 432
71 182
433 477
412 546
196 286
211 497
44 535
205 596
362 540
9 137
123 585
2 485
260 367
496 593
322 518
250 410
170 348
471 544
177 419
58 431
120 213
174 468
5 292
471 541
187 529
68 330
121 553
194 197
207 412
81 446
325 579
342 524
352 581
50 366
24 308
373 470
41 277
149 455
141 187
71 552
281 490
198 299
17 446
255 515
177 291
8 169
488 587
42 420
298 333
58 430
27 271
217 568
108 156
14 463
214 277
316 578
522 568
104 366
179 531
155 206
72 148
312 581
1 68
181 499
139 405
155 519
143 343
264 473
231 562
63 112
352 397
125 162
294 346
317 514
563 570
325 549
161 449
381 531
584 592
18 144
53 182
192 202
193 544
204 340
64 440
16 214
99 276
10 486
403 453
348 486
303 529
29 594
308 365
307 391
162 434
310 512
85 437
567 586
269 424
219 347
254 384
44 156
31 327
371 584
257 543
84 260
119 326
52 446
476 511
357 471
417 596
367 525
193 223
19 275
301 594
183 547
95 264
78 526
218 404
239 595
37 568
516 542
469 491
86 133
357 541
149 201
491 530
265 313
121 554
160 554
193 451
205 435
198 508
503 557
151 568
48 411
130 223
265 434
3 539
404 460
187 303
193 559
44 47
286 295
87 289
120 578
198 506
369 388
137 345
393 592
226 349
365 368
167 461
537 555
227 353
352 530
226 412
312 583
261 267
59 143
153 307
111 291
236 523
142 366
361 526
64 427
262 439
90 165
309 337
113 471
173 344
36 373
131 595
72 214
233 338
321 450
89 364
69 159
239 517
51 421
40 418
4 272
224 395
151 156
22 266
418 579
203 205
124 271
83 593
284 587
16 386
175 185
24 380
103 226
380 537
509 528
265 567
210 503
30 123
472 521
437 525
276 311
312 500
558 576
115 189
145 160
11 541
487 497
48 180
54 98
82 540
373 422
152 334
450 591
146 319
13 447
336 459
456 458
419 584
550 567
454 491
244 449
39 506
499 561
129 171
258 325
326 517
48 578
73 594
88 489
138 375
98 299
95 577
64 404
108 522
469 545
417 576
243 585
402 416
62 442
4 340
281 288
14 388
81 594
16 72
94 581
107 362
341 455
79 170
166 191
323 361
278 364
74 201
346 562
310 563
182 553
300 458
14 351
105 360
373 462
311 415
182 598
287 328
61 297
68 425
176 329
355 371
9 571
105 567
217 535
323 520
236 597
194 449
358 437
31 75
49 434
423 515
353 483
313 567
207 248
258 391
273 530
109 562
322 343
253 285
271 451
180 450
195 241
294 417
3 168
325 403
231 346
257 549
49 339
227 382
191 440
209 595
174 539
205 416
134 238
20 527
47 458
212 388
141 398
62 171
195 405
399 532
150 443
216 390
46 134
84 367
376 396
340 588
280 549
69 147
272 284
67 383
58 423
282 320
293 488
237 439
138 247
3 575
25 73
387 457
360 567
127 484
109 493
63 384
245 316
96 443
5 424
163 259
163 385
520 555
26 222
340 582
254 406
31 167
274 529
120 465
167 327
392 524
56 214
122 488
68 398
407 503
160 238
218 270
260 485
168 490
213 578
299 331
123 564
501 584
175 341
27 92
290 507
25 174
254 577
442 563
309 526
346 457
335 449
354 462
67 475
42 304
235 587
28 584
400 423
215 579
233 349
8 350
53 598
91 444
372 580
496 565
141 240
273 491
197 449
42 105
158 396
169 433
77 190
43 501
393 428
116 503
272 582
139 241
222 583
488 542
207 458
34 335
4 267
91 487
248 338
154 224
118 318
5 565
317 463
49 333
175 557
350 487
36 318
337 526
36 500
307 325
360 478
378 540
164 435
571 589
41 214
0 81
27 223
211 528
224 469
33 580
373 500
226 233
253 287
279 557
514 590
267 580
484 539
142 508
128 598
497 599
115 252
60 418
238 429
157 559
121 145
206 245
71 433
366 439
36 472
414 479
32 478
121 158
114 351
382 563
399 436
254 564
192 476
400 430
207 546
209 518
290 493
268 314
102 568
147 159
350 477
64 218
159 352
462 470
116 307
85 375
283 386
17 474
89 453
297 529
470 495
463 514
39 200
55 326
275 426
241 277
112 577
148 569
332 480
53 482
7 205
414 421
115 460
196 225
10 437
150 590
175 396
427 440
251 574
12 106
0 143
2 56
339 434
313 434
273 469
215 418
37 378
231 419
432 510
167 380
139 441
140 548
132 335
231 592
9 484
475 536
310 382
164 167
39 527
186 342
124 514
347 548
79 348
30 544
225 286
381 438
263 564
343 468
179 381
289 487
236 306
288 366
181 452
157 556
150 426
492 599
220 420
33 122
314 477
146 345
269 556
218 427
390 526
387 359 142 432 225 404 155 440 129 259 475 299 195 550 228 402 125 322 77 546 38 345 112 23 45 97 592 288 196 384 266 580 438 44 64 533 466 378 468 574 304 309 274 573 333 406 3 428 417 135 333 321 542 175 325 423 315 505 355 406 541 211 111 49 140 116 221 7 393 363 81 400 389 473 515 391 417 526 77 84 395 268 307 183 512 448 538 84 315 124 33 472 419 148 503 130 117 102 251 401 4 324 69 343 64 574 16 66 343 466 208 458 36 233 537 295 429 1 299 285 599 68 321 522 445 582 431 468 431 350 443 327 512 64 423 234 326 524 367 570 474 518 191 35 94 105 585 173 319 536 167 472 378 52 531 365 123 99 298 247 379 283 237 558 69 299 526 275 531 1 176 27 388 128 170 354 249 350 165 274 63 278 563 511 536 180 250 164 80 445 134 417 84 537 344 302 568 339 123 126 143 101 482 288 376 44 238 205 229 318 313 38 260 221 13 526 294 222 239 577 179 23 171 20 0 347 334 198 188 160 193 331 236 113 457 114 69 294 574 203 85 408 106 384 587 552 117 246 75 135 125 390 138 116 43 456 536 587 561 477 598 480 50 180 158 596 333 439 49 163 337 51 472 596 288 176 331 519 564 411 30 361 587 508 188 279 22 99 5 101 326 149 312 15 16 371 413 149 211 244 59 183 537 117 363 430 414 439 348 303 506 297 211 546 281 152 353 422 118 115 594 233 576 491 557 160 544 504 565 512 518 123 17 405 311 523 124 35 395 165 30 60 83 560 91 168 430 534 161 553 219 414 452 480 513 77 6 208 283 90 177 157 288 438 41 251 155 196 595 61 549 47 190 287 15 535 441 117 341 255 540 295 530 100 301 472 279 21 358 341 404 395 136 449 561 280 488 151 200 293 180 387 587 79 482 212 223 459 84 287 492 61 500 80 11 101 279 583 44 306 390 436 5 468 447 547 72 239 339 351 365 153 445 384 225 205 85 119 142 363 173 19 122 117 402 580 385 87 419 3 455 568 287 393 125 386 153 12 379 460 321 306 522 154 559 365 66 479 445 592 378 301 46 358 394 494 100 252 12 368 464 409 563 461 4 524 189 134 103 367 449 157 198 49 444 135 279 4 292 346 464 56 180 543 333 453 89 189 49 459 485 594 294 55 527 568 218 374 444 210 456 138 344 570 458 107 532 10 458 447 27 594 563 427 449 388 111 169 394 350 108 541 425 245 135 93 310 227 385 390 578 534 344 357 516 66 241 417 546 113 139 174 372 501 17 524 16 63 563 296 463 222 306 59 299 525 158 521 591 305 64 135 119 305 372 164 295 532 254 258 551 328 55 237 558 63 231 237 158 503
842 906
540 201
728 428
729 823
949 687
390 705
445 210
164 445
610 333
602 892
723 302
250 925
625 8
34 863
204 741
836 458
771 470
904 974
284 90
109 911
729 608
686 162
170 964
460 283
157 368
779 816
996 342
294 814
181 650
834 848
379 946
267 348
255 429
864 739
919 588
880 655
877 215
2 170
355 664
679 676
445 402
802 533
181 500
181 721
30 272
548 687
581 586
44 306
181 111
348 613
734 754
856 957
972 909
677 394
565 662
657 939
725 494
660 1
380 4
749 949
468 319
629 171
300 64
524 919
696 85
670 593
263 865
505 979
591 178
943 60
89 794
628 415
805 442
855 821
625 787
272 299
147 94
365 344
253 172
707 347
523 46
925 883
38 104
594 778
749 357
763 272
958 30
446 359
193 584
375 296
963 773
488 245
270 801
371 617
890 153
468 811
23 943
312 344
577 682
951 857
315 115
102 498
45 189
60 134
666 743
256 495
601 7
58 113
79 217
42 579
404 603
40 659
543 899
329 989
238 778
639 239
366 468
310 150
838 194
567 902
220 43
559 480
832 756
437 916
216 871
347 557
988 66
582 880
682 475
324 45
276 847
671 996
830 495
983 44
641 595
764 997
709 972
665 913
862 298
709 517
941 411
540 130
690 703
790 904
274 120
581 502
681 886
965 87
826 418
502 711
61 831
73 238
325 499
390 452
785 135
79 30
70 277
403 881
499 540
927 80
603 539
829 582
326 553
275 621
187 419
900 747
754 11
231 362
719 799
579 379
680 357
246 20
2 656
349 974
756 851
448 626
252 969
20 723
958 143
962 512
198 130
758 210
642 447
401 534
17 595
416 631
204 657
589 76
913 312
669 226
421 283
763 32
85 400
335 891
761 598
760 558
49 976
797 598
603 668
167 920
657 683
555 745
110 360
120 399
983 546
120 453
94 15
154 269
641 32
696 934
393 569
512 241
315 790
188 16
760 510
393 336
227 164
24 250
719 125
949 458
206 443
419 998
980 262
344 835
800 89
65 996
87 147
438 154
591 112
549 65
611 375
84 641
379 106
153 189
360 444
830 660
926 396
762 644
631 548
641 956
579 157
736 524
452 760
435 967
790 641
144 23
704 269
871 245
163 225
646 55
960 491
116 21
643 265
299 402
489 832
532 6
504 127
307 371
416 407
318 617
710 390
972 803
802 691
421 899
492 777
305 593
162 984
956 748
468 361
357 774
790 156
243 877
909 690
805 4
691 63
88 902
998 926
788 559
309 289
471 519
331 455
713 771
813 367
775 408
878 706
280 369
62 954
251 404
678 767
482 345
1 615
61 688
377 657
790 772
83 522
89 960
775 430
640 149
289 670
595 731
55 343
937 822
234 262
610 124
148 462
437 177
923 424
435 478
133 362
260 249
393 217
937 977
924 164
289 578
488 399
788 992
133 75
125 787
863 190
716 869
811 326
178 137
745 913
196 289
887 17
397 427
625 938
228 424
304 459
275 983
516 186
571 725
223 903
313 663
343 511
851 574
991 17
288 177
190 201
373 587
989 614
458 649
276 653
781 868
390 982
696 912
80 560
932 475
670 334
131 146
527 344
218 761
858 58
455 104
862 325
144 605
240 624
310 979
741 281
801 297
285 513
207 243
61 78
941 11
335 258
114 333
700 741
751 380
145 328
244 713
10 34
197 619
919 735
915 268
585 799
797 260
559 569
439 249
37 144
980 855
223 315
922 501
383 172
466 972
497 872
301 641
747 471
12 498
285 771
494 174
245 195
433 434
353 692
137 584
240 335
811 162
507 586
899 102
518 151
43 748
348 38
735 778
1 378
346 360
716 156
699 595
421 855
505 483
686 517
29 529
998 468
209 86
110 204
980 824
881 918
977 963
57 404
72 493
434 320
91 718
242 462
832 981
941 227
422 69
311 732
612 231
76 875
735 90
128 524
674 542
351 12
435 9
338 237
581 437
329 580
162 412
14 816
765 305
884 436
742 703
768 70
703 492
368 85
49 901
465 218
83 105
912 940
30 919
564 1
826 626
185 158
257 898
750 237
327 312
845 34
512 652
121 313
58 548
78 302
909 3
672 181
175 393
889 310
167 770
961 837
225 69
416 946
779 183
696 860
821 54
933 282
313 954
843 151
439 722
924 1000
475 1000
79 356
543 379
278 470
891 950
197 981
76 931
710 442
427 101
631 863
739 403
730 331
497 317
809 757
171 578
692 785
828 10
643 326
36 554
531 78
948 302
498 755
518 269
12 341
778 247
908 196
200 706
516 447
441 510
162 289
442 860
631 649
26 641
646 721
557 239
298 268
85 335
410 245
550 922
155 851
474 15
851 766
641 997
728 943
41 3
211 269
846 89
93 190
881 415
290 729
783 317
234 240
695 654
560 263
654 79
869 4
940 545
99 767
179 824
988 405
10 233
525 992
251 311
489 451
680 837
8 79
292 959
874 801
292 333
349 943
785 26
119 269
366 542
950 436
362 411
304 538
58 783
635 360
563 448
588 558
229 293
371 811
491 568
4 434
387 896
962 221
784 221
65 605
373 146
452 883
467 679
670 632
228 569
34 225
798 419
307 95
660 877
865 637
494 624
79 58
776 753
24 466
546 848
165 81
401 385
896 725
894 123
971 642
985 182
139 677
458 947
273 559
826 692
929 618
656 850
116 862
203 173
121 649
555 784
902 822
675 961
49 458
862 349
668 457
586 271
