600 1517 600 808 11
181 405
280 566
179 455
143 295
125 176
387 442
572 579
244 494
385 533
474 504
114 300
199 341
24 194
104 111
23 342
154 342
219 283
448 496
88 457
415 429
148 476
501 547
75 157
223 395
34 567
238 333
31 218
174 467
164 418
264 593
126 344
114 465
312 412
410 550
53 361
14 385
511 561
8 536
107 239
176 213
309 337
68 78
150 343
246 492
449 486
88 461
252 370
8 481
265 492
136 560
106 496
45 453
80 190
233 266
370 423
229 510
302 579
131 157
64 451
167 403
319 546
265 345
187 530
374 405
79 233
54 216
267 564
100 428
130 151
469 598
345 492
29 327
42 457
292 566
415 559
205 260
269 576
118 584
245 441
191 234
272 437
75 249
362 573
176 513
83 150
537 581
212 247
297 352
60 170
12 272
97 198
208 425
245 462
39 57
25 118
32 186
7 212
82 445
334 352
41 369
313 595
497 544
238 556
307 395
29 142
131 541
32 342
499 577
140 207
33 358
211 227
29 363
518 524
392 479
93 203
248 544
73 218
231 410
58 69
390 495
320 573
151 262
16 367
442 555
255 506
15 136
65 338
300 465
152 307
173 381
407 538
180 475
227 559
217 596
313 382
175 228
244 542
148 550
33 460
299 388
214 514
169 400
69 424
295 441
288 433
163 544
53 57
305 362
85 103
101 521
134 217
302 572
84 318
70 309
29 548
183 428
343 547
533 589
137 171
173 415
89 533
116 500
1 187
204 470
14 458
442 455
378 471
34 289
224 493
287 316
26 139
40 396
62 438
304 318
290 323
220 556
166 380
104 443
349 354
252 351
280 493
493 527
149 172
49 266
46 519
178 470
9 159
511 539
231 550
143 445
434 444
481 491
41 392
33 417
339 511
28 448
404 540
169 293
5 170
95 244
33 406
299 580
228 372
130 262
230 286
58 446
358 382
395 472
54 110
1 384
392 489
269 276
206 317
238 421
86 173
267 385
31 502
314 586
179 574
416 490
371 469
332 442
246 519
63 139
391 424
234 377
315 590
8 161
444 585
22 370
471 534
208 485
240 449
204 225
9 493
192 503
133 439
14 533
47 497
49 233
37 323
90 471
103 338
69 306
200 205
140 428
221 488
19 329
102 429
325 557
69 258
357 494
245 295
109 476
205 515
245 445
162 389
147 213
269 417
111 567
272 560
2 426
78 327
270 468
284 355
72 463
262 432
91 476
200 433
43 518
236 286
103 457
355 451
60 400
66 470
39 175
348 575
121 355
312 479
269 311
158 407
283 478
96 261
266 391
186 410
53 457
15 560
95 528
129 441
358 417
121 191
385 564
267 422
149 582
497 568
190 279
64 377
206 279
19 67
66 240
465 572
107 136
300 348
310 331
295 571
84 153
259 433
191 355
235 407
117 150
2 597
61 570
167 459
55 439
102 306
107 144
238 405
161 289
522 584
250 448
351 370
25 128
41 200
373 522
5 169
320 588
165 191
512 592
46 466
52 392
133 555
562 574
130 212
552 578
62 89
248 315
79 538
76 249
21 418
38 220
155 257
75 446
63 454
31 105
55 186
30 74
172 371
153 238
51 177
120 274
257 382
83 144
442 562
210 495
56 553
264 298
46 366
409 470
288 335
134 433
45 297
159 292
34 272
134 529
0 545
127 374
266 446
72 304
368 540
296 306
14 274
230 477
330 415
393 483
447 470
108 496
87 356
383 470
409 540
150 408
152 400
197 523
311 518
337 391
409 514
461 558
38 243
388 523
59 538
52 260
134 596
56 566
154 262
294 346
16 269
356 543
261 496
70 429
139 332
226 376
144 459
28 250
308 532
207 311
183 286
163 448
119 392
0 304
82 357
32 55
214 470
380 551
296 570
11 327
358 460
255 501
114 302
224 527
320 362
135 287
193 305
204 214
54 353
146 546
200 379
548 552
103 139
165 234
310 490
543 580
74 487
571 599
25 138
303 481
287 436
506 547
395 400
178 409
85 454
13 520
44 389
213 467
307 472
155 223
230 414
38 261
19 499
198 533
9 134
193 492
354 518
183 430
69 391
319 490
217 259
147 598
5 152
92 289
67 315
421 558
135 302
345 381
495 535
223 595
144 365
65 461
217 433
518 557
118 192
70 86
343 408
188 571
108 324
304 587
211 254
453 534
282 396
259 593
38 405
10 252
310 351
501 592
271 388
48 249
293 427
249 420
94 441
194 466
109 148
150 512
300 575
359 509
545 551
279 468
132 251
275 548
73 281
124 249
439 528
38 291
281 364
254 394
28 326
152 170
96 98
49 241
228 558
268 522
379 515
232 327
117 501
298 385
87 240
234 270
283 504
56 90
206 387
568 590
458 596
291 374
256 549
174 469
352 411
59 548
527 553
342 542
258 428
235 538
16 576
74 174
257 460
96 243
169 170
194 549
99 327
48 399
221 281
121 442
74 591
31 583
212 592
425 485
468 488
560 567
59 478
326 450
115 453
241 407
9 280
346 575
123 444
193 381
110 577
70 102
278 311
44 162
123 310
122 287
182 588
368 404
436 579
464 565
106 448
101 392
392 521
201 529
62 484
274 372
75 76
237 331
23 95
35 343
216 353
255 479
109 260
429 559
354 393
408 547
225 406
93 218
105 218
26 332
130 360
383 447
55 231
83 343
448 463
216 326
20 37
524 557
175 484
18 78
198 593
302 314
399 500
147 557
480 532
155 308
230 344
155 400
423 577
384 530
79 478
321 491
270 277
178 543
91 148
1 51
396 397
65 421
398 414
247 357
133 455
68 390
56 527
495 578
147 582
120 533
337 478
27 199
41 489
7 501
413 454
113 500
9 412
196 467
135 523
7 508
86 366
187 551
149 430
421 461
100 236
339 425
68 495
171 584
526 595
300 586
26 284
137 498
273 286
52 77
505 581
115 471
232 571
19 577
78 549
233 478
36 364
199 559
373 537
102 296
406 514
309 478
88 103
297 471
125 513
67 590
236 428
131 399
171 522
165 270
171 268
154 360
234 355
190 317
23 528
26 355
99 232
115 553
376 562
374 473
36 141
294 451
207 278
184 361
393 557
210 504
432 494
63 103
479 510
87 523
8 561
375 379
376 574
168 428
54 499
71 352
222 365
73 347
530 577
42 332
145 578
5 359
116 367
34 104
112 566
78 232
226 407
50 207
148 260
568 581
338 348
193 345
167 212
210 507
94 567
19 590
53 91
389 508
95 275
367 440
199 569
221 270
341 569
127 473
116 440
368 597
316 419
149 183
299 356
63 284
146 585
4 346
317 376
306 337
246 396
168 430
192 584
58 424
443 549
147 393
61 477
224 280
435 513
422 596
535 578
69 428
62 372
311 417
84 304
27 559
227 254
237 242
110 384
297 566
8 339
495 507
37 532
185 562
208 303
25 374
329 450
121 387
39 476
232 295
185 387
288 369
50 168
66 383
336 456
180 204
128 274
67 248
25 473
137 584
73 221
481 536
112 159
83 512
74 371
366 474
315 497
182 282
92 161
363 552
104 188
253 509
52 389
109 515
207 276
80 407
418 431
332 555
125 467
308 368
12 437
222 592
301 547
173 211
69 296
43 524
42 555
197 302
42 139
228 421
94 599
11 78
1 530
81 464
109 205
266 337
121 332
126 286
167 222
50 278
277 377
366 401
212 336
129 456
484 589
411 482
112 411
467 598
398 591
39 53
204 269
328 410
386 419
197 240
164 516
13 526
340 379
95 542
138 503
180 440
287 523
513 516
179 562
8 40
334 482
66 543
114 572
30 273
237 546
366 507
302 563
146 426
256 443
145 504
308 514
522 537
432 542
46 390
86 330
294 594
89 372
405 421
177 380
504 507
484 533
181 228
205 489
161 536
44 508
59 158
122 436
520 526
302 586
314 364
186 360
143 232
107 441
64 594
479 527
138 192
257 514
94 239
101 255
107 459
71 411
132 545
135 436
340 515
314 502
161 321
361 525
316 530
419 530
75 131
202 253
301 343
517 537
12 491
28 216
349 417
153 318
215 568
265 519
262 357
114 586
174 591
95 342
113 347
116 399
435 467
44 360
66 178
70 504
213 483
366 390
56 224
318 556
286 344
61 100
36 586
339 588
149 557
43 278
66 449
1 166
199 477
0 322
407 548
159 482
301 553
188 443
73 364
0 132
417 518
298 596
440 475
153 209
249 446
28 51
230 398
218 364
70 330
52 162
6 569
80 241
62 589
564 596
157 565
286 414
69 100
72 96
141 594
295 599
0 587
294 454
45 378
97 593
43 311
195 341
157 464
1 353
396 492
96 304
263 453
331 351
291 503
156 447
11 68
93 500
222 403
15 83
567 599
369 392
246 265
344 477
202 509
271 299
78 571
111 599
276 420
89 589
438 589
18 46
47 505
79 235
62 228
585 597
75 464
4 300
244 445
165 206
363 578
261 503
104 599
20 532
158 548
39 340
261 291
198 264
98 556
31 197
44 212
222 459
50 524
67 450
9 335
537 568
396 466
323 426
54 326
516 526
169 480
202 359
324 496
118 138
513 520
331 370
437 560
492 573
339 561
10 419
142 244
27 477
336 357
64 364
61 126
42 361
133 574
352 566
479 521
65 103
450 544
312 335
404 434
514 540
321 536
127 405
116 447
51 216
451 594
320 485
184 525
166 187
56 115
78 188
173 345
177 322
326 329
136 239
160 221
383 449
421 452
29 552
125 196
10 388
457 558
18 68
463 554
204 475
12 560
246 466
278 524
375 593
119 489
88 558
206 562
176 483
283 309
26 63
252 310
248 450
106 163
325 430
215 537
369 479
289 491
157 160
146 319
113 541
470 475
90 297
154 186
164 431
2 146
254 381
164 513
24 256
6 193
56 471
42 525
474 507
128 473
12 289
51 353
423 530
418 435
371 487
30 286
158 538
497 498
55 410
108 261
226 548
177 587
65 452
502 583
397 466
90 566
178 540
335 369
444 580
422 564
428 430
2 37
331 490
316 350
422 458
510 553
37 597
424 446
266 424
174 487
293 532
275 574
190 206
94 107
522 531
208 339
357 462
349 520
253 472
45 352
40 92
57 457
280 292
48 116
36 314
124 269
10 310
395 595
164 253
159 529
117 547
380 545
191 387
16 124
472 516
142 548
78 194
18 390
242 423
133 528
255 521
47 268
255 510
110 499
212 403
119 260
170 400
24 92
195 398
394 569
282 492
237 416
214 409
0 380
70 283
217 298
250 463
207 269
97 484
378 453
53 476
123 319
151 154
403 592
434 580
247 262
174 598
312 493
127 372
463 587
47 498
365 512
57 558
143 245
271 310
3 419
178 434
6 305
159 458
62 175
77 260
95 574
343 553
176 520
50 430
122 545
305 492
17 473
270 281
114 563
25 503
528 574
6 394
243 261
110 353
35 553
366 519
320 425
17 372
35 263
270 377
308 540
398 477
168 207
37 308
183 273
58 420
277 364
141 294
153 338
201 458
325 524
229 506
203 449
129 357
271 580
173 330
275 376
70 474
249 399
448 450
105 486
348 465
4 586
426 546
328 550
211 559
472 595
427 532
262 494
31 314
167 456
34 92
205 379
545 579
364 502
129 462
14 422
249 276
345 519
72 554
237 490
12 34
195 477
332 355
227 569
77 162
60 169
61 344
283 548
440 447
381 394
160 468
30 414
264 385
92 256
195 569
219 309
240 523
453 471
104 567
82 244
11 535
113 399
497 505
15 144
97 340
0 209
6 381
434 540
171 498
144 189
142 327
197 486
287 386
557 582
445 462
35 115
182 339
3 388
414 591
112 352
133 442
237 370
51 166
284 451
129 245
433 593
282 573
327 445
7 44
8 539
52 119
211 415
263 343
345 401
218 500
439 525
33 225
39 97
338 575
203 486
7 592
106 498
124 367
58 140
112 292
200 288
406 460
136 144
240 486
140 420
18 194
233 337
84 209
293 400
0 84
11 363
350 386
384 577
31 302
173 401
50 325
40 161
125 213
334 411
87 388
99 445
268 498
324 584
48 124
87 299
353 384
28 450
59 79
47 522
116 203
312 369
7 255
203 218
130 247
183 236
357 445
145 210
330 429
362 402
77 186
156 383
140 258
119 205
145 548
102 570
159 201
14 267
165 468
22 530
340 593
122 316
163 498
238 318
200 375
162 360
118 522
73 500
188 599
31 486
45 334
242 577
269 367
65 153
38 374
81 241
40 397
346 413
290 426
10 22
113 221
24 549
91 361
54 329
105 203
307 509
48 367
148 184
117 592
115 263
387 562
177 250
145 283
55 550
275 285
208 481
220 243
96 554
255 547
198 484
215 373
160 565
496 554
367 576
172 582
243 556
293 308
223 313
238 452
413 575
142 445
33 269
199 227
477 570
253 431
5 307
349 358
132 572
78 443
215 590
472 509
137 324
109 340
372 405
13 513
9 292
441 456
49 81
171 531
132 465
233 235
117 512
251 348
254 569
223 257
64 234
196 435
262 342
163 497
113 131
322 380
94 295
151 360
223 400
129 336
195 199
101 389
241 464
338 413
89 120
187 316
66 356
202 418
32 528
107 456
172 469
36 594
122 579
21 202
147 483
200 369
136 567
510 527
192 324
221 347
260 328
340 375
73 113
447 475
525 555
302 523
322 587
104 256
123 585
49 235
358 526
342 432
75 81
505 517
209 251
455 562
5 509
310 444
573 588
389 392
80 376
333 405
30 591
180 367
463 496
21 359
516 595
99 143
202 431
517 581
176 349
354 417
144 222
166 551
321 481
539 561
142 275
307 400
221 541
10 271
229 301
166 177
97 175
140 168
5 480
100 296
390 507
241 565
117 408
220 333
306 309
131 249
181 421
92 397
95 285
77 328
19 54
255 508
85 378 37 216 475 270 401 140 302 359 140 335 402 125 361 212 451 319 277 327 309 305 148 285 564 212 508 518 551 15 541 579 179 316 515 153 436 166 361 288 41 517 295 486 44 239 539 532 255 459 143 446 387 502 270 568 14 500 346 40 109 272 356 484 204 315 419 184 438 377 270 558 150 111 439 65 313 207 230 1 589 396 592 411 334 383 176 46 184 527 535 299 339 272 526 596 117 592 362 270 81 229 340 204 365 454 560 60 39 293 577 536 474 375 328 53 470 513 30 256 313 477 390 256 71 580 218 246 397 259 0 503 186 536 106 579 414 399 367 515 156 524 581 501 80 393 299 435 80 531 200 170 499 384 196 92 173 81 166 152 66 260 519 204 353 573 349 41 287 119 13 345 136 106 343 582 568 479 206 151 296 121 544 455 288 125 103 134 468 132 512 585 267 73 49 116 578 410 170 289 539 506 293 432 502 520 43 263 90 531 393 584 568 161 186 550 499 302 364 432 46 397 46 31 55 449 143 164 151 425 164 534 517 365 2 265 247 551 486 342 542 113 305 150 400 156 165 502 153 373 546 257 272 480 151 217 240 12 108 540 272 81 198 135 63 135 595 37 397 414 558 66 325 17 8 476 177 429 127 359 164 476 99 529 465 573 260 449 419 301 107 517 388 57 198 202 511 297 418 211 47 412 175 226 269 468 437 289 285 242 370 293 570 183 580 362 407 347 283 426 76 148 64 16 587 485 275 331 436 175 390 51 413 260 78 571 49 377 338 335 487 307 311 295 169 286 549 599 21 413 518 505 131 84 240 194 197 109 359 127 254 194 146 154 64 423 258 427 280 175 132 561 322 300 281 203 150 334 304 141 584 444 550 420 52 332 459 182 53 85 133 115 77 41 93 212 175 439 227 458 444 178 206 418 12 62 93 444 563 393 481 432 121 47 147 558 464 280 409 44 470 116 91 353 135 486 281 120 299 16 303 359 174 391 260 304 445 292 400 569 70 434 79 286 420 340 132 405 556 182 67 71 312 37 57 599 85 273 101 20 50 26 10 521 502 125 31 20 200 243 240 350 275 5 234 506 201 485 501 568 65 280 45 106 34 106 145 246 338 165 158 164 457 64 583 289 381 14 12 426 45 343 553 462 541 448 296 490 25 505 86 214 215 485 191 170 576 38 198 12 387 217 578 497 584 336 167 411 499 376 48 163 43 194 229 382 520 218 579 500 398 94 10 448 507 263 344 300 27 331 417 548 63 279 215 571 533 406 261 95 236 473 493 441 151 173 585 455 121 362 39 413 271 146 219 466 119 95 305 473 306 58 431 4 271 115 78 524 401 584 273 347 227 131 544 62 567 537 171 62
731 741
661 883
376 955
557 849
594 635
144 980
9 197
652 162
143 55
898 188
539 882
330 228
292 1
96 836
999 355
533 7
331 667
961 576
236 204
767 989
313 936
22 977
583 903
557 296
267 133
990 664
603 499
65 381
783 876
372 304
59 553
517 699
592 311
207 784
301 31
797 35
560 618
336 940
869 691
777 412
194 88
792 253
642 425
194 687
645 225
986 15
209 218
943 873
351 627
286 471
171 631
743 869
698 255
737 436
743 952
628 350
831 78
783 478
215 499
319 366
206 958
83 467
899 518
653 511
547 570
738 593
451 758
830 946
295 213
168 473
197 325
977 89
804 738
484 599
30 574
315 528
292 516
682 287
340 166
303 394
411 439
319 481
483 225
623 4
741 694
691 565
152 283
526 792
720 500
952 443
874 80
723 405
242 111
435 665
403 101
505 312
822 705
813 423
795 701
399 213
130 497
722 196
144 391
699 543
322 77
460 683
884 817
519 107
897 752
742 339
691 968
360 78
956 155
438 593
613 700
816 16
389 668
664 73
980 782
741 274
993 429
580 459
674 802
424 946
330 637
26 783
94 501
930 591
985 559
506 160
594 221
408 573
690 716
566 367
879 269
574 755
448 24
921 812
985 711
649 472
225 575
616 593
441 284
431 203
549 63
292 305
395 977
89 714
711 366
113 611
653 34
584 255
152 957
724 635
580 281
251 885
416 700
391 520
343 377
953 188
428 518
195 40
657 253
878 868
54 891
510 512
748 841
575 128
196 595
224 977
184 978
948 817
55 620
127 283
6 631
807 453
84 791
756 817
359 831
537 369
317 710
823 574
77 104
123 570
660 395
501 436
637 292
679 846
343 126
572 60
422 468
550 511
958 747
49 184
286 147
1 366
19 816
535 723
842 398
51 334
800 287
941 239
41 942
442 698
308 755
755 319
482 454
236 615
88 5
702 686
256 264
87 276
607 159
69 744
294 788
920 987
757 922
893 304
479 648
213 353
825 652
458 552
593 81
197 907
875 149
247 780
416 372
39 285
821 506
736 83
43 483
658 345
392 184
287 437
560 545
316 442
140 538
565 984
775 634
460 71
516 743
338 454
591 994
848 678
493 256
454 159
187 172
554 193
860 924
329 574
802 816
710 656
530 906
83 899
60 264
745 174
277 108
209 852
199 519
844 318
720 303
869 721
565 231
787 7
872 372
138 195
261 451
977 330
942 841
281 701
508 537
463 867
351 10
87 581
993 463
457 325
266 636
525 579
199 661
484 486
878 176
488 573
99 141
248 338
605 535
468 288
88 524
594 798
843 249
244 29
339 997
920 666
916 148
242 947
618 569
411 148
128 451
908 93
919 328
467 822
626 644
730 39
609 731
108 28
764 714
28 165
169 406
145 934
306 905
225 378
502 907
221 697
821 203
198 874
534 642
880 946
639 843
456 441
773 670
441 970
47 65
198 4
753 783
352 968
928 753
141 657
786 921
353 210
688 321
792 949
160 306
541 957
610 432
814 620
1000 70
841 218
554 160
227 407
695 590
94 62
785 362
20 347
549 274
697 11
71 487
103 210
644 610
462 578
676 673
121 753
613 841
529 929
953 95
719 906
153 729
576 486
464 797
514 201
171 812
105 1000
612 255
684 407
0 114
340 258
507 594
604 34
191 240
339 696
355 892
817 239
576 939
30 638
920 537
983 958
948 615
818 320
442 354
532 543
958 15
789 317
714 792
61 226
169 837
425 743
668 931
935 378
573 814
534 472
546 813
699 210
240 239
216 432
756 239
115 700
31 242
159 902
189 137
210 122
13 472
403 611
206 929
146 248
18 29
623 130
380 875
834 608
249 805
360 396
679 46
321 824
642 322
978 113
851 184
666 603
17 524
131 326
472 983
176 755
11 917
597 858
254 573
762 583
963 302
627 981
207 463
56 35
369 989
268 959
166 550
118 382
156 603
47 915
537 230
840 292
400 847
5 865
617 776
326 3
920 458
606 335
367 703
492 132
567 424
319 106
412 889
455 220
262 499
399 719
847 803
465 731
812 912
582 517
757 613
877 13
662 567
543 410
528 137
694 460
968 237
559 96
225 800
734 545
468 192
824 774
355 495
653 691
220 161
17 747
454 516
27 664
334 782
846 37
122 908
986 584
192 289
344 729
746 383
65 427
248 363
789 184
267 991
123 6
990 158
104 735
853 420
39 6
497 711
22 605
480 536
762 294
479 950
241 1
90 182
840 161
514 228
269 245
886 783
896 893
898 847
715 963
425 634
666 121
510 637
954 683
221 288
921 890
749 151
222 259
682 184
108 951
761 117
100 105
618 65
66 821
265 836
778 338
116 858
973 885
160 699
151 219
109 797
749 203
995 853
551 750
174 667
632 385
117 819
806 111
551 328
911 235
639 896
973 834
294 963
895 417
922 15
307 254
150 15
954 939
334 405
137 116
345 858
405 546
521 290
408 811
860 890
693 769
439 995
708 68
346 340
296 125
682 348
690 819
344 304
800 72
836 752
598 405
805 671
112 668
771 519
82 330
410 7
136 77
512 408
594 682
943 330
399 461
903 122
380 51
907 964
16 295
87 419
377 128
664 731
41 113
505 353
653 649
308 683
650 990
296 278
670 770
438 861
937 914
83 660
505 679
975 809
404 914
571 654
763 754
69 82
895 448
868 988
7 583
645 109
829 350
581 566
154 868
927 291
382 906
33 717
377 105
