600 1477 600 835 18
436 469
144 330
164 459
205 352
149 411
123 373
167 523
359 568
56 365
210 446
249 521
305 378
195 284
128 497
69 329
441 552
15 74
264 373
276 410
52 487
30 293
246 531
257 508
390 493
98 402
430 498
409 559
75 216
206 392
361 590
375 385
154 317
211 469
230 232
152 323
242 572
58 410
45 289
179 191
272 441
42 511
13 593
246 597
443 548
297 495
250 420
497 538
244 380
78 164
228 416
198 372
60 114
21 582
23 238
267 572
16 72
326 513
58 235
54 198
426 497
149 280
172 399
488 520
28 97
108 494
384 527
179 414
262 504
188 198
1 341
21 556
161 377
91 422
89 114
154 588
212 508
20 90
73 159
347 587
12 336
15 49
218 297
451 559
236 487
207 214
261 435
82 394
43 292
28 219
290 549
83 304
111 550
57 510
367 376
142 232
268 527
124 263
91 368
320 452
280 450
22 490
62 245
70 350
12 94
84 152
400 547
344 408
502 534
103 126
472 502
204 442
285 424
220 276
392 447
180 596
26 141
71 323
269 437
105 498
162 258
110 137
173 200
391 399
508 566
236 545
78 274
5 70
349 404
129 312
238 449
201 514
95 159
58 403
174 303
37 256
305 413
17 399
26 417
419 431
184 207
37 486
92 205
33 497
27 438
345 589
562 583
3 369
371 546
92 408
425 539
167 237
64 515
241 325
7 131
361 421
174 180
314 470
199 353
19 210
106 157
99 364
379 390
89 530
73 95
341 356
172 391
47 121
123 251
125 530
46 84
236 440
75 456
296 552
111 244
405 469
146 447
319 414
339 506
375 463
166 403
361 462
64 508
9 536
251 504
66 83
382 480
225 530
158 540
50 587
139 429
88 369
252 584
192 268
254 514
116 505
69 257
62 363
44 316
194 442
86 530
191 468
202 433
234 285
227 409
238 506
298 538
283 576
136 336
153 427
156 548
97 565
237 523
186 231
154 465
75 206
300 322
351 382
155 382
254 524
286 464
49 203
185 232
255 437
151 191
168 544
98 297
135 578
117 597
110 575
37 468
113 179
500 578
109 464
331 515
562 570
251 580
135 390
240 275
392 527
111 565
86 114
124 557
8 30
386 599
223 229
69 473
71 385
258 563
118 330
241 269
425 480
253 419
31 463
465 558
83 224
344 467
21 170
361 460
256 324
176 518
1 260
366 591
170 554
154 253
278 528
83 138
70 484
387 514
134 378
207 524
6 104
164 268
457 472
187 450
495 533
246 286
105 350
108 122
362 502
171 287
16 30
23 46
163 228
148 161
21 101
94 446
46 419
158 329
531 597
188 426
350 498
16 238
247 545
62 170
213 349
332 505
200 404
10 302
362 534
25 290
87 143
29 287
105 240
464 547
91 589
266 279
141 537
92 467
513 566
24 41
129 481
459 512
465 588
113 191
375 543
519 573
222 456
294 358
136 311
40 71
97 380
253 375
205 490
168 445
82 554
320 544
387 422
397 560
252 437
240 587
96 571
65 146
495 586
220 577
78 327
213 365
164 192
143 340
370 527
17 481
74 487
273 452
313 445
263 289
325 336
12 455
11 19
107 456
99 418
3 562
396 420
173 564
395 478
79 302
31 271
265 334
146 440
346 578
155 480
67 590
269 327
189 499
49 390
249 448
482 554
397 590
370 392
235 377
73 107
146 306
131 141
69 504
241 274
300 357
365 409
552 560
67 228
1 356
333 490
338 439
222 458
183 379
53 95
270 499
159 418
116 450
322 427
134 313
76 368
55 579
186 225
438 508
101 125
193 390
157 484
39 384
429 468
187 292
233 584
28 488
68 360
401 545
162 334
409 451
176 293
331 438
30 219
191 599
7 179
24 29
89 125
147 280
507 511
437 496
543 558
358 573
118 464
34 381
161 276
68 147
64 130
88 133
187 411
263 324
110 148
131 537
96 278
412 546
234 459
44 308
10 388
173 349
130 152
146 268
298 485
206 458
362 577
180 560
460 462
80 332
228 550
380 562
399 549
70 534
187 321
95 466
155 425
85 557
34 102
48 101
217 393
203 493
153 198
57 199
175 462
6 32
37 218
211 467
192 424
350 573
3 28
152 381
340 461
26 319
289 324
260 409
342 552
192 306
439 545
50 348
324 486
118 321
494 501
283 559
261 471
274 325
216 589
173 404
203 226
185 230
321 457
233 369
334 502
386 532
397 552
321 563
60 250
19 355
25 274
197 253
10 178
54 153
100 211
52 216
423 426
204 357
38 516
334 594
199 510
4 228
530 556
412 593
438 566
107 233
395 525
329 540
301 446
250 282
46 375
163 416
338 401
90 304
195 378
105 430
256 551
122 124
148 377
58 276
242 497
26 561
194 204
112 424
260 356
419 595
308 477
35 520
229 576
20 83
402 495
152 238
276 335
444 476
257 580
127 147
136 312
309 354
189 528
253 581
152 343
227 260
476 518
467 469
268 447
104 570
114 592
8 438
158 510
95 479
284 533
223 376
394 412
43 187
276 377
267 393
137 148
151 453
275 362
99 177
82 120
203 368
533 586
206 222
184 578
237 480
9 234
9 587
331 508
196 567
84 323
389 576
104 244
0 325
169 264
12 115
94 455
254 387
174 208
110 423
371 412
148 454
9 50
32 441
126 427
158 313
109 400
85 543
468 599
191 532
3 574
288 568
432 584
57 383
271 402
553 567
33 128
508 515
317 585
63 66
88 488
140 270
102 540
279 483
25 549
97 219
210 431
2 148
34 212
151 256
278 517
100 467
45 85
288 371
392 458
285 503
308 413
160 224
303 579
291 298
214 524
130 449
65 306
132 554
458 555
398 462
113 131
67 163
133 488
175 208
194 528
375 581
148 475
220 265
378 413
197 317
488 584
408 467
23 243
175 397
150 547
170 245
158 591
87 230
348 497
211 304
33 103
186 462
197 312
106 330
40 323
326 434
395 439
150 279
98 492
144 502
22 453
315 511
14 448
296 560
153 357
247 439
279 467
117 561
253 446
162 335
94 210
423 538
157 573
224 400
5 105
234 572
167 239
102 313
42 507
424 512
99 165
273 586
119 279
219 355
72 219
19 339
354 585
368 514
46 385
244 550
372 475
367 404
490 494
12 325
20 100
74 226
77 336
344 585
0 311
256 453
469 519
263 557
13 288
170 521
174 568
291 538
183 237
386 529
266 400
226 368
77 455
123 513
328 475
210 595
68 280
59 288
182 555
85 415
259 489
31 71
190 254
8 515
570 583
37 429
298 348
183 374
35 219
200 367
180 579
384 555
51 239
157 519
47 214
274 290
141 179
532 599
248 582
30 515
418 479
319 541
323 385
237 382
75 466
291 577
91 121
33 267
217 427
438 513
169 307
124 501
421 590
308 316
18 293
219 520
202 251
250 396
164 424
380 570
293 518
346 493
45 557
165 230
26 537
168 452
3 583
18 176
71 320
232 568
379 545
291 423
469 516
116 280
0 312
305 429
412 448
61 396
244 570
348 485
188 497
68 149
229 283
107 369
156 378
19 94
3 209
426 538
328 426
205 483
194 571
332 567
337 390
101 582
152 243
436 516
179 319
252 496
66 279
118 224
4 67
36 591
296 342
116 332
354 481
167 382
156 559
138 224
265 362
465 585
193 511
448 521
304 519
184 524
297 402
44 429
44 305
82 521
419 581
114 530
55 568
137 575
230 318
213 389
403 505
189 539
142 318
119 417
273 284
95 418
483 490
513 518
251 262
6 228
223 367
15 545
153 204
585 588
244 565
204 300
272 296
473 504
365 407
154 197
86 592
15 390
67 435
63 279
218 284
238 243
13 568
316 477
311 325
48 396
205 467
454 475
145 430
267 497
446 455
105 275
174 542
292 321
375 419
123 580
217 267
319 483
54 93
154 375
115 252
126 393
66 266
383 509
201 368
290 325
232 318
354 516
202 262
132 482
41 250
7 141
178 388
11 506
104 441
183 439
171 383
34 544
151 551
8 331
260 313
0 17
98 486
88 233
239 507
286 292
110 291
352 494
43 411
448 546
9 459
300 528
114 250
336 455
250 592
112 512
59 546
49 74
92 352
130 515
214 422
32 397
321 330
64 212
13 359
83 519
153 277
196 553
8 293
262 383
206 456
56 409
59 462
422 514
13 371
110 475
56 283
102 445
122 263
352 543
130 381
144 484
140 528
14 394
256 263
505 553
11 72
55 230
109 547
398 460
116 166
442 571
51 382
365 564
485 587
242 536
507 523
161 220
53 466
263 453
117 491
217 285
292 360
271 452
272 342
80 127
354 569
182 432
95 456
355 584
322 401
162 166
453 541
182 233
470 580
496 584
477 529
401 440
2 454
69 540
34 64
225 556
334 362
80 280
43 68
284 378
57 295
183 511
48 248
36 504
17 549
262 509
124 494
349 576
156 376
387 428
20 66
43 149
120 394
56 389
146 192
141 414
99 598
307 471
75 392
73 456
32 416
228 476
117 547
245 489
250 435
165 318
271 375
140 499
112 459
209 380
85 375
480 539
218 486
183 525
188 372
356 409
343 449
402 586
201 203
441 570
81 329
37 324
103 393
494 543
259 582
47 418
181 549
498 569
235 276
357 427
143 159
268 384
153 442
86 186
47 99
117 150
347 399
193 315
401 439
49 226
23 84
183 193
144 457
277 442
204 528
256 468
12 252
60 396
185 568
352 490
25 181
380 565
63 467
306 424
54 427
314 566
109 224
16 449
63 100
302 574
434 513
295 591
308 443
18 111
150 266
120 132
239 382
136 197
39 555
140 395
284 310
86 398
269 325
468 551
69 81
436 585
505 567
383 591
24 264
8 27
227 313
302 388
41 282
478 528
302 596
424 503
319 453
347 430
90 211
78 241
403 410
2 235
74 545
348 587
427 522
39 496
190 203
84 385
339 431
120 482
24 420
87 579
140 478
338 478
487 545
119 483
48 60
249 462
18 97
428 524
284 297
190 493
275 577
470 566
209 562
168 273
96 194
53 345
0 549
183 390
391 498
441 596
229 376
35 584
166 258
122 453
431 595
190 201
493 578
146 299
169 373
56 576
80 116
110 328
166 505
270 525
370 555
394 448
284 305
205 279
106 138
112 234
87 177
366 510
27 518
158 353
575 577
79 441
83 157
214 428
16 130
501 557
30 97
311 336
172 354
125 556
27 513
52 226
105 587
5 275
249 535
91 345
52 76
297 310
352 408
367 443
402 492
422 428
405 516
70 502
56 559
213 576
48 89
171 433
402 452
186 535
162 410
123 169
313 353
152 449
253 595
52 299
97 111
344 465
221 392
161 577
59 208
75 221
162 265
261 444
314 580
368 422
326 474
268 392
186 249
55 303
504 580
128 188
397 416
230 598
14 82
139 316
310 533
363 554
246 464
173 213
213 564
264 287
38 358
83 106
93 198
174 579
29 264
369 574
67 361
444 518
47 364
187 563
298 497
96 517
134 284
133 584
294 569
307 434
168 313
254 428
375 415
273 313
150 561
517 571
139 529
64 381
69 212
121 418
214 364
22 483
143 178
286 491
170 231
456 466
166 563
66 160
306 503
12 355
190 500
383 433
231 556
369 388
342 441
123 474
238 339
217 234
208 542
353 510
384 526
46 431
36 509
59 175
27 293
516 585
97 293
30 72
271 492
109 118
450 563
570 574
181 587
165 598
25 459
53 479
370 458
388 574
229 349
216 221
32 552
334 472
129 354
470 513
231 521
197 446
177 418
83 90
202 373
476 550
5 350
397 462
511 523
158 366
39 269
258 457
210 339
179 541
26 491
93 103
374 545
234 536
1 353
170 556
461 579
294 350
494 557
4 261
80 196
180 542
38 294
521 535
11 238
504 509
29 248
308 548
401 406
246 491
0 481
2 58
4 435
82 482
67 460
496 555
183 337
10 340
22 122
188 328
29 420
271 463
207 364
119 561
172 481
430 587
258 334
273 533
108 124
521 554
101 248
500 524
282 471
81 473
79 570
300 427
19 72
249 546
143 461
73 178
3 88
279 561
91 214
172 498
460 592
18 476
30 130
41 471
421 462
340 579
41 307
189 425
34 168
323 381
186 521
117 531
542 560
75 589
348 536
176 476
350 358
93 128
242 348
258 472
40 544
113 532
151 541
193 337
51 351
161 575
21 125
71 544
341 407
59 249
242 267
33 93
115 584
374 379
20 63
329 591
300 406
6 441
155 351
195 305
129 585
135 315
71 463
328 423
230 579
265 335
432 496
48 125
80 147
233 432
310 495
87 159
322 503
346 390
330 457
70 573
536 572
241 327
300 478
93 522
226 487
574 583
86 225
284 429
129 309
29 396
73 369
218 429
7 113
28 209
272 596
87 461
44 139
456 555
349 367
304 469
139 477
81 591
257 504
154 558
221 299
266 547
183 395
140 189
189 517
233 281
261 518
223 349
31 452
77 446
307 474
69 508
187 280
338 395
86 460
57 366
45 492
435 471
128 198
327 526
28 380
42 315
62 489
160 266
189 278
417 483
285 427
311 312
440 487
294 498
6 244
333 483
26 117
297 486
397 542
120 412
52 221
171 373
282 435
288 546
215 351
529 599
435 592
299 487
295 366
286 360
45 263
303 568
184 500
43 360
118 138
271 415
484 502
317 588
73 388
4 476
151 179
309 481
457 563
60 89
112 285
405 519
181 347
162 403
258 594
164 586 120 263 158 192 547 490 487 502 67 189 85 563 598 236 58 174 560 101 236 84 455 560 301 423 201 227 138 543 398 52 500 251 337 430 269 257 511 564 503 128 159 525 507 386 405 143 553 550 115 83 64 338 572 99 288 357 287 378 323 48 126 516 432 414 286 539 251 132 335 530 564 501 474 271 533 509 36 327 410 504 428 400 227 583 199 174 564 576 190 306 166 392 90 313 351 346 581 351 214 489 226 394 388 375 242 257 381 411 265 524 217 106 242 299 583 277 434 413 182 103 185 537 516 413 592 344 153 476 322 503 553 348 192 48 574 146 254 550 335 407 590 566 528 246 416 413 369 319 536 470 238 101 507 144 6 346 124 427 253 433 37 18 186 413 93 402 430 54 382 275 533 305 50 586 431 52 468 484 307 432 466 457 64 433 375 442 38 193 258 180 414 46 175 571 147 474 316 535 388 545 218 23 373 297 331 488 448 292 147 15 508 406 232 367 581 583 499 580 80 430 369 550 557 238 375 466 106 365 219 299 276 145 461 24 574 573 399 114 412 401 44 404 543 257 328 525 463 361 340 417 385 6 228 413 463 522 561 305 108 159 557 535 572 3 385 404 399 584 111 158 117 69 377 571 544 453 302 441 93 68 482 224 49 97 111 291 492 220 306 454 264 233 513 528 513 484 585 39 239 208 350 177 23 66 524 444 198 593 198 345 489 68 486 313 367 106 362 395 177 15 192 485 377 551 26 342 337 445 215 96 265 142 168 297 492 453 0 291 357 184 173 185 71 194 587 579 120 5 183 488 578 599 47 133 110 589 452 449 416 65 384 415 505 572 13 303 3 507 258 19 232 463 50 237 58 272 396 392 161 413 511 49 352 518 402 63 128 345 131 161 71 534 86 225 555 182 578 442 475 307 277 1 149 255 304 574 449 191 449 501 491 512 547 144 72 81 188 420 203 223 53 9 121 459 537 388 37 63 135 278 162 496 165 462 546 98 503 425 207 463 142 593 430 53 279 471 399 533 559 305 455 153 120 302 428 300 508 174 153 192 250 4 334 542 89 320 276 383 531 29 287 66 306 108 48 512 15 553 133 105 400 491 15 92 522 543 268 520 197 28 176 190 483 441 464 369 273 300 504 591 124 519 393 200 292 496 485 501 163 350 468 423 372 451 4 375 590 308 529 443 588 229 37 39 114 363 503 52 501 347 273 537 423 536 441 365 333 479 414 497 334 52 67 116 104 572 136 233 157 567 94 527 304 523 402 282 573 251 412 199 69 265 55 470 161 212 581 232 579 519 129 123 261 171 7 4 26 132 336 328 313 156 587 301 228 259 47 447 92 447 590 466 316 217 491 435 395 416
619 439
21 273
951 355
447 660
205 718
773 313
301 737
463 27
245 532
730 493
447 782
388 491
506 520
304 958
146 960
774 818
341 523
634 421
269 642
411 497
624 190
43 845
438 124
351 424
50 675
705 523
509 64
226 570
412 637
30 668
296 589
286 312
291 785
846 526
208 371
456 578
81 448
312 115
635 326
598 602
267 361
139 675
875 978
794 32
212 75
360 228
377 377
556 968
67 772
749 846
748 459
947 987
674 790
566 820
900 572
386 911
85 117
1 391
996 286
238 891
94 744
40 697
2 918
578 184
241 453
751 697
610 160
220 755
828 13
138 411
766 271
296 337
348 574
510 756
739 796
622 761
666 827
510 440
661 583
417 731
948 62
94 420
110 950
685 218
339 384
377 253
137 826
476 877
474 670
86 788
660 217
601 895
512 197
877 553
478 492
544 840
975 679
318 623
336 219
515 961
565 207
45 792
153 365
840 562
325 716
745 343
717 161
525 722
436 172
675 83
910 422
298 665
723 575
421 1
112 761
501 552
926 96
590 48
724 104
540 108
111 997
564 927
428 150
92 591
405 191
75 806
835 593
932 22
878 518
570 355
287 494
486 10
40 970
483 642
163 181
788 922
564 426
920 392
707 133
253 67
935 763
488 66
483 982
478 843
780 169
727 427
726 719
894 22
938 380
841 49
588 72
354 75
296 409
929 579
502 331
997 895
143 88
733 225
108 356
499 836
651 142
888 352
916 231
246 756
684 609
471 962
925 182
922 934
212 307
94 618
59 886
2 560
649 390
14 55
325 895
252 862
239 641
512 926
473 809
445 55
379 858
692 483
538 639
882 837
721 979
385 946
145 878
796 65
892 500
982 743
744 900
360 47
704 634
836 896
976 642
183 105
958 37
512 374
904 522
48 327
8 0
718 876
45 567
728 856
916 678
515 165
605 737
629 995
278 902
401 666
438 429
616 228
187 421
31 119
601 971
987 929
647 783
796 539
250 153
391 592
850 321
674 738
575 738
85 27
668 122
116 849
721 828
112 233
253 725
86 56
410 923
103 871
420 966
517 648
751 549
958 312
767 746
906 902
366 445
909 970
764 370
646 564
802 468
337 405
317 693
38 888
668 39
817 761
39 769
170 920
95 717
83 559
518 568
464 346
707 906
577 527
337 121
115 498
872 234
2 836
91 233
190 692
62 531
361 138
52 637
840 283
618 123
815 493
674 659
605 539
938 797
324 287
380 796
190 231
674 543
787 356
945 288
991 551
989 709
556 149
868 64
544 679
137 706
105 75
222 144
768 586
688 15
11 630
283 944
343 193
623 489
861 422
749 40
262 593
671 333
29 421
351 803
259 178
824 410
709 752
882 682
456 442
446 752
346 900
637 230
208 97
745 647
141 642
166 18
592 360
217 182
578 455
588 430
124 268
136 546
841 947
228 36
538 343
450 962
435 80
265 328
748 116
799 693
308 366
336 161
595 486
152 618
622 578
915 469
114 394
739 138
206 508
957 85
472 128
851 250
888 291
552 460
841 861
884 775
409 470
436 830
42 211
354 761
320 454
530 268
593 840
797 899
699 426
787 453
52 45
734 296
967 962
475 202
94 315
619 356
466 557
70 231
898 655
687 288
314 987
780 7
195 795
806 315
17 943
586 996
40 158
27 391
68 11
679 848
474 698
620 690
226 989
937 492
55 590
846 808
423 293
112 20
932 332
160 110
803 816
375 658
253 428
944 892
22 469
616 625
370 331
322 13
654 898
471 749
66 105
808 879
691 385
645 730
820 552
128 972
901 793
47 732
275 815
170 854
666 418
637 105
849 738
294 247
949 211
33 21
644 282
871 714
21 192
512 228
80 209
960 241
814 43
201 997
168 39
464 72
367 276
273 736
522 85
531 886
425 373
71 690
229 815
632 911
893 444
732 595
988 828
878 480
845 621
644 938
282 96
717 403
404 418
543 617
16 540
175 622
184 722
583 290
563 566
219 545
863 769
765 718
378 734
946 608
133 8
215 674
144 288
491 411
687 705
170 966
299 469
881 84
97 165
242 270
407 110
1000 399
518 493
548 741
810 158
597 712
699 571
164 810
448 867
214 831
325 312
672 62
528 290
583 798
532 242
330 78
605 252
163 566
160 680
830 204
119 435
123 618
975 420
240 677
241 12
900 730
582 862
964 875
611 397
81 970
513 126
766 231
792 403
285 152
744 763
459 641
4 887
476 156
594 6
337 265
776 870
454 191
237 207
567 590
854 489
680 366
965 768
735 933
428 195
796 256
782 647
94 477
966 112
376 464
892 955
183 459
41 478
77 351
885 904
706 594
193 609
674 885
234 510
622 297
1000 684
213 648
701 243
427 592
138 937
860 591
895 928
699 944
901 851
633 601
627 658
947 716
299 12
101 808
627 27
350 13
205 214
783 291
148 903
772 485
516 26
866 458
964 829
137 384
401 85
301 859
471 237
248 347
763 789
194 958
636 84
154 55
637 466
284 685
343 100
315 795
998 48
39 943
578 688
83 843
400 232
498 306
119 119
327 840
575 93
408 688
841 136
21 139
327 651
157 526
978 68
347 943
642 347
405 712
999 658
783 506
720 257
455 708
892 374
71 77
856 360
769 935
402 894
114 549
425 318
10 775
432 675
506 597
555 311
239 230
749 434
526 325
636 841
225 782
59 407
147 770
248 989
841 227
453 384
399 829
640 44
484 908
340 55
