600 954 600 1084 19
128 277
104 273
73 461
77 304
182 303
317 442
347 526
243 448
19 313
286 361
97 530
411 581
538 593
487 571
230 595
161 424
349 429
30 417
86 474
195 412
147 234
1 32
314 320
19 245
194 232
86 298
140 415
355 550
560 566
197 309
448 548
269 344
225 285
36 235
138 481
236 533
72 257
160 335
121 149
157 421
58 88
77 470
0 386
12 595
40 596
84 529
10 33
0 526
58 416
41 521
133 569
157 493
190 340
223 336
249 459
83 551
354 495
15 243
268 530
536 578
423 548
389 524
153 178
81 206
199 273
232 286
480 567
9 559
493 598
113 419
103 171
37 129
0 281
283 484
296 438
387 581
284 505
295 489
132 446
273 287
438 522
503 592
102 516
222 480
71 198
255 429
277 377
376 418
99 474
450 566
377 590
427 516
74 434
216 518
457 575
182 443
1 81
85 136
214 400
239 316
374 576
50 475
124 291
217 221
286 315
321 414
132 556
240 463
363 535
22 327
107 342
221 482
367 502
297 331
81 599
351 582
469 555
435 531
236 585
336 539
200 555
369 561
301 400
433 444
170 478
351 534
217 558
293 572
160 547
53 204
105 428
25 254
146 330
495 584
39 472
197 540
191 435
48 250
181 249
59 374
512 572
51 338
54 110
136 262
48 219
261 395
242 418
14 545
389 460
259 302
95 288
439 569
102 425
132 272
152 348
304 395
352 520
409 569
113 168
216 484
55 263
80 567
216 325
534 580
267 509
265 478
143 227
255 563
123 454
31 122
299 304
150 263
118 307
43 590
192 335
75 404
52 231
300 388
447 448
246 428
188 457
108 414
307 454
283 466
121 579
333 479
109 529
330 415
194 361
241 541
82 329
413 544
11 122
196 595
451 499
368 410
129 174
275 589
397 462
419 429
330 348
50 557
44 207
88 589
46 473
399 523
314 599
142 458
121 494
76 262
48 544
205 417
387 445
371 490
274 500
112 594
241 535
75 295
267 380
523 532
94 481
51 150
263 594
75 239
72 332
388 532
76 386
134 447
279 335
17 475
514 522
346 548
244 446
124 198
70 236
227 385
56 188
179 420
170 407
413 513
257 519
20 180
9 448
44 159
202 236
364 441
315 564
197 397
94 296
23 229
557 560
192 347
61 177
7 357
3 228
132 264
321 426
445 581
151 295
127 155
149 294
4 40
203 238
16 466
249 515
190 582
130 131
328 462
17 207
363 442
16 483
76 85
237 518
76 224
261 594
17 308
42 150
133 439
70 479
158 432
297 341
245 313
63 505
107 283
500 598
169 383
248 310
273 362
233 493
312 530
134 243
533 585
24 73
362 434
143 421
150 565
35 335
29 488
374 578
155 200
271 523
226 467
50 308
88 100
473 531
216 583
37 117
179 597
364 521
216 375
300 322
275 482
391 472
137 158
509 511
455 585
101 307
78 465
17 44
172 591
111 508
528 568
318 369
178 257
192 470
274 593
34 430
185 367
51 60
580 586
31 154
488 502
76 280
422 457
63 468
372 590
368 495
555 587
122 511
186 316
209 572
213 503
158 337
321 527
233 349
0 93
143 373
245 541
1 596
391 476
210 220
92 435
94 594
189 575
248 392
112 261
131 558
192 279
24 366
123 159
180 213
24 282
231 394
195 376
16 574
201 520
29 549
219 599
146 415
357 359
148 190
180 378
300 454
45 68
65 348
3 473
441 465
39 588
237 334
199 345
213 403
175 300
198 291
129 183
258 380
32 253
372 432
362 385
318 353
38 371
411 449
219 250
38 490
171 321
82 314
342 415
319 514
204 551
119 408
37 99
7 248
140 146
254 297
282 366
21 82
35 347
328 427
323 389
66 312
132 506
2 529
393 538
180 210
28 465
221 453
63 326
269 420
218 328
437 539
128 377
57 453
325 573
152 197
473 522
169 399
157 598
77 395
106 211
413 520
87 582
13 285
249 251
233 421
123 307
156 396
119 368
59 536
51 418
169 295
153 205
432 590
77 192
92 305
484 583
195 455
309 360
227 362
271 365
299 418
404 489
2 109
23 110
142 208
252 536
211 435
188 537
118 433
235 447
135 141
426 464
71 291
180 403
53 494
30 570
208 386
70 202
227 373
70 533
311 506
3 65
239 404
308 450
320 513
510 543
450 560
111 166
19 241
137 246
472 588
517 553
200 363
271 532
349 419
185 284
302 365
303 443
348 525
316 459
212 365
147 213
348 540
337 432
65 525
35 526
8 47
131 326
209 577
56 371
370 504
425 569
46 92
379 522
143 233
1 253
102 569
2 45
377 432
134 230
63 431
126 285
49 522
113 137
398 441
356 376
438 528
478 576
3 540
0 347
167 374
164 599
172 189
488 505
221 510
270 316
8 406
490 553
316 317
60 331
54 572
24 68
375 484
355 463
69 246
32 81
257 339
6 205
20 384
445 546
168 182
230 458
272 541
13 174
52 579
214 375
238 441
312 485
58 100
308 566
43 277
30 460
228 473
72 570
88 181
138 527
185 186
461 546
41 198
118 287
91 144
323 350
256 301
84 571
159 207
350 472
133 477
151 322
214 301
183 409
327 438
67 273
83 480
64 393
74 478
267 507
393 593
223 347
261 263
26 190
353 378
310 392
93 333
475 476
105 407
145 553
118 123
340 354
210 403
309 473
427 462
4 289
142 447
210 248
16 237
188 248
36 467
114 499
472 524
9 215
95 516
86 221
11 561
274 393
175 501
278 337
463 550
204 507
175 454
160 261
367 442
157 271
99 183
55 150
280 387
229 255
298 453
87 190
269 271
171 527
345 390
133 400
253 375
41 561
67 344
258 492
141 437
127 535
62 459
316 469
332 417
165 555
172 248
61 273
163 396
202 223
486 557
151 300
51 525
124 193
290 369
96 116
480 564
268 571
157 344
253 573
269 532
40 562
63 416
85 458
177 344
219 436
499 564
171 276
47 463
251 538
253 554
104 345
108 464
41 124
57 510
244 264
157 302
258 511
464 543
103 276
66 231
444 536
162 567
102 542
3 319
221 275
67 177
27 70
60 338
6 417
318 378
392 504
377 428
9 161
47 147
58 131
150 594
58 558
172 318
359 512
155 165
28 405
366 529
45 78
364 465
45 461
53 487
199 390
204 267
188 357
147 168
228 514
229 504
206 599
84 497
89 361
196 262
16 25
205 295
252 578
466 483
12 230
397 435
33 162
28 545
187 333
163 204
155 257
14 31
109 366
288 484
328 397
79 402
6 30
89 324
149 394
17 50
144 145
157 269
160 386
222 567
343 378
247 277
282 471
280 581
317 469
55 401
60 242
296 452
357 572
423 481
29 505
100 589
21 544
179 269
167 560
363 555
20 361
196 280
346 527
83 121
354 368
52 394
10 162
366 497
2 545
12 546
464 482
220 370
240 406
223 333
20 234
174 292
171 346
381 441
56 108
154 258
293 357
197 360
324 361
326 496
482 510
493 498
338 418
131 474
396 571
68 471
137 278
402 577
111 521
148 354
101 287
43 372
253 325
264 446
175 588
95 427
406 499
184 418
153 417
265 390
19 155
119 301
442 555
135 455
29 495
355 372
22 92
14 156
258 267
22 57
382 546
18 582
130 221
264 495
61 421
331 376
6 389
50 566
300 597
189 248
297 348
80 550
454 597
197 415
326 416
103 553
159 260
515 593
320 520
287 307
385 428
221 558
165 257
216 253
174 496
343 511
411 445
275 558
259 274
117 474
45 381
396 492
139 280
71 575
120 447
404 469
81 301
404 587
294 480
334 518
153 489
89 406
39 501
42 299
243 447
13 29
97 487
116 386
266 388
229 349
242 338
265 456
245 552
139 411
383 430
114 480
375 400
231 579
94 452
62 186
438 452
18 132
124 144
133 176
325 554
306 350
484 542
138 296
248 359
165 200
57 527
357 512
261 279
83 204
94 125
210 310
62 316
322 524
138 528
249 430
240 451
90 332
37 496
314 408
515 538
168 213
50 486
54 512
46 305
137 337
502 505
390 434
61 143
181 251
428 434
40 573
67 420
367 584
440 475
45 109
59 450
277 590
507 564
367 488
290 343
33 98
73 366
15 161
301 410
92 106
215 517
60 525
346 423
297 358
5 529
93 281
210 318
368 549
128 407
173 250
423 527
123 175
113 563
345 456
380 492
444 450
542 569
191 218
104 578
422 553
32 214
306 570
504 592
221 298
115 527
44 260
59 167
159 588
321 543
156 258
148 582
113 337
358 376
519 552
101 454
116 208
266 295
323 460
220 403
140 254
95 462
71 591
386 526
412 455
54 393
276 553
491 494
2 14
183 225
420 463 406 118 594 243 41 431 586 187 502 216 422 359 281 469 330 539 299 228 389 186 439 281 91 232 110 155 371 201 144 235 479 591 590 257 213 469 8 501 143 44 288 80 487 329 337 432 226 211 470 541 354 410 50 389 316 253 478 501 482 102 110 533 320 147 141 574 465 381 2 205 16 369 110 7 483 33 563 233 545 207 9 349 212 423 136 227 206 192 287 276 22 190 137 271 52 23 199 310 327 284 144 539 0 240 556 197 202 518 551 132 110 451 379 595 49 76 550 268 334 530 409 118 351 254 483 177 34 191 429 139 25 314 211 261 12 219 569 30 338 440 538 535 277 296 21 108 60 154 396 245 559 143 275 274 95 543 382 13 594 550 84 517 395 594 459 146 254 197 546 358 16 577 283 510 113 470 226 137 89 138 546 273 213 514 208 443 94 112 281 87 129 212 170 305 597 10 80 139 177 90 415 145 326 73 455 193 486 270 212 451 316 151 427 401 42 261 188 105 319 53 302 218 481 594 65 541 3 340 139 16 372 430 98 93 176 591 484 381 112 549 86 553 90 527 546 503 178 176 413 185 400 496 219 136 584 342 537 401 79 406 414 95 22 105 540 512 154 148 556 165 231 298 249 12 456 410 350 202 582 439 366 489 380 424 338 302 246 103 141 159 71 43 474 256 271 212 396 348 44 102 161 48 172 469 555 530 587 80 190 581 101 132 433 587 247 580 18 11 556 116 355 91 570 216 450 266 307 215 245 526 268 473 21 552 595 305 285 269 262 77 257 306 76 156 202 282 534 367 202 277 585 37 589 538 249 256 184 543 95 138 549 447 327 287 193 183 572 99 515 138 191 361 386 3 80 110 344 12 245 593 37 160 579 16 184 141 2 37 525 456 267 348 111 352 76 196 32 268 107 392 403 369 101 423 430 103 229 465 382 497 383 453 450 308 537 64 409 66 521 589 85 123 337 11 406 549 538 330 574 7 376 214 152 477 336 2 239 429 10 5 92 357 417 238 68 392 328 150 561 16 517 41 550 210 544 356 423 154 179 468 326 435 330 102 477 490 125 248 131 75 437 215 577 567 7 384 25 285 583 328 232 318 262 234 572 121 483 258 181 138 113 193 171 10 529 90 15 299 247 408 78 77 233 120 480 395 194 283 330 231 336 55 80 412 150 105 173 317 248 503 317 186 546 59 559 487 164 347 126 63 579 328 249 441 312 285 277 559 281 517 173 204 52 300 227 294 522 351 523 291 137 180 491 65 356 366 143 337 299 536 77 4 327 456 476 186 303 132 102 349 396 25 301 382 496 588 442 178 48 75 338 263 534 203 39 90 573 190 455 515 276 283 188 5 362 504 12 491
801 938
919 210
366 902
824 620
983 171
293 974
358 110
355 566
103 677
587 779
1 997
325 809
552 894
704 296
320 865
569 853
992 435
111 72
699 110
541 51
158 673
927 73
660 528
320 448
398 966
990 488
780 48
904 970
384 818
670 248
369 63
294 846
901 247
29 974
387 381
816 888
728 774
666 386
454 670
272 118
985 225
381 770
864 715
17 503
122 114
407 936
741 535
90 647
964 82
737 652
57 54
894 647
81 908
160 918
398 479
838 748
429 627
614 572
565 385
46 136
942 612
218 332
455 311
563 324
470 423
853 608
88 976
203 262
429 950
174 411
936 983
356 704
477 2
445 980
47 364
395 253
716 990
877 821
397 877
456 543
1 724
873 193
917 105
127 836
295 946
686 942
603 486
744 37
528 376
108 723
410 75
420 731
698 498
837 970
703 687
887 438
663 903
177 975
42 942
714 420
531 413
184 202
838 392
506 696
127 256
64 398
652 468
937 447
471 584
348 923
358 474
485 809
758 802
195 506
49 745
588 666
689 888
637 374
144 167
791 174
674 821
71 863
307 788
178 151
401 749
716 725
759 310
554 76
47 449
693 380
612 453
601 396
654 99
805 292
598 862
988 818
673 974
170 459
655 628
571 990
931 499
972 842
658 847
225 396
460 746
521 766
917 544
100 611
708 143
68 828
832 683
319 194
867 525
412 129
287 818
494 74
286 890
273 335
112 459
187 106
774 828
547 826
2 930
196 907
829 175
488 111
510 832
1 153
122 551
362 270
5 402
549 686
333 642
941 0
709 345
226 123
792 261
192 298
448 100
278 242
210 644
478 338
94 532
746 383
887 684
551 262
518 299
834 997
398 593
350 622
733 102
744 429
859 878
428 759
203 690
995 743
584 950
838 516
349 740
127 287
527 115
787 96
917 941
509 910
154 855
355 153
885 165
158 66
712 850
477 492
262 649
713 476
377 353
141 613
854 237
559 725
936 304
561 444
801 443
943 130
265 586
571 474
23 776
870 923
713 951
732 358
674 708
183 367
772 601
282 478
579 890
77 946
197 732
270 419
113 634
675 793
944 925
999 380
479 906
433 242
50 666
596 71
974 654
605 804
622 161
588 12
119 404
7 441
340 588
444 340
976 57
458 379
111 201
924 273
960 516
269 522
782 227
450 59
261 839
338 382
144 89
797 779
625 984
811 757
678 173
47 333
333 225
207 858
200 995
299 304
507 250
329 309
647 49
161 308
356 438
528 458
489 670
25 468
167 487
828 818
604 1000
784 992
365 963
937 413
593 305
727 317
164 747
153 212
910 402
946 165
276 745
386 693
662 358
431 552
45 857
375 179
671 649
939 578
622 507
919 750
259 172
815 223
309 329
59 560
915 795
685 542
272 0
206 179
80 108
823 560
265 612
578 166
124 971
565 34
828 100
179 782
466 265
500 218
288 677
813 664
852 73
546 639
312 137
316 41
138 736
982 281
618 344
652 587
803 470
885 83
889 551
979 616
398 33
869 978
951 364
808 852
903 901
137 497
942 642
426 23
755 149
975 547
900 477
252 725
253 315
90 280
594 705
832 926
902 576
246 467
283 27
686 44
803 24
295 708
716 187
23 600
954 728
381 549
995 586
337 526
794 538
156 711
152 358
532 158
430 814
326 354
335 979
573 230
730 217
320 732
275 561
408 658
45 520
205 421
21 207
902 330
998 644
73 430
230 704
714 567
216 883
446 911
514 881
347 328
134 691
129 380
739 897
485 985
302 215
328 92
88 317
238 30
316 574
408 441
59 890
868 792
227 932
786 503
445 869
334 262
829 258
872 755
454 514
204 608
410 200
365 798
76 670
31 413
803 122
801 359
759 243
541 961
941 800
847 28
523 622
902 517
581 360
381 94
949 673
203 457
241 246
241 365
427 679
625 647
531 848
779 387
497 597
842 437
100 384
241 508
404 340
519 340
94 490
113 149
95 346
753 488
926 183
937 830
692 599
864 320
186 7
482 857
547 212
93 566
77 146
517 973
641 142
642 820
613 774
594 976
35 107
24 686
736 619
607 539
234 181
995 782
24 245
378 657
636 919
424 302
351 37
458 942
848 489
36 630
520 544
420 839
963 422
670 749
557 294
458 212
906 862
378 938
270 69
784 574
643 438
154 33
198 47
774 340
13 301
975 986
82 794
676 681
526 518
960 392
920 355
159 954
8 5
207 954
636 244
403 165
466 639
106 944
246 882
269 391
134 878
663 204
646 329
267 999
293 444
76 723
330 424
271 146
615 278
173 591
309 521
622 306
606 119
159 816
526 810
189 834
570 548
273 775
374 523
876 48
789 631
413 371
870 396
532 730
980 316
510 48
820 68
410 779
748 589
320 284
289 94
899 605
782 908
574 643
629 607
307 922
153 995
766 521
306 259
998 941
718 35
564 125
63 190
443 578
440 402
932 891
858 572
666 11
864 347
542 580
905 55
322 838
507 940
782 868
620 697
709 263
16 650
109 808
528 13
479 697
952 272
505 169
669 68
20 47
563 416
561 771
8 83
334 772
991 145
214 540
127 761
776 672
61 90
2 816
644 556
821 342
352 1
252 976
417 512
947 235
957 475
338 678
0 229
489 520
64 235
90 882
734 11
545 987
709 84
951 326
626 198
988 865
828 6
451 149
214 80
506 424
44 490
330 707
252 545
383 414
773 725
536 926
969 196
224 219
308 373
845 151
