600 1009 600 714 7
239 554
400 515
43 486
518 533
110 560
7 387
269 368
42 549
396 425
353 477
320 342
396 437
318 388
166 351
144 484
55 135
170 468
19 358
322 376
79 422
65 150
129 346
193 219
66 118
389 588
108 450
331 407
367 589
255 580
345 579
495 514
176 468
181 377
81 278
201 479
97 316
141 542
230 561
325 537
337 539
140 261
166 352
247 479
57 502
21 223
314 332
491 529
202 543
171 585
25 257
177 314
392 484
261 461
59 509
327 586
152 515
120 134
462 485
387 598
51 188
303 428
326 495
116 318
40 559
44 171
20 94
313 522
222 337
352 436
49 168
311 483
60 128
144 515
134 273
258 441
271 419
105 496
375 506
55 470
258 419
252 534
85 130
18 267
134 325
257 420
74 168
107 250
14 119
211 433
83 306
140 452
151 416
240 483
245 318
390 414
106 168
231 369
74 528
449 485
7 386
316 564
219 571
56 216
426 522
42 308
20 198
207 438
15 371
48 597
411 494
392 515
161 390
9 124
235 375
127 544
120 220
223 521
279 581
30 100
17 331
45 560
61 183
211 268
12 539
500 505
47 198
78 470
70 239
96 525
75 514
475 485
192 380
252 395
262 538
283 423
17 43
116 358
360 442
188 492
248 564
102 450
311 427
294 433
204 303
215 487
7 126
284 346
205 405
8 36
3 476
46 99
240 311
263 488
295 392
101 387
107 275
132 371
152 165
332 422
343 540
46 432
295 484
330 437
170 344
6 403
79 332
85 483
195 575
157 557
530 531
555 557
74 374
32 342
282 498
165 249
116 283
205 490
410 505
241 425
149 208
92 567
14 568
173 206
182 595
109 466
190 255
440 599
189 554
20 47
393 517
59 185
74 343
124 247
42 302
12 101
35 354
70 292
4 462
48 330
222 235
51 474
427 461
481 532
570 592
129 478
251 257
8 267
164 206
360 476
125 304
83 162
333 599
137 388
355 470
162 435
462 565
143 438
138 259
406 553
51 86
180 562
210 445
194 389
25 251
10 170
557 594
12 373
221 378
65 579
35 114
103 303
97 564
15 132
222 373
56 456
101 219
137 370
511 537
218 263
62 330
176 456
55 91
12 598
517 550
136 485
78 389
111 380
228 585
222 390
403 507
380 512
120 524
314 498
348 407
288 336
162 574
252 348
135 155
146 401
297 492
80 102
175 444
268 478
123 454
101 598
576 579
11 374
8 508
97 289
105 184
20 438
461 542
148 496
272 498
345 547
60 284
230 396
315 530
1 249
327 535
2 434
109 254
39 349
27 564
281 379
219 341
415 489
328 564
155 296
81 318
57 208
117 292
372 427
0 82
194 478
103 428
369 546
81 473
246 537
10 521
210 487
36 332
278 519
39 257
128 573
262 303
285 466
369 582
38 155
347 582
199 472
112 155
252 331
68 363
527 545
436 592
354 407
301 349
241 396
92 493
496 503
82 559
276 583
472 518
197 221
68 374
402 482
73 584
336 406
195 347
51 352
109 387
61 251
25 138
148 215
264 501
447 501
208 294
221 434
299 339
383 585
57 281
270 579
223 496
46 455
372 542
185 308
112 385
146 281
30 224
18 508
556 562
91 92
124 258
315 381
86 477
82 464
353 592
133 516
414 577
155 429
76 342
47 361
58 471
87 324
453 584
247 567
211 391
26 197
194 301
181 188
508 592
233 582
361 509
121 465
371 530
313 365
289 340
310 393
22 405
297 352
179 435
430 544
413 548
79 314
119 377
28 114
159 415
76 581
78 398
163 560
535 586
290 568
214 509
107 153
559 590
363 525
187 361
324 458
180 461
231 300
75 102
267 566
12 431
342 504
146 154
9 81
178 284
496 596
265 526
445 551
55 593
38 259
253 438
256 506
136 449
231 516
403 583
188 352
199 336
193 444
298 541
46 384
113 116
232 443
268 573
255 272
230 442
145 293
172 318
180 365
145 271
124 201
164 371
283 346
131 405
93 338
154 401
37 561
34 303
218 249
123 479
144 249
277 471
22 488
316 340
94 253
140 400
454 544
20 578
130 311
421 467
230 572
175 213
222 506
47 424
106 173
144 152
184 333
381 480
299 382
377 383
319 464
111 512
341 444
65 142
6 581
17 54
221 490
22 490
191 377
64 75
64 580
145 227
272 350
148 203
403 450
176 216
309 546
76 469
329 339
310 334
207 270
130 397
228 377
371 531
234 406
434 504
485 565
99 384
176 487
331 395
94 438
287 364
300 513
426 494
431 497
217 245
241 330
332 522
245 247
209 226
16 529
298 454
80 583
0 511
299 367
54 381
184 442
62 554
294 379
155 259
266 533
444 466
237 557
19 245
19 520
121 522
184 476
332 397
227 531
117 230
213 239
161 463
35 278
58 59
451 496
37 243
478 588
347 359
347 545
61 410
120 150
139 257
75 93
122 161
174 351
192 561
176 560
82 319
265 440
462 475
203 496
245 274
269 299
268 301
21 242
41 354
43 480
554 597
118 591
58 277
54 459
193 401
356 529
137 506
66 591
325 590
176 399
142 220
416 511
408 509
340 544
296 307
60 178
363 404
86 436
211 573
24 569
123 419
46 510
252 549
29 187
412 544
208 433
356 560
376 552
182 449
117 175
18 570
157 237
246 511
140 152
58 408
272 495
236 543
87 344
50 265
43 58
366 441
76 523
283 370
29 295
83 188
96 253
263 484
75 80
127 340
285 444
101 254
29 509
158 420
390 497
179 598
378 405
48 62
113 318
96 157
25 194
12 219
75 238
279 338
131 460
168 528
274 520
576 594
221 501
187 590
32 595
501 556
353 467
140 515
122 407
156 171
69 243
177 332
209 250
229 400
24 466
136 475
133 481
83 474
64 305
247 323
451 476
133 513
55 92
159 545
186 368
159 359
259 307
90 377
67 93
221 556
26 494
434 460
60 346
206 291
385 582
120 273
120 578
29 40
34 286
92 548
223 242
348 534
275 433
334 536
84 211
278 414
234 518
313 439
298 412
89 255
25 349
426 439
245 323
263 552
148 445
208 502
352 508
151 322
5 467
338 581
71 564
316 518
37 333
339 589
197 556
112 429
49 248
225 541
141 461
481 516
127 196
286 335
121 542
181 200
195 489
296 369
50 482
226 251
230 292
80 495
563 571
233 575
13 46
338 475
22 205
4 485
225 453
197 320
127 173
523 595
36 397
85 181
37 442
398 587
85 311
320 504
113 283
366 473
195 546
134 424
25 417
413 567
49 289
103 457
273 524
115 505
204 428
66 69
40 295
63 142
148 456
38 55
311 372
9 247
258 479
373 539
207 312
469 523
422 522
345 576
313 426
414 519
536 550
7 104
32 76
412 541
211 275
149 189
142 150
117 572
129 398
295 552
228 499
261 452
37 184
28 366
36 130
364 583
137 375
108 583
406 455
15 58
232 255
160 270
229 252
334 550
79 287
338 403
108 403
396 561
225 298
31 340
87 224
293 531
541 553
385 493
509 540
79 364
124 366
149 502
263 376
6 304
31 412
69 280
1 490
489 527
259 296
170 521
36 267
14 167
579 594
47 343
137 236
27 237
48 554
308 515
169 595
141 180
74 132
428 457
397 465
124 479
123 225
70 425
1 218
169 182
29 214
86 353
308 486
75 305
334 393
64 272
346 573
52 170
234 553
64 317
476 596
279 469
122 463
60 146
351 492
223 324
525 558
378 490
256 388
72 435
71 316
297 351
203 386
331 459
228 383
276 364
77 232
217 318
6 125
288 432
235 373
359 545
379 433
181 492
120 142
0 416
272 514
54 480
83 290
47 74
69 118
359 548
277 381
261 264
335 557
160 557
315 459
413 446
96 237
359 413
88 570
419 430
181 191
201 247
13 446
30 344
243 599
229 534
85 200
119 497
304 494
132 528
121 397
200 492
208 275
89 272
287 583
302 395
66 402
380 437
193 563
353 436
66 321
329 529
140 264
209 257
11 96
50 402
109 126
474 574
91 520
186 418
210 589
50 324
210 418
338 507
365 562
130 465
382 443
53 211
153 189
154 281
70 396
117 213
219 444
341 394
257 349
132 206
222 375
235 571
120 312
240 452
23 457
272 580
86 574
106 132
300 369
399 560
3 285
289 316
40 187
136 169
249 263
31 518
11 74
14 598
261 427
232 382
1 501
405 460
112 582
396 512
342 586
143 270
364 411
68 244
189 597
98 386
303 538
355 593
428 576
386 435
192 448
33 146
60 379
336 455
89 232
104 203
156 229
205 378
29 308
410 532
98 212
172 519
172 256
329 399
266 472
243 561
41 114
173 291
44 585
389 470
21 496
147 281
11 253
69 402
19 116
194 588
164 531
270 594
115 209
212 386
7 435
266 316
139 420
276 494
586 595
450 507
252 407
250 362
222 414
410 481
104 126
61 505
161 585
26 320
503 596
74 94
327 342
125 276
248 363
39 420
405 488
269 367
513 532
157 253
310 321
95 430
181 357
88 443
163 399
316 533
323 567
267 332
490 501
188 297
260 475
322 488
110 529
548 567
119 228
6 276
238 305
121 365
383 483
322 409
89 498
13 415
575 582
516 438 303 472 489 267 468 74 183 42 303 175 63 159 568 73 429 74 349 494 583 418 530 227 544 577 111 578 121 453 486 255 240 448 547 154 403 401 194 480 413 76 376 559 400 65 547 325 23 162 318 195 35 232 472 484 526 34 244 167 43 248 17 541 165 188 223 273 2 3 166 336 490 599 352 345 78 252 248 307 163 566 441 10 559 409 160 323 431 89 130 107 549 558 173 130 149 403 591 572 3 450 76 450 538 368 380 582 441 131 336 365 411 508 101 173 591 293 589 62 259 73 339 319 124 455 360 535 326 278 298 155 507 597 34 425 545 34 78 201 439 410 403 176 188 470 8 564 539 159 65 92 251 488 226 293 91 152 247 101 234 194 213 9 38 509 483 180 430 545 230 577 325 465 141 12 21 120 462 445 323 229 290 306 303 70 151 175 278 28 3 386 326 244 140 50 599 435 93 490 68 399 118 559 483 308 39 563 17 29 554 352 89 193 548 525 328 503 515 209 404 153 82 374 489 179 208 319 120 546 566 204 170 24 432 315 244 141 53 216 474 205 550 17 188 439 257 351 143 103 378 498 390 180 246 570 246 242 509 201 530 187 23 151 314 125 77 485 248 431 79 2 44 428 391 184 126 5 590 547 40 64 144 85 377 405 190 54 220 231 311 465 371 326 112 186 253 23 315 466 221 422 325 183 227 222 508 87 147 143 87 373 427 84 103 57 97 382 120 448 446 498 433 442 252 17 76 363 590 393 518 148 280 487 208 39 532 323 288 187 238 388 457 468 247 69 377 279 243 411 496 250 166 393 336 300 262 569 68 272 536 500 392 499 113 77 599 135 85 555 521 105 428 250 375 149 380 101 277 426 517 120 277 519 367 499 195 552 63 557 480 567 314 9 510 554 178 41 544 112 362 157 229 82 498 53 131 434 41 68 447 306 61 35 354 80 571 413 84 387 435 130 30 357 232 519 49 180 117 107 435 212 281 315 342 435 213 414 568 324 333 224 394 508 164 134 265 230 385 303 400 76 290 279 50 344 554 401 285 222 143 362 219 137 42 49 263 276 309 107 168 239 545 582 522 150 141 573 459 142 537 424 577 378 596 444 61 52 127 339 150 20 454 291 381 179 567 332 201 442 472 333 62 349 276 506 34 64 569 91 151 230 392 533 429 317 541 574 591 80 569 158 24 577 287 151 369 349 90 244 160 147 427 104 562 578 542 386 79 346 308 464 18 540 420 220 199 401 340 468 287 41 290 381 552 393 238 82 555 86 206 138 227 464 502 571 221 440 290 526 576 397 449 329 541 365 0 300 438 9 417 423 180 532 184 13 70 249 313 200 488 595 34 434 343 434 302 189 96 572
30 390
166 557
56 636
760 656
45 978
506 914
114 794
636 725
374 792
617 296
792 905
245 156
605 546
624 44
554 629
301 275
604 1000
319 376
395 835
668 291
143 212
748 826
106 544
12 8
715 748
880 213
178 710
239 5
427 354
185 407
885 946
429 105
20 766
743 511
63 0
503 387
349 754
818 725
851 185
914 302
149 401
443 414
302 439
276 360
387 543
769 987
599 86
197 231
993 560
350 130
930 814
464 779
866 889
908 365
355 362
760 196
758 873
858 523
245 286
232 346
790 425
954 166
961 597
3 193
294 960
49 162
978 780
192 981
267 124
896 768
889 593
360 31
564 771
621 162
243 202
249 938
58 807
484 985
808 261
247 779
236 866
600 342
74 379
530 749
880 389
411 656
476 819
884 908
427 909
401 919
472 615
726 226
732 196
156 943
192 192
443 251
223 68
346 95
642 811
618 119
905 977
622 584
200 888
38 24
668 762
795 772
353 197
948 461
161 841
645 674
715 991
924 654
804 147
690 372
406 371
992 227
678 338
815 614
974 742
531 591
60 255
296 699
462 470
486 195
561 264
128 768
691 695
394 173
851 440
809 354
363 659
54 578
316 241
953 35
138 281
802 174
54 889
666 431
927 171
938 351
272 518
291 650
7 224
159 133
213 462
472 306
784 508
815 562
711 850
931 508
51 216
37 418
238 497
992 466
783 557
874 147
343 551
192 68
882 360
678 85
183 103
450 506
530 787
667 937
404 267
217 527
400 736
544 658
322 159
31 869
839 922
403 581
625 372
403 200
391 685
770 596
712 909
298 786
754 449
590 696
292 611
488 669
6 846
936 116
782 731
242 412
568 824
135 354
482 724
961 510
343 984
531 683
881 697
723 580
860 290
738 11
364 162
158 665
167 242
506 11
456 669
585 237
720 483
681 819
54 93
108 588
372 229
80 175
893 500
975 297
638 892
902 433
605 809
842 579
198 359
695 874
758 915
628 323
139 539
652 544
18 271
153 627
582 474
832 847
914 939
506 173
978 271
443 287
452 565
352 518
829 655
916 67
436 942
824 50
488 47
610 489
689 476
186 32
230 967
893 561
380 596
934 602
813 867
851 727
298 127
635 275
8 321
611 248
322 68
185 524
976 395
959 228
358 477
217 146
633 632
394 965
623 405
936 275
527 242
904 124
107 937
265 588
112 66
87 498
236 550
864 817
382 15
340 792
854 369
558 872
99 150
490 276
332 900
66 320
668 262
925 474
161 781
285 331
532 412
94 857
943 722
822 520
353 881
727 390
761 417
740 634
130 18
229 826
603 25
375 97
537 723
400 237
852 604
474 332
846 496
153 443
842 102
428 741
490 150
539 939
875 29
875 323
345 424
66 47
136 740
281 984
577 736
873 91
274 440
812 26
958 876
382 628
93 204
227 691
274 796
368 329
387 62
316 925
645 352
91 446
132 698
988 826
7 503
645 221
881 855
106 311
255 820
13 695
292 12
625 933
969 625
361 398
304 760
836 758
923 910
161 18
555 19
546 516
116 885
589 933
405 124
656 587
48 740
267 231
822 973
31 140
806 392
754 55
405 481
903 250
289 911
425 715
423 778
457 845
490 430
777 233
663 972
511 724
705 310
727 115
760 691
162 319
985 431
279 89
206 789
237 650
501 329
564 905
528 833
851 73
705 433
373 284
351 632
594 516
269 173
625 460
58 470
517 634
115 624
803 470
934 691
325 313
466 952
429 589
570 120
766 129
630 773
600 665
652 409
850 252
505 526
933 398
184 440
992 906
669 647
358 448
905 630
322 733
791 293
663 909
314 515
733 552
934 783
148 807
244 94
82 574
530 48
423 454
217 306
26 464
975 99
233 757
457 97
690 151
533 466
663 50
0 416
854 219
600 860
489 239
911 330
439 873
259 746
753 359
168 272
913 580
215 733
355 605
12 79
832 131
448 203
564 570
579 63
872 460
99 646
592 776
448 813
960 671
131 178
192 662
851 793
537 286
802 688
467 924
712 625
658 847
652 104
234 593
906 720
16 909
169 879
769 754
295 557
569 159
461 164
547 68
737 893
0 50
910 861
385 353
28 610
329 603
82 988
411 526
66 419
335 704
714 661
473 891
791 936
59 851
820 228
268 308
430 13
538 349
500 776
79 899
750 718
511 881
845 334
585 205
312 347
976 71
890 796
408 615
137 480
10 944
308 407
669 882
9 544
651 3
132 567
577 962
424 681
759 159
193 749
267 858
778 798
529 549
355 840
473 547
974 206
212 566
895 526
695 782
77 688
993 187
594 412
162 907
400 796
189 330
527 93
9 355
882 660
962 10
261 903
275 473
944 90
957 971
435 42
590 383
700 249
836 884
267 707
27 798
40 306
255 61
831 819
696 45
313 204
626 976
346 295
395 299
998 22
406 31
384 509
1 660
930 994
64 350
92 85
569 530
225 254
499 117
322 659
652 475
431 164
722 49
825 1
16 168
689 181
311 479
967 927
628 862
110 485
494 74
956 537
103 15
194 633
154 70
265 35
111 377
710 965
837 685
220 625
672 527
328 2
1 988
312 813
653 184
557 705
688 725
403 868
648 517
798 650
830 412
511 811
781 64
32 110
493 481
119 238
67 134
311 989
83 820
778 93
195 820
597 175
431 544
0 732
730 335
833 274
598 898
137 309
988 705
423 843
736 260
116 98
2 815
738 761
998 515
584 600
867 754
