600 1382 600 1119 12
505 535
334 579
64 66
543 559
278 533
154 409
98 217
83 575
223 283
436 473
503 564
249 552
94 596
285 465
52 465
106 259
134 250
1 303
54 67
439 454
175 233
64 591
159 391
146 556
285 312
241 327
49 307
134 455
116 384
15 117
335 438
159 399
247 409
369 395
83 206
417 430
181 183
331 473
340 591
52 489
143 146
192 498
445 529
364 456
258 374
234 272
113 481
256 428
349 365
446 488
159 547
143 396
114 218
304 513
223 484
266 569
169 282
153 244
268 476
384 521
132 377
274 423
56 535
185 527
474 532
322 389
147 196
175 199
542 570
86 451
200 461
278 576
512 549
128 508
303 569
51 593
40 256
37 497
96 120
286 345
143 414
122 161
501 579
478 482
46 394
30 474
1 32
367 589
139 157
14 542
96 456
173 298
359 492
478 521
270 564
49 525
225 412
243 529
3 555
189 521
43 416
222 453
46 309
349 381
270 284
385 399
247 544
47 452
171 363
156 205
52 329
108 276
272 534
221 367
123 458
161 211
157 198
308 457
154 375
90 397
86 506
185 348
369 413
132 477
197 486
268 356
16 88
33 415
168 572
3 432
237 338
85 358
283 327
320 391
63 360
315 470
266 275
244 340
392 506
2 238
377 462
151 296
169 487
179 219
195 594
112 582
438 554
231 326
127 151
39 73
11 435
367 435
125 201
73 545
280 532
3 372
270 503
232 318
3 76
317 546
34 147
387 565
563 574
184 454
310 318
11 590
88 304
144 390
92 133
246 490
305 557
408 518
316 449
127 325
39 259
105 164
143 570
157 197
172 232
93 467
84 418
18 364
52 371
94 156
306 538
33 596
118 578
430 501
244 297
167 419
138 391
10 533
10 175
68 217
363 394
191 561
271 495
75 120
49 349
72 75
269 584
82 235
132 162
55 254
66 470
241 267
108 273
81 592
153 297
349 567
413 432
215 432
136 547
283 288
148 459
111 461
50 596
228 318
142 253
208 557
214 312
446 591
367 523
39 517
129 322
47 335
473 562
252 378
244 370
79 460
19 448
348 587
277 543
140 582
201 593
73 517
207 317
72 179
273 276
322 476
27 345
215 273
349 499
194 330
199 568
305 342
85 453
416 502
418 566
107 403
118 148
115 540
245 535
263 530
184 223
109 312
221 546
387 451
205 520
42 336
131 425
141 345
48 580
141 452
19 433
29 94
135 322
6 272
240 418
159 385
112 431
22 101
78 514
21 428
95 132
417 484
463 539
270 460
109 178
60 362
241 292
525 595
435 589
394 421
135 389
81 277
392 401
45 391
178 214
302 408
66 496
377 477
282 507
451 457
67 402
237 550
202 399
386 450
26 565
471 581
22 49
72 120
548 577
20 442
424 561
301 391
94 573
97 240
410 521
289 301
26 59
265 490
38 538
125 249
83 565
210 267
386 433
229 424
344 390
256 485
502 572
78 424
308 405
130 564
367 429
142 504
218 274
223 497
488 589
121 355
9 500
369 538
288 327
228 348
61 472
188 217
227 247
217 502
145 305
78 561
265 379
389 514
50 317
352 525
232 599
388 545
52 323
339 551
346 375
284 367
95 477
82 191
44 245
321 590
356 536
88 569
249 360
126 198
131 522
68 306
364 433
21 532
42 370
119 479
119 200
20 278
299 375
31 134
78 444
120 248
50 330
48 203
12 166
247 356
171 394
185 228
354 487
22 525
341 566
338 449
33 330
81 215
225 397
323 465
226 411
0 445
444 464
426 548
66 460
204 350
362 545
197 335
41 105
149 243
325 436
16 304
76 515
128 252
201 560
41 164
160 474
337 580
114 423
204 497
418 510
174 308
289 399
43 278
127 331
370 520
428 571
228 310
215 355
6 31
27 226
119 414
48 148
271 338
195 210
192 596
89 137
224 436
17 250
27 452
81 265
10 445
74 210
39 236
152 288
97 155
66 270
46 421
270 496
123 202
120 398
109 264
252 398
68 538
148 581
172 222
20 416
123 124
126 287
129 476
281 331
122 516
142 329
255 325
454 497
236 354
187 212
89 583
275 522
231 487
416 442
484 553
94 467
73 259
25 242
173 272
109 296
253 507
89 274
347 415
540 599
32 131
458 581
172 453
221 262
152 471
87 249
77 423
199 307
258 535
57 91
332 363
49 217
12 469
400 552
191 218
92 101
343 374
88 485
178 323
266 563
423 474
327 417
226 528
140 599
361 441
15 418
36 368
199 572
555 558
112 346
310 527
134 539
387 457
365 381
185 227
166 263
160 532
441 584
5 10
47 468
235 481
283 484
128 378
479 557
197 492
167 314
110 433
307 568
88 513
2 72
24 126
81 355
441 544
359 520
22 595
266 574
369 432
21 77
163 521
209 233
33 62
3 403
154 185
22 531
227 527
507 545
239 306
273 301
452 582
25 508
3 419
223 581
4 347
227 409
96 229
211 339
124 262
496 564
75 496
350 519
157 586
111 542
155 371
76 419
119 146
229 248
80 134
91 363
274 474
253 545
67 338
289 577
165 495
115 318
84 311
340 357
139 198
9 245
252 389
217 572
172 318
84 144
95 390
54 271
48 152
161 404
256 302
101 383
212 356
101 133
277 538
348 375
174 392
65 70
187 268
273 422
108 121
121 273
287 586
331 436
349 525
200 479
113 518
250 457
104 338
548 558
343 495
242 544
485 563
72 238
202 385
73 388
205 590
118 459
104 271
175 278
84 341
102 425
203 581
140 540
166 290
16 53
392 455
353 478
158 307
75 179
196 380
28 291
489 504
191 456
38 68
74 570
205 297
80 575
409 441
163 182
396 570
98 133
337 437
399 493
75 252
235 319
182 294
375 587
25 64
316 463
223 458
326 388
412 430
262 284
334 570
96 424
315 488
472 509
267 292
286 599
103 592
185 409
372 548
344 486
357 443
194 354
370 468
213 439
389 440
373 550
353 410
170 317
294 521
43 572
229 514
95 462
38 166
93 254
63 76
389 398
191 481
5 51
527 536
420 462
189 410
451 585
2 65
340 537
328 519
87 243
515 529
231 354
308 451
440 476
109 366
524 531
170 407
321 498
431 587
439 519
102 453
21 574
330 347
75 219
438 452
17 457
221 523
153 537
338 534
512 519
378 508
148 426
117 351
67 500
50 192
84 377
150 586
135 544
153 205
49 572
414 461
184 553
187 356
34 505
69 334
528 554
446 537
236 317
164 415
50 170
194 236
261 596
187 304
295 476
213 454
282 504
67 206
11 488
151 259
55 93
304 310
79 470
94 520
76 437
395 538
267 327
161 574
15 434
86 143
95 377
443 584
249 400
95 163
326 354
498 590
236 376
308 483
263 494
311 377
247 441
20 533
105 489
446 590
139 257
316 338
303 526
122 160
5 28
132 384
129 544
225 454
281 296
16 187
174 457
134 190
138 159
60 296
381 499
392 483
445 533
55 197
412 417
55 492
47 336
28 233
34 380
154 441
77 319
225 501
91 535
390 462
64 508
63 515
8 216
127 559
144 462
243 560
141 286
48 393
260 554
270 429
330 487
266 333
58 386
302 428
69 238
541 549
219 564
104 173
206 338
19 69
401 455
217 239
53 485
92 98
314 437
47 359
467 520
256 571
269 443
49 92
197 359
37 204
96 248
108 376
458 497
9 258
234 539
165 271
315 460
50 498
29 164
20 413
40 571
448 461
156 520
425 447
58 218
299 357
385 547
512 541
105 566
323 362
46 480
320 376
170 435
58 110
250 455
251 482
391 493
239 395
135 508
107 215
377 434
109 214
509 551
17 83
360 437
56 245
360 580
103 121
504 507
279 514
133 383
56 258
64 378
232 540
335 452
230 598
57 593
316 534
340 443
159 493
208 324
131 303
32 425
91 196
25 544
223 471
23 49
103 151
201 380
171 535
254 475
27 554
349 595
372 555
14 461
124 350
282 326
277 432
129 247
231 282
435 488
269 591
119 556
411 528
345 599
84 462
429 460
142 489
177 178
300 512
459 580
54 495
262 385
114 319
46 343
309 363
43 576
26 216
42 357
61 588
152 241
225 579
142 323
150 466
295 440
99 311
36 218
38 290
48 459
78 464
53 476
509 588
199 576
219 541
239 413
12 325
315 429
163 294
5 149
184 497
110 557
140 348
405 483
8 500
278 416
272 463
34 552
115 140
117 155
64 315
303 522
124 202
328 350
95 420
383 494
111 143
15 351
386 456
224 473
389 508
91 332
319 368
162 384
30 145
206 565
7 266
137 557
93 492
149 560
336 468
113 235
244 357
178 465
117 510
242 508
108 259
165 298
147 380
87 560
213 519
175 576
158 572
186 496
191 235
80 250
6 539
241 406
249 529
104 298
321 596
233 291
215 427
10 28
91 593
19 364
176 503
122 404
106 236
295 518
397 454
262 300
339 472
106 108
363 480
314 337
21 571
109 177
108 422
23 217
412 454
30 89
0 533
276 301
257 438
52 155
221 284
103 259
5 445
267 430
167 555
374 495
217 306
489 566
286 582
144 344
27 141
257 260
352 595
78 229
257 335
55 486
343 421
144 475
48 505
348 431
359 468
248 398
44 241
204 458
344 475
48 400
124 385
468 520
588 598
176 512
293 364
2 579
276 391
439 497
12 38
492 520
390 466
59 387
101 494
283 471
74 334
105 504
33 261
426 577
116 478
131 230
118 314
83 237
292 382
100 324
191 386
121 592
127 469
336 370
315 591
38 383
297 370
248 514
24 157
32 102
67 565
23 572
337 360
315 446
194 487
63 249
311 418
110 200
129 268
112 452
433 456
105 169
136 546
55 344
243 249
302 319
273 289
26 396
11 446
98 188
127 281
184 412
6 234
77 532
32 513
125 552
130 219
211 266
123 426
399 426
85 310
125 380
351 418
301 493
84 164
167 578
161 266
221 407
215 277
264 281
18 120
224 255
78 279
39 106
324 506
70 225
449 550
66 79
115 228
54 338
152 245
307 567
99 377
153 446
141 582
206 237
239 442
118 337
155 240
408 476
253 362
185 313
3 20
186 378
186 252
246 559
208 479
190 373
358 453
148 458
124 328
431 582
59 86
400 580
160 280
190 539
150 344
32 526
289 426
27 411
13 482
85 304
264 331
236 597
4 164
78 113
87 201
393 580
15 183
330 596
228 313
41 341
144 164
9 44
148 203
485 569
9 71
7 211
126 189
43 502
284 503
345 411
157 335
101 531
147 491
50 194
393 400
53 88
136 391
64 584
53 256
216 396
176 549
379 490
177 323
107 372
412 501
235 368
0 10
20 515
65 579
362 511
150 182
325 331
322 440
558 578
212 268
262 328
343 394
308 585
192 321
112 587
174 250
88 526
191 450
161 516
102 304
74 195
164 475
81 379
19 293
299 443
276 320
29 467
235 302
255 263
228 527
361 584
333 522
284 523
8 292
35 76
333 588
312 562
110 448
103 379
326 507
5 529
137 583
442 502
67 495
90 219
149 529
219 549
38 543
170 367
97 418
7 61
208 305
191 424
424 456
206 402
316 539
110 479
174 455
222 425
261 415
1 131
57 380
84 566
18 293
26 500
323 329
214 465
326 517
189 251
209 567
440 518
45 320
469 543
73 511
155 489
83 550
122 280
524 595
237 449
214 285
120 238
162 434
22 92
102 222
81 559
316 373
163 384
264 562
129 135
247 536
59 565
299 346
47 197
150 197
472 551
119 143
216 382
42 346
213 541
123 204
38 469
19 110
128 389
77 428
550 575
121 259
69 579
146 506
173 309
305 583
572 576
189 294
25 584
113 302
221 317
40 574
61 339
361 544
390 420
86 585
18 96
318 358
285 371
106 376
155 510
219 496
118 167
180 280
195 570
35 167
226 554
310 358
256 408
573 596
522 598
279 389
366 562
230 522
18 238
526 569
300 519
151 490
51 560
230 425
46 363
506 585
251 353
93 520
220 225
305 324
123 148
114 274
460 470
9 56
124 204
254 467
76 167
108 320
58 450
146 324
296 511
197 586
100 506
300 328
70 579
36 82
151 193
236 320
136 207
270 367
240 566
14 19
555 578
104 272
30 274
14 111
44 152
354 517
99 183
304 536
102 513
87 125
253 504
157 257
19 542
538 543
216 500
351 510
156 573
83 387
91 171
259 296
184 484
29 261
63 437
200 414
90 213
315 589
563 569
111 570
24 287
189 353
199 209
194 317
264 296
136 138
127 490
220 397
472 588
318 540
60 177
12 255
346 357
287 294
132 163
177 296
158 40 147 168 156 589 381 86 64 76 276 326 28 517 263 437 490 275 278 195 150 355 281 154 543 304 63 238 396 382 178 314 115 39 272 149 79 18 74 522 596 382 524 102 464 18 488 52 26 583 50 104 153 599 583 377 553 448 421 96 582 420 310 288 126 181 202 483 496 257 355 405 77 122 437 539 197 244 568 102 513 474 193 81 393 434 197 148 86 394 584 27 76 298 211 58 292 524 391 441 95 424 87 488 207 121 245 51 88 280 338 1 471 21 419 253 12 446 323 378 65 357 554 268 577 137 362 386 313 542 281 329 336 12 256 83 320 506 386 311 318 179 87 308 459 342 532 49 539 513 179 169 71 242 192 360 591 320 115 272 511 287 40 227 14 294 352 563 481 390 365 95 67 393 252 292 253 189 452 543 550 290 160 313 433 390 498 588 181 471 77 358 344 324 447 110 551 386 37 326 122 432 17 19 341 457 467 98 5 256 435 113 412 147 334 505 83 599 204 199 410 74 207 397 56 525 8 341 317 337 449 1 351 44 142 84 37 445 461 63 510 493 69 425 488 489 435 592 166 24 129 34 561 305 496 501 165 442 175 439 349 453 378 248 103 452 322 39 526 67 580 414 103 353 568 280 132 578 345 284 373 391 183 240 202 229 373 353 32 81 467 174 492 50 459 72 553 521 191 481 195 119 123 53 9 37 596 535 363 205 485 440 420 452 171 449 532 404 176 580 499 199 594 470 72 75 205 559 81 261 545 93 265 217 59 192 425 392 88 60 127 190 315 23 205 60 38 260 328 433 197 10 62 408 366 24 423 569 331 3 428 499 7 406 491 535 138 450 446 338 426 519 82 138 451 207 303 267 3 472 493 48 304 228 266 345 369 65 516 296 203 269 351 431 554 215 508 217 431 188 244 356 134 246 146 578 538 594 140 294 254 522 82 596 103 526 419 164 29 60 95 0 409 526 350 443 87 547 121 195 568 528 581 10 533 326 447 482 519 340 497 468 162 233 591 597 427 24 467 332 75 6 382 530 164 506 12 450 131 433 120 224 211 456 464 121 517 173 386 143 433 454 583 595 557 292 563 142 132 37 137 288 475 120 596 231 202 68 204 377 530 26 4 41 88 278 75 45 84 59 85 109 52 434 169 310 576 508 130 171 328 283 33 252 13 545 341 320 87 424 33 409 129 180 421 379 541 358 403 323 85 542 464 422 92 55 45 499 164 174 140 252 44 467 166 248 147 594 184 471 233 90 411 507 106 343 413 181 170 144 289 79 365 129 340 109 553 95 140 261 466 344 84 77 131 398 581 411 574 108 335 166 509 497 459 389 17 439 266 189 422 66 390 559 328 312 211 158 220 131
916 668
94 199
539 297
761 696
360 754
958 633
992 37
108 86
770 261
824 323
944 660
359 582
687 902
19 996
578 212
296 993
175 270
813 71
486 258
534 203
823 716
258 104
873 937
863 859
72 748
286 432
766 184
61 559
973 688
273 735
362 4
914 3
85 229
337 699
877 456
796 632
361 107
612 457
725 885
531 783
201 141
326 825
169 576
882 751
791 345
510 666
972 335
172 647
788 449
889 882
388 645
995 563
424 949
231 192
891 231
200 761
849 361
972 501
508 120
790 143
527 870
112 39
366 702
819 576
313 449
558 322
378 417
859 216
779 854
594 269
581 322
814 274
496 317
495 820
660 260
472 368
817 658
294 109
400 228
364 441
849 46
686 829
394 129
826 124
281 861
71 296
708 135
910 563
162 211
408 20
523 403
986 443
841 929
210 718
284 692
176 854
463 238
339 909
803 893
247 917
635 2
824 960
84 273
590 787
967 174
356 825
544 754
670 713
562 723
513 938
549 123
630 196
130 520
361 207
327 101
77 399
131 990
345 992
738 564
626 109
467 322
598 753
240 10
655 509
617 542
901 503
55 823
608 870
380 351
265 307
482 456
70 185
139 911
817 934
845 16
325 345
515 635
462 88
538 626
34 695
83 463
96 562
422 872
652 176
253 791
452 0
660 115
914 444
717 509
955 600
139 791
584 832
770 386
284 587
194 435
366 919
285 667
71 713
911 830
573 623
287 17
187 84
180 955
123 872
299 774
962 240
699 952
781 613
864 787
378 785
404 609
970 411
19 341
985 190
754 47
938 740
524 538
492 902
481 928
498 363
235 80
241 954
145 822
264 940
617 408
147 427
431 416
158 300
807 869
23 872
881 39
413 176
352 647
584 863
413 671
702 274
949 485
132 712
18 774
983 791
586 140
935 540
637 583
737 458
636 477
269 640
880 167
471 642
525 69
986 825
657 285
139 53
197 319
563 417
500 959
654 739
777 209
824 831
418 89
485 422
528 352
487 570
28 266
657 428
649 990
561 367
30 604
187 384
107 381
436 270
28 146
403 777
8 409
982 756
975 54
329 182
485 712
900 126
516 289
785 792
351 880
747 349
293 381
922 598
207 551
811 384
632 853
215 383
444 296
869 536
793 47
46 959
416 372
449 865
235 742
667 974
240 158
69 667
859 334
555 806
17 670
313 712
535 573
703 976
550 953
646 830
133 121
721 327
230 301
301 489
428 488
928 240
990 96
595 702
352 57
103 135
571 690
698 792
869 730
372 291
265 36
571 938
385 820
684 389
469 527
470 989
49 499
88 785
732 407
610 663
711 912
967 722
739 303
527 247
77 845
287 261
553 860
258 603
981 215
191 501
544 496
588 670
282 176
94 165
128 264
528 14
776 828
963 877
732 74
989 273
90 326
288 905
491 999
133 402
770 566
348 516
941 99
446 644
73 371
315 138
525 697
325 631
319 309
459 895
609 37
652 938
441 779
735 376
573 523
424 911
389 690
584 958
989 381
90 105
620 259
118 651
138 600
791 528
942 173
126 0
280 532
294 822
482 22
917 320
229 778
49 530
154 527
361 726
147 452
940 941
599 526
309 972
913 955
73 929
456 738
643 761
219 335
188 532
49 335
198 670
836 527
245 439
496 876
997 359
511 219
985 987
546 976
447 547
351 143
721 771
198 603
422 997
683 687
917 64
903 339
179 479
537 731
220 910
374 391
611 809
898 470
1000 939
748 237
761 935
114 895
606 580
490 164
792 110
463 800
345 320
212 813
545 659
732 16
812 470
932 361
760 792
729 193
546 394
429 329
627 618
843 495
812 1
859 185
700 709
190 15
695 78
761 320
453 579
257 198
188 410
55 900
11 545
591 370
748 738
622 146
331 744
840 737
641 363
313 943
784 655
206 856
943 338
581 737
315 60
442 214
46 240
665 584
643 693
289 137
366 498
673 326
111 480
692 750
515 170
237 979
396 587
627 972
793 567
77 632
576 440
316 262
218 418
801 747
248 499
341 247
883 671
343 565
13 195
570 163
911 90
470 144
754 84
100 588
37 298
592 403
787 20
483 194
779 77
659 479
774 505
383 479
591 173
227 867
963 89
362 234
455 954
175 815
250 703
208 648
695 878
342 455
718 429
94 23
592 999
338 0
275 768
249 282
162 908
100 956
582 105
991 310
390 179
92 993
717 43
653 390
190 178
166 759
399 742
376 560
388 902
606 841
839 425
170 699
608 638
782 971
923 266
429 445
628 439
365 628
975 937
812 250
630 314
819 767
493 508
412 842
813 412
661 67
437 823
334 375
13 10
346 954
508 856
541 461
137 228
397 305
858 660
161 0
489 773
318 238
572 464
254 677
63 874
67 145
476 549
867 1000
904 928
120 196
132 365
11 575
885 625
758 995
844 986
282 62
909 710
966 141
901 408
139 324
298 560
738 803
906 31
48 430
530 435
601 227
691 855
261 390
468 842
492 616
521 599
680 638
482 480
885 87
39 13
872 487
609 386
13 643
749 673
609 88
497 90
702 626
669 847
956 559
396 202
554 998
162 146
448 476
821 147
309 851
986 903
983 852
131 173
642 229
246 133
889 809
297 647
222 106
842 82
912 778
656 668
705 597
605 307
815 504
686 439
91 494
462 59
265 473
725 105
91 725
140 476
89 69
411 541
326 604
318 506
619 767
994 537
708 209
883 971
318 670
475 676
7 114
14 442
