600 1337 600 895 17
221 428
35 39
113 141
331 377
62 76
382 435
106 497
91 214
172 541
256 465
15 203
197 559
22 459
210 577
338 461
142 368
180 548
213 382
63 315
93 484
155 177
84 519
297 567
270 311
175 184
206 550
253 567
207 539
52 298
123 158
199 443
90 274
205 329
47 422
57 268
69 300
215 277
58 194
134 148
160 312
344 471
148 505
60 463
218 519
330 491
178 583
6 352
156 193
233 379
194 591
253 504
75 310
58 59
214 241
81 308
163 229
16 473
20 526
130 140
317 434
214 576
126 400
142 598
260 599
168 434
412 425
240 364
388 551
79 232
339 363
109 397
243 283
450 503
417 478
106 574
510 524
83 300
220 475
492 574
109 545
132 484
69 533
55 432
227 508
107 430
68 552
469 551
138 575
5 585
45 332
334 337
217 309
210 357
214 387
295 340
468 581
162 233
461 484
30 45
147 583
347 356
41 166
171 452
182 397
165 363
177 596
70 365
98 152
254 269
261 511
105 169
157 310
18 588
104 217
265 585
140 283
223 459
7 276
298 589
188 379
11 36
15 348
395 413
44 346
142 152
17 383
522 581
208 429
154 362
227 577
442 508
241 283
464 571
116 225
145 150
355 441
87 456
547 563
336 381
51 143
16 542
198 391
252 349
415 432
182 339
213 520
426 519
350 558
197 298
494 513
102 346
57 179
376 558
3 8
202 540
358 454
101 334
17 213
235 354
183 235
215 443
26 92
229 414
398 459
136 569
413 555
396 589
237 451
180 467
292 444
31 476
17 594
314 534
431 595
70 173
186 273
10 17
155 485
301 366
304 398
338 403
257 366
269 274
436 451
479 567
440 443
80 279
146 280
34 54
199 579
68 245
271 570
186 259
15 227
209 597
67 549
237 272
103 513
462 486
39 437
291 563
195 491
35 437
68 136
125 309
268 293
69 257
54 109
179 453
168 317
88 268
223 489
2 159
187 429
407 570
53 146
124 394
323 396
375 516
301 592
287 395
139 266
161 506
174 543
249 545
131 471
387 526
286 342
143 563
236 520
380 565
360 435
56 495
239 409
80 424
399 556
278 306
61 80
93 189
270 314
63 408
4 183
7 90
297 436
86 509
450 464
133 406
126 482
176 410
67 500
138 182
265 536
298 418
331 340
61 493
80 191
37 250
25 506
25 454
169 468
514 599
198 377
408 593
49 95
19 227
126 359
73 499
71 175
185 266
219 371
121 401
162 571
182 290
66 569
366 592
200 290
1 326
227 240
167 394
77 375
13 552
169 590
171 215
82 427
313 579
302 493
63 115
404 460
237 490
474 507
147 531
346 368
168 418
115 562
43 457
382 520
68 120
217 416
497 574
251 470
62 223
29 545
153 455
255 363
21 565
16 329
442 553
191 215
118 127
116 541
89 260
60 212
166 273
3 338
49 387
376 438
100 552
307 321
138 406
169 312
292 370
150 231
63 419
8 469
354 472
366 457
31 399
417 525
274 538
187 201
292 590
447 530
121 411
140 191
9 363
492 552
435 520
217 370
291 547
502 558
68 460
131 597
443 480
117 478
210 506
220 530
123 459
287 526
544 582
27 372
1 289
192 398
115 367
67 252
78 301
330 546
228 259
246 432
197 418
208 238
139 246
271 407
280 444
372 565
30 533
4 251
313 474
142 322
15 240
297 483
6 290
158 314
10 85
175 547
158 534
60 396
100 587
288 403
363 397
340 377
99 546
221 511
383 594
263 580
441 519
431 479
183 433
18 219
150 585
279 477
114 480
341 522
60 230
154 381
117 423
146 444
474 571
303 439
148 224
238 276
97 178
88 229
58 536
180 557
488 552
76 148
66 136
222 230
76 581
22 50
261 428
88 242
350 532
21 27
269 374
173 178
347 373
96 278
469 547
100 492
500 549
108 580
125 509
304 312
165 545
205 594
0 226
114 307
230 396
227 582
114 321
183 472
65 466
258 548
288 548
271 494
118 211
460 570
174 202
293 549
334 487
257 533
23 297
17 85
109 249
411 460
137 591
64 362
494 569
229 527
86 423
166 186
155 564
337 487
300 521
157 209
264 555
236 412
488 502
404 494
162 474
110 251
72 422
34 185
43 592
232 400
164 262
378 405
101 344
262 583
23 498
157 256
50 221
40 89
168 342
30 457
349 374
231 415
105 341
179 293
136 425
32 60
385 424
16 32
299 521
145 466
286 499
136 412
347 469
294 436
31 378
360 494
267 454
255 316
12 214
79 107
52 325
53 483
282 343
126 573
84 218
323 456
64 154
232 482
283 332
123 192
403 557
10 594
69 275
97 560
23 436
287 413
91 387
99 272
50 459
190 207
418 559
115 317
27 565
104 309
61 424
186 589
1 318
128 407
334 375
47 92
36 149
20 320
298 396
421 539
78 226
118 334
411 498
189 557
165 561
69 76
156 250
55 384
81 321
4 482
211 565
101 337
195 548
185 246
360 569
256 310
114 443
156 316
218 383
306 584
0 62
392 412
131 209
335 462
30 275
59 374
185 432
308 379
49 576
10 32
92 295
81 114
61 302
320 526
112 551
152 497
37 527
304 525
184 294
364 508
39 225
451 490
362 401
11 210
96 306
331 367
22 123
45 96
263 517
4 110
230 456
3 469
281 432
47 551
96 133
298 323
337 344
154 336
198 232
23 479
248 269
190 213
356 484
130 452
93 578
65 94
456 475
202 543
350 438
238 305
310 597
167 384
290 339
343 371
468 522
464 474
84 554
6 568
207 520
160 468
123 221
244 564
238 531
402 487
117 509
317 562
52 273
85 213
35 430
83 439
284 546
192 528
284 292
474 579
317 367
391 400
57 319
99 403
147 365
20 287
447 494
409 429
337 471
357 506
34 302
259 542
75 518
348 582
56 437
79 430
179 549
157 369
306 493
479 518
13 392
125 416
219 343
376 412
80 440
126 242
307 480
380 487
224 505
408 495
181 455
324 336
303 458
131 346
9 255
329 441
342 434
152 492
508 577
148 522
91 264
122 206
520 532
7 147
215 353
29 561
93 403
152 595
68 595
462 554
451 483
365 541
282 371
157 516
497 598
285 527
100 502
476 503
44 598
78 489
105 491
3 461
431 518
74 223
46 203
333 590
238 269
115 315
120 479
164 178
286 351
32 212
75 152
216 222
278 493
146 546
318 326
63 325
101 157
66 404
242 391
326 466
203 528
201 208
453 549
205 426
152 296
435 569
84 441
82 514
138 200
178 560
123 398
365 583
230 323
427 514
222 513
359 470
413 480
65 249
188 321
151 501
284 330
112 373
417 509
25 410
191 440
36 357
94 150
312 417
91 452
109 165
171 353
354 541
247 340
237 483
176 509
151 462
380 402
60 580
65 545
277 555
177 234
186 537
379 449
18 248
279 283
47 295
384 432
351 388
64 570
131 157
174 540
273 589
267 358
410 509
411 570
2 129
38 143
457 592
53 567
44 111
61 139
228 589
467 548
27 149
121 362
90 276
244 572
76 522
156 285
21 102
15 364
218 501
370 516
445 462
251 359
65 281
396 463
38 175
95 320
128 530
501 539
8 338
337 402
222 475
524 582
252 536
12 42
166 537
311 511
19 210
51 498
211 454
216 580
137 282
527 549
44 106
220 420
277 480
355 486
190 383
272 403
365 472
99 237
54 249
293 527
410 454
238 374
94 415
404 569
159 270
229 293
159 311
7 164
195 505
365 481
74 489
59 248
8 175
281 415
389 503
245 595
219 248
144 592
18 269
336 401
73 87
158 270
104 333
283 477
196 289
82 89
160 459
216 230
54 204
167 246
130 215
14 568
119 496
275 300
108 517
308 443
425 569
180 403
59 386
212 542
403 461
385 389
158 192
327 417
10 108
504 567
99 288
170 359
335 554
42 144
32 205
177 485
428 511
289 318
261 489
52 115
125 417
95 387
378 476
42 576
12 144
107 550
129 489
397 406
164 393
78 113
131 322
324 388
7 260
57 429
41 593
309 590
57 293
239 252
72 285
35 107
406 575
89 599
136 552
200 575
295 414
167 523
68 498
496 512
36 210
222 456
335 445
112 543
459 468
49 214
101 375
324 563
536 585
174 193
16 212
161 544
291 551
15 24
379 579
153 201
124 384
572 591
152 518
61 279
263 360
148 352
58 591
113 576
133 439
252 500
295 377
146 292
283 452
93 540
17 190
326 536
0 76
278 406
157 375
419 550
72 543
79 482
8 272
147 262
14 467
50 123
24 582
69 299
66 460
128 154
0 223
36 565
105 529
280 465
307 413
153 170
329 542
84 335
207 213
144 243
532 558
309 333
147 481
79 433
236 438
77 217
175 272
117 398
279 584
124 234
124 485
184 436
113 489
126 232
210 553
45 83
249 281
175 490
37 156
40 82
399 476
75 322
195 330
111 368
32 108
31 523
245 552
248 371
537 593
323 559
334 416
144 283
120 431
414 422
284 491
221 270
76 257
394 485
19 161
205 441
32 594
240 508
199 440
45 584
369 465
223 581
47 135
103 360
253 256
313 464
322 597
499 559
137 572
377 414
94 281
152 598
229 391
370 566
134 195
159 511
447 475
186 228
92 247
291 388
218 554
229 242
155 244
11 149
89 164
110 181
1 252
166 325
336 362
266 302
62 581
193 316
98 492
450 512
369 566
132 202
229 285
349 536
106 598
189 339
141 489
351 390
203 524
183 448
168 559
58 386
151 554
206 367
430 433
225 235
119 512
72 414
262 393
242 446
127 509
6 303
91 171
9 540
171 264
59 371
259 396
37 549
170 455
52 166
23 567
6 224
73 420
359 482
76 299
111 142
55 231
28 560
33 169
361 364
236 435
345 553
193 285
242 400
403 484
180 258
280 369
442 577
119 399
157 344
146 237
255 561
246 266
51 121
275 533
47 388
148 458
492 587
447 513
365 448
398 525
53 280
198 367
63 495
247 295
75 597
104 292
349 409
346 471
428 489
97 173
36 358
120 595
300 439
374 409
424 440
5 231
40 427
30 366
319 573
346 402
277 353
199 385
373 543
233 507
247 331
236 350
185 302
318 466
388 515
31 139
151 218
361 442
174 285
203 534
332 584
159 314
155 596
425 435
129 141
88 293
274 588
161 227
309 416
146 483
77 334
193 540
190 501
57 359
51 411
169 292
377 391
225 586
522 529
467 568
350 520
173 365
48 289
60 216
518 595
325 408
478 525
303 352
227 544
117 417
21 402
503 512
253 465
399 496
467 505
84 355
326 585
26 390
505 568
87 475
27 36
199 389
49 113
211 267
312 459
292 491
150 466
84 445
379 474
496 556
172 365
235 586
336 563
13 412
438 558
423 582
42 78
456 559
25 161
144 214
58 265
5 265
45 275
202 484
263 382
341 529
158 221
118 487
510 582
210 345
445 486
195 529
423 510
116 354
87 220
206 232
34 493
264 526
159 534
319 359
191 279
92 388
283 584
140 452
295 422
191 443
310 567
51 184
33 468
31 385
345 535
134 522
390 434
192 524
127 454
51 294
93 202
409 453
1 48
77 416
304 459
23 51
103 222
98 245
139 424
2 261
250 527
95 141
359 573
324 515
103 580
135 551
418 562
148 195
448 481
43 144
79 206
328 332
282 572
265 591
472 541
224 352
351 420
91 526
11 345
423 509
196 561
208 409
181 531
29 289
168 562
120 498
110 170
127 416
410 423
124 167
361 553
119 476
420 515
369 444
163 377
369 516
171 555
7 238
448 472
143 184
252 326
342 390
376 502
456 499
85 517
296 574
24 227
35 586
394 496
167 432
33 160
5 55
15 46
204 278
170 181
198 400
564 591
88 573
264 287
57 187
47 543
131 368
122 232
165 397
53 465
140 279
3 356
61 266
393 583
239 500
35 225
164 260
538 588
254 374
386 536
57 153
421 532
381 515
206 419
23 120
90 269
163 391
234 485
358 506
184 451
201 455
9 189
158 528
282 591
288 546
127 410
458 521
50 223
18 274
0 74
383 426
13 136
37 67
28 97
427 560
207 501
112 469
379 507
59 194
91 241
315 325
342 351
37 436 157 78 36 456 64 9 347 180 274 425 551 228 99 356 163 201 308 542 540 25 470 333 44 236 103 472 43 559 113 103 108 150 264 476 205 132 198 74 113 17 333 15 280 355 580 486 79 594 545 349 402 333 417 562 166 257 391 75 530 220 313 511 313 440 584 221 382 50 108 503 353 196 33 88 450 438 394 180 380 399 218 596 70 322 471 292 18 38 157 30 114 206 335 547 3 74 340 535 19 498 369 168 160 383 504 545 296 67 585 257 229 557 224 114 124 40 284 237 189 82 283 147 471 537 275 484 353 231 97 392 109 519 280 112 84 336 283 224 122 322 268 472 388 432 249 349 520 381 475 541 327 142 23 461 470 120 529 188 220 349 109 106 132 445 104 108 254 106 281 256 174 248 191 26 498 85 172 361 272 12 532 571 150 252 143 376 179 505 468 121 535 375 463 596 344 372 450 305 338 214 299 444 418 488 584 186 597 576 565 525 95 389 443 94 39 397 395 401 517 31 178 311 303 47 408 587 50 88 141 213 400 277 122 75 97 519 536 482 45 537 140 368 420 292 530 112 389 131 539 492 207 319 389 561 38 190 206 258 395 553 446 571 534 121 597 205 536 15 169 518 478 508 79 233 104 552 555 554 176 395 316 323 384 264 369 238 498 443 420 570 438 555 309 498 566 442 492 170 404 28 131 23 436 58 326 271 18 401 255 119 430 259 82 1 203 369 489 333 282 548 338 532 290 234 183 513 405 234 217 406 371 96 207 81 363 502 441 48 361 407 467 363 204 96 477 496 597 125 572 341 44 275 532 127 175 108 221 17 543 195 134 269 458 555 92 499 376 234 543 465 587 363 23 72 552 163 561 110 39 251 278 400 523 285 31 189 337 540 440 258 291 470 289 537 190 114 189 502 263 368 256 461 373 369 417 12 509 328 222 17 458 60 169 245 197 305 413 339 321 19 117 400 522 437 98 306 0 301 57 436 269 451 266 108 504 422 407 345 335 167 406 78 7 276 580 229 129 427 207 538 133 538 576 473 514 360 284 191 501 124 131 110 216 458 24 297 88 514 27 114 514 385 223 273 34 542 70 248 526 271 242 129 216 302 357 556 587 532 48 227 306 285 516 154 25 460 55 564 543 386 380 37 161 416 206 127 565 51 574 397 356 161 32 401 37 470 519 479 171 411 103 33 289 373 87 216 569 184 546 397 549 232 163 294 381 393 241 159 22 531 49 109 51 538 282 503 276 231 128 179 246 405 271 262 398 161 128 65 395 394 59 22 87 71 329 8 528 168 551 86 9 548 158 127 17 362 394 510 234 384 231 17 461 103 207 529 203 303 227 61 100 112 576 208 291 168 188 195
510 827
240 482
608 989
574 477
303 146
108 523
434 621
137 176
614 453
400 520
821 118
964 897
428 900
891 341
486 571
781 933
745 36
891 134
43 288
888 925
346 998
982 728
603 865
780 463
802 916
824 845
532 253
988 790
31 43
289 553
414 779
89 747
774 97
643 765
215 661
396 48
951 858
330 395
615 409
371 16
22 107
524 10
457 874
415 846
1000 582
383 777
739 963
514 325
268 435
456 960
575 882
726 400
541 103
751 518
243 626
99 591
437 1
276 277
122 436
87 373
733 106
193 765
539 795
464 34
745 326
253 542
836 315
299 429
836 365
477 742
145 25
660 475
413 365
625 228
528 882
893 520
519 759
823 678
505 904
374 127
223 800
135 942
32 139
365 740
925 45
860 138
794 766
667 192
330 272
64 123
82 204
342 947
501 285
481 510
204 566
471 990
315 731
67 25
922 430
613 547
958 364
873 662
998 677
778 204
734 657
646 686
997 505
410 74
796 154
311 613
242 155
954 559
522 388
521 935
171 924
500 102
305 0
751 798
888 729
20 770
838 422
700 365
395 168
653 865
39 664
754 745
359 218
835 743
671 291
561 984
275 873
908 605
501 455
360 675
557 681
537 362
864 334
31 466
382 621
151 745
251 838
496 976
935 531
669 399
405 878
170 500
703 572
192 126
521 686
978 842
173 551
999 94
928 460
234 227
695 304
24 571
387 414
830 593
685 897
658 983
615 781
870 894
0 955
418 309
116 104
322 576
553 52
62 696
527 154
651 724
257 195
275 909
203 21
115 3
431 422
637 431
815 783
74 565
96 39
255 345
533 561
195 153
392 593
256 119
684 441
177 653
629 19
244 259
85 995
422 540
913 154
218 834
712 870
419 464
69 425
590 652
294 526
583 96
447 189
135 866
407 636
202 211
471 456
751 930
280 653
821 56
410 126
961 152
201 271
868 578
949 924
906 786
749 71
885 165
413 924
239 863
745 134
798 652
920 96
1 344
656 236
625 918
720 165
554 834
466 638
342 17
502 865
841 920
668 41
367 334
696 110
138 559
374 193
34 982
40 625
295 59
890 256
663 548
152 252
203 384
828 968
354 913
382 278
376 891
22 539
887 389
145 687
506 214
41 333
262 598
364 387
279 165
215 430
816 507
83 326
370 484
834 530
480 801
566 564
708 10
92 152
564 954
133 127
839 208
290 932
115 464
177 716
912 828
312 311
78 271
659 917
762 281
617 489
602 45
54 251
400 750
122 227
217 930
299 686
264 809
729 543
195 598
2 442
333 856
654 596
424 390
586 213
293 984
592 581
278 483
425 568
586 341
695 656
303 348
719 427
463 287
965 446
757 485
602 76
503 715
443 729
482 834
194 695
442 702
650 819
152 292
289 749
188 973
106 914
744 685
865 522
645 959
672 754
63 894
696 942
482 65
336 447
480 136
238 512
290 251
418 992
143 998
910 548
630 93
606 320
512 43
200 489
708 740
391 830
815 9
617 620
459 216
347 782
712 679
856 693
952 60
643 370
908 690
570 515
385 553
479 244
593 738
543 182
17 375
878 634
981 968
969 619
537 439
761 882
148 390
958 249
592 250
440 674
234 905
267 73
932 7
547 478
919 879
873 841
300 225
805 239
888 990
704 334
344 533
822 999
183 51
455 819
444 149
939 586
772 575
767 641
37 403
966 764
514 421
133 316
833 639
940 309
443 244
107 795
98 952
922 748
658 318
874 216
880 80
91 639
126 815
110 410
391 980
576 315
67 863
541 212
419 268
886 313
136 82
8 671
254 991
667 70
345 597
676 832
54 755
394 217
671 363
970 691
553 538
802 290
84 817
330 651
721 265
492 8
194 348
837 805
777 350
907 279
271 965
445 328
144 619
782 681
733 767
546 133
452 97
586 280
992 191
467 354
793 803
160 800
854 273
848 55
1 124
576 922
229 312
371 62
853 460
121 637
311 105
501 179
839 235
747 458
404 9
942 279
392 695
176 827
865 26
926 965
182 896
714 606
949 31
377 245
720 223
204 80
120 974
3 832
695 514
315 878
230 358
866 780
226 195
649 149
424 818
489 684
615 809
812 334
541 505
997 54
709 64
20 891
789 552
204 526
511 595
580 769
552 412
284 199
932 628
231 67
800 35
29 926
680 221
56 820
301 833
716 793
823 454
221 959
222 124
338 173
724 499
519 479
2 609
991 15
936 713
922 342
544 906
637 511
640 644
990 407
227 714
773 236
433 53
23 734
963 481
803 385
617 202
240 386
955 119
970 334
34 853
789 518
525 624
892 876
52 952
861 975
794 739
769 836
602 956
2 805
743 206
25 171
631 291
794 625
819 179
857 491
879 51
915 198
474 707
566 737
109 697
741 863
675 793
363 969
353 360
718 904
609 675
690 251
171 175
972 222
472 770
707 978
985 1000
177 445
602 12
27 231
991 128
426 498
243 42
738 8
487 373
842 889
293 583
627 577
584 405
557 596
302 375
419 100
570 378
916 377
942 993
974 77
251 928
21 707
481 544
971 300
589 123
49 74
314 497
518 125
616 358
36 514
946 803
760 609
808 478
480 598
823 265
780 310
1 927
11 502
329 244
993 460
385 662
473 903
918 932
454 508
93 872
773 170
552 766
783 862
152 58
308 786
157 473
332 63
997 351
6 254
632 46
682 728
67 486
442 851
572 11
828 86
875 434
68 536
897 576
966 521
60 182
