600 1587 600 967 24
208 525
282 381
10 491
223 479
276 380
134 290
150 394
18 213
76 497
230 561
441 524
494 581
314 514
62 391
32 77
283 447
32 273
212 356
468 573
285 394
17 402
206 349
360 461
271 524
172 582
20 275
152 229
21 537
141 562
367 455
432 584
260 341
373 478
228 247
235 311
112 584
172 314
492 594
84 470
76 435
71 423
272 585
278 487
284 386
171 495
499 531
404 483
42 311
347 353
54 556
111 524
132 470
151 187
322 538
194 355
266 278
288 534
70 221
411 530
191 218
176 530
169 302
397 452
414 444
462 556
385 430
244 396
441 593
44 551
332 408
182 190
510 595
224 252
347 428
52 533
222 587
67 335
245 326
169 599
34 480
109 206
166 372
26 547
103 360
565 573
278 334
142 149
315 333
83 292
87 327
65 238
217 591
345 442
39 46
96 403
281 493
324 427
260 528
501 546
108 571
362 535
113 581
320 512
414 426
266 334
160 187
372 558
32 437
412 533
284 541
309 351
10 556
357 445
194 505
31 154
185 415
8 373
46 478
117 170
99 215
142 377
160 407
123 467
81 391
421 422
0 280
147 510
398 419
118 307
116 201
26 387
295 599
273 437
375 587
397 584
137 193
1 438
438 580
176 391
47 283
86 475
301 540
211 523
216 305
171 406
63 455
139 459
160 442
87 349
57 257
422 511
149 377
212 515
7 13
7 20
22 88
131 467
82 145
214 557
290 361
356 551
154 324
147 498
48 471
123 517
9 598
200 402
25 324
434 439
33 282
259 355
128 559
286 412
241 297
120 446
8 46
238 335
21 131
369 583
254 471
316 488
93 573
4 373
187 345
74 92
144 504
124 429
145 170
288 310
534 564
424 429
153 590
446 526
242 325
60 405
71 540
383 511
388 405
446 479
50 163
136 513
98 362
18 379
499 515
31 324
292 326
213 304
32 162
425 572
71 236
401 588
146 280
466 561
96 416
366 427
43 297
73 280
295 410
122 584
256 357
108 465
169 410
357 358
338 380
163 591
11 476
177 202
97 99
287 517
102 261
392 542
232 464
38 264
461 591
536 585
75 581
175 558
305 329
28 299
301 508
127 489
224 376
298 567
330 370
478 516
209 364
121 581
340 576
444 466
160 232
236 390
76 120
79 160
107 168
55 569
114 319
6 184
65 268
59 399
174 287
181 237
354 460
127 299
131 548
178 494
55 327
161 275
79 211
259 400
433 548
34 313
165 596
80 144
299 567
251 494
27 477
260 578
53 418
448 492
171 459
5 233
181 197
298 299
130 551
47 378
181 342
129 421
432 518
17 199
454 569
380 402
48 178
289 383
187 407
194 240
11 125
315 456
173 486
531 579
345 371
173 265
473 565
247 576
235 361
140 285
327 569
108 513
369 398
85 375
31 59
335 523
10 243
120 479
174 573
348 414
27 554
92 276
202 546
102 306
41 51
75 178
7 88
62 270
96 184
141 536
350 399
10 192
209 541
0 364
21 245
91 175
149 358
35 308
87 268
184 204
0 202
8 134
105 425
14 215
238 465
11 114
143 207
70 343
40 330
339 374
45 474
315 485
182 430
380 595
233 403
277 323
174 475
26 61
219 434
254 592
425 543
515 596
83 574
27 328
345 407
227 371
238 327
306 559
81 222
365 470
13 381
106 266
52 248
294 391
68 92
89 372
195 529
144 399
24 204
467 566
198 201
163 196
118 217
4 537
51 274
111 416
392 471
107 409
152 376
170 597
175 284
208 488
104 503
253 263
467 548
423 506
166 248
242 547
94 267
255 265
117 404
203 218
0 209
131 537
213 522
173 280
300 379
249 317
44 356
35 262
77 598
14 527
227 585
271 593
80 243
413 509
126 579
104 444
90 500
159 224
13 282
140 550
4 548
396 469
183 431
329 498
11 555
506 511
132 568
46 539
2 313
35 258
265 409
249 304
197 257
198 388
435 545
200 329
124 480
84 132
117 483
308 360
42 235
21 326
16 571
13 33
72 90
112 484
49 82
234 503
35 586
452 572
72 246
155 354
37 311
436 475
362 452
201 598
23 544
297 318
27 453
39 164
97 155
127 580
35 196
37 393
354 394
70 439
155 460
212 531
469 559
273 357
461 501
71 390
89 558
99 568
356 515
362 397
155 499
70 187
112 397
202 280
373 537
23 281
22 509
86 90
274 312
15 558
441 492
152 514
325 583
264 302
390 451
234 274
42 528
226 554
283 503
351 425
168 355
377 512
12 414
53 320
46 373
64 140
345 571
132 460
466 577
279 371
112 452
204 296
40 220
356 596
109 569
81 294
164 365
258 352
290 317
99 460
492 524
360 364
334 487
267 395
120 239
497 538
335 465
15 175
56 448
213 235
93 597
293 574
13 20
105 543
256 453
182 358
259 505
14 493
22 507
234 466
53 171
30 231
234 577
65 462
146 386
107 255
9 201
167 469
485 509
489 531
107 474
2 207
458 506
126 195
410 557
248 520
288 564
90 246
144 243
83 326
37 326
201 463
69 501
185 338
250 459
56 233
92 417
458 511
180 259
63 467
115 481
14 281
9 388
257 420
206 408
214 310
41 297
153 509
125 167
118 420
359 418
488 525
450 458
49 550
53 262
163 457
320 438
408 491
274 577
195 499
268 462
279 487
513 522
155 269
339 514
46 164
142 162
136 569
98 205
286 355
507 509
220 577
430 592
50 457
341 571
47 274
7 363
223 526
55 109
28 77
477 491
372 520
36 252
23 164
73 284
56 524
308 461
446 449
36 38
223 446
325 547
100 587
134 544
182 504
220 589
68 417
162 377
52 194
519 561
435 497
241 370
98 508
72 500
84 157
400 505
271 432
167 559
379 578
365 483
105 351
190 358
202 409
291 554
48 251
70 232
134 493
391 440
146 173
188 207
226 256
57 342
178 321
60 384
176 440
56 500
434 536
377 438
116 437
149 570
271 441
312 490
75 321
47 234
127 567
526 556
146 284
259 525
9 502
110 140
77 529
437 463
74 552
19 143
115 344
68 82
493 544
107 546
129 165
83 455
123 287
223 319
239 479
124 143
93 468
340 575
271 518
542 570
39 516
339 366
231 540
448 500
200 305
328 445
277 459
84 135
109 454
162 273
68 156
306 545
54 65
445 453
19 130
364 429
138 558
370 547
243 556
351 572
84 150
78 232
369 532
160 211
58 203
293 443
203 475
438 512
54 114
132 210
159 514
171 262
390 560
113 359
26 172
283 378
307 474
38 322
403 416
267 295
285 550
64 289
244 555
85 587
122 199
332 554
4 368
406 580
87 238
24 425
192 206
43 557
128 239
307 488
329 380
251 466
101 448
78 382
25 399
121 444
247 457
129 596
408 477
48 321
321 542
181 217
210 460
443 574
122 549
358 521
84 285
293 367
243 399
75 542
17 508
395 599
6 543
281 544
549 584
68 218
16 300
142 273
106 413
75 331
218 436
319 526
0 177
236 301
22 158
59 350
52 355
106 227
165 356
119 393
193 217
66 301
424 551
316 525
224 427
327 513
459 495
168 474
195 531
223 559
148 530
125 319
129 344
190 357
101 436
271 549
37 245
92 593
8 311
189 257
498 595
67 442
141 272
52 286
70 151
266 413
94 322
145 157
325 370
256 463
92 594
201 502
294 560
164 544
200 231
208 307
133 557
75 113
34 124
151 221
348 576
11 469
221 434
173 412
59 449
19 207
225 457
263 551
142 357
229 376
284 313
75 494
240 248
19 253
40 51
199 508
54 462
230 577
82 157
58 468
567 580
19 450
189 482
139 406
213 513
246 287
340 348
415 549
213 361
328 504
265 286
244 469
30 506
112 296
145 191
57 228
48 494
186 389
49 285
336 532
208 482
310 410
132 150
54 526
91 270
79 382
207 375
163 225
88 413
97 460
197 342
109 349
38 538
148 207
358 592
238 268
314 339
151 371
354 515
368 516
467 517
111 403
149 542
202 265
73 209
22 363
166 520
207 450
250 262
48 588
278 371
4 516
88 334
222 440
12 348
38 94
343 562
367 566
86 174
340 359
205 560
57 197
62 176
344 481
380 552
312 589
127 579
59 243
128 479
456 507
477 554
150 285
153 413
270 294
403 524
97 269
53 472
64 329
137 217
329 595
249 563
418 472
152 314
104 234
368 433
260 487
366 514
119 161
117 145
5 72
265 280
222 303
300 571
71 81
432 549
45 168
130 424
311 361
369 588
171 320
528 578
20 161
296 518
89 146
119 292
204 416
256 273
48 336
444 503
18 578
5 347
336 339
239 545
343 439
9 215
204 484
409 546
382 464
405 563
476 555
290 304
332 477
3 512
1 377
225 247
258 472
136 327
296 416
132 394
553 568
98 199
189 420
63 131
101 492
48 401
139 323
260 334
16 522
277 364
82 550
214 534
67 571
62 530
264 431
210 568
344 354
109 563
98 451
279 341
184 347
304 361
182 445
137 474
122 415
62 91
37 537
27 504
113 340
480 541
498 550
24 543
104 466
130 263
291 332
333 509
31 446
338 402
235 578
209 480
309 452
499 529
152 387
323 459
377 570
141 585
374 471
312 577
58 174
20 260
249 290
310 534
151 345
228 576
24 184
61 431
64 383
173 372
3 418
30 540
79 555
182 592
282 293
152 172
57 447
539 544
267 410
17 338
367 389
140 289
385 399
341 345
16 108
32 298
158 456
336 588
476 523
427 514
236 451
429 480
165 253
216 383
366 374
519 577
253 421
290 493
23 365
296 432
54 319
164 483
190 445
156 550
222 506
68 436
269 598
68 510
485 507
20 88
389 566
3 113
225 228
92 549
67 108
216 511
258 262
274 490
205 451
82 156
138 175
193 474
200 216
78 343
50 352
6 105
300 522
235 528
537 548
369 519
46 544
66 540
282 363
73 146
44 139
59 556
278 279
294 390
186 287
20 334
227 278
149 521
292 381
201 388
103 364
34 284
256 554
29 497
82 218
76 545
100 530
304 454
203 436
240 520
13 161
192 491
83 367
226 463
65 114
130 429
102 545
369 561
379 522
414 503
93 368
248 412
7 33
82 191
85 303
39 404
16 513
77 116
277 424
2 530
199 397
375 458
204 425
50 247
593 594
296 484
59 526
317 563
126 531
29 261
261 435
245 537
254 374
232 382
184 353
79 464
103 308
227 266
77 126
393 528
79 232
454 513
34 541
109 249
317 388
154 427
108 238
182 328
34 207
129 253
30 423
352 359
302 564
288 302
81 423
10 268
241 564
179 224
2 411
332 405
103 277
65 523
85 506
189 208
139 171
490 589
140 498
449 526
61 547
328 453
358 471
515 531
14 388
14 317
164 539
29 538
309 535
369 582
63 566
220 398
50 258
106 153
37 373
158 282
1 162
222 391
5 403
394 460
51 589
422 458
219 221
287 473
376 387
313 411
43 318
28 126
185 199
79 396
101 475
45 316
297 330
13 119
423 540
129 481
448 524
183 302
180 316
69 461
55 349
111 518
442 571
159 229
261 538
31 179
144 477
436 594
339 582
181 225
337 341
60 206
80 491
50 586
98 301
93 404
70 78
55 87
79 244
44 424
33 363
532 588
121 426
421 496
281 553
64 498
289 481
35 250
163 217
299 579
114 476
301 451
128 306
479 559
145 365
381 443
100 176
422 450
36 264
12 228
192 349
561 588
116 463
121 575
37 42
12 57
419 583
17 66
6 353
177 360
368 404
40 41
40 419
184 416
351 452
133 241
14 553
378 503
92 271
141 434
251 444
237 257
229 514
264 395
31 350
470 553
3 570
215 568
89 386
276 549
242 583
227 536
93 565
341 487
320 580
484 572
11 319
166 412
142 521
470 568
287 573
434 562
145 483
39 368
239 306
448 475
91 530
481 496
8 37
154 224
96 428
44 489
100 440
473 517
414 447
87 192
241 330
145 218
412 486
48 392
106 585
344 515
180 355
324 399
215 388
45 307
18 522
343 382
183 564
433 467
247 352
355 400
226 291
367 574
422 496
269 529
165 263
231 402
102 322
243 491
110 115
219 536
206 332
83 443
158 315
177 546
575 581
323 424
324 350
53 512
26 152
170 218
234 378
171 250
416 518
153 333
3 542
344 596
346 590
15 386
118 181
396 559
455 566
117 597
25 385
74 276
23 470
124 130
220 419
182 385
284 411
248 533
99 269
201 291
231 506
158 363
212 489
1 298
5 96
253 422
473 573
3 359
4 433
489 580
108 327
382 396
34 143
325 419
123 186
283 414
315 346
187 232
205 535
426 575
189 307
307 482
177 364
228 342
334 413
61 183
119 381
213 454
238 523
142 358
52 240
99 210
406 489
158 507
221 439
174 203
18 235
148 188
21 83
198 291
221 371
90 448
147 550
218 597
40 297
252 376
69 217
98 535
309 362
534 557
305 383
317 493
126 299
122 397
220 312
68 594
252 497
215 553
215 269
166 173
156 510
123 389
337 379
398 583
23 553
60 332
251 561
183 241
265 486
198 332
51 557
167 223
275 528
51 490
582 583
43 133
251 401
169 295
139 424
134 361
159 427
320 406
35 461
115 394
321 392
161 393
114 523
8 361
67 523
339 532
113 575
7 22
468 597
9 269
199 362
121 251
15 284
425 484
120 497
135 157
19 263
45 488
95 107
15 89
4 478
352 472
56 403
169 288
3 377
427 430
329 402
168 286
27 256
358 392
25 427
292 443
276 415
183 264
119 326
110 289
216 231
10 462
44 212
197 237
219 227
316 355
135 365
103 459
510 552
172 242
77 201
417 594
155 529
209 429
261 322
11 167
130 143
387 431
136 454
286 533
401 561
240 558
225 342
175 411
43 241
31 120
69 137
436 492
385 504
252 538
85 458
520 558
250 308
439 562
147 595
222 423
17 185
41 318
109 384
211 476
303 587
139 489
158 293
36 376
300 341
90 475
263 356
125 223
46 134
206 491
63 83
61 387
231 511
107 137
196 586
489 579
5 428
326 393
91 411
154 179
91 138
163 586
224 497
247 340
433 473
267 599
241 547
255 286
357 453
86 287
112 572
66 402
221 227
433 565
303 506
302 599
118 193
96 347
64 305
179 497
404 597
49 84
69 591
384 563
368 565
118 474
153 585
340 426
276 552
148 375
28 298
333 590
157 365
27 144
272 346
214 410
336 374
260 337
451 560
325 330
8 562 54 458 294 219 474 168 352 216 158 462 141 114 582 336 82 12 336 113 23 67 172 374 171 192 127 157 531 470 17 289 13 421 377 137 90 174 321 554 182 379 52 415 208 220 450 72 292 508 195 211 375 363 384 352 326 522 14 37 350 336 348 135 356 578 530 502 191 303 354 155 53 457 507 79 183 112 54 589 354 109 590 157 496 247 338 216 374 68 121 235 37 7 487 301 542 328 158 45 54 66 213 191 320 245 490 506 243 487 547 248 383 125 390 151 470 412 301 100 16 534 7 236 230 428 133 167 328 80 422 255 129 495 314 596 430 302 143 433 481 139 359 500 423 537 443 31 241 47 593 196 256 535 88 102 214 541 195 473 438 464 111 5 89 210 535 340 433 126 454 54 555 439 215 136 536 277 592 474 492 488 248 270 399 200 127 505 171 113 531 64 434 19 47 489 598 540 51 28 529 396 588 215 197 118 534 233 270 327 522 6 84 64 598 2 68 187 493 68 290 405 19 138 419 408 17 589 543 323 482 153 150 420 89 357 338 14 561 357 129 237 498 505 398 311 70 569 399 574 244 457 270 496 406 7 414 6 411 428 502 198 349 406 106 277 31 547 441 322 185 565 238 432 219 532 486 368 389 466 476 207 595 447 35 245 310 347 431 241 137 337 583 370 112 80 303 553 555 83 206 159 152 542 37 74 417 65 386 569 555 83 18 411 175 264 255 434 30 521 142 587 300 184 207 326 227 257 341 294 342 288 411 39 556 138 262 403 35 510 472 203 495 127 124 587 433 77 300 388 377 580 262 283 49 6 241 8 168 253 599 557 335 164 153 238 352 130 247 151 241 39 175 416 429 27 560 225 540 139 278 233 551 125 548 88 362 87 285 357 257 238 43 99 363 182 66 95 75 501 320 206 341 27 533 425 396 437 43 124 386 501 295 594 151 412 0 42 376 590 176 274 363 578 51 197 546 403 318 396 410 247 486 246 441 444 29 280 270 308 161 522 419 599 321 44 395 555 236 128 517 361 208 525 567 526 368 236 309 415 274 62 596 350 204 115 398 298 310 37 370 438 302 352 321 118 227 14 446 191 592 362 238 594 165 21 390 211 91 490 277 436 30 224 420 417 535 334 50 507 415 522 25 300 409 24 594 230 295 29 539 304 451 454 98 489 213 303 137 294 487 311 327 269 140 169 468 550 102 338 569 112 555 579 356 303 192 61 57 135 385 487 268 216 450 70 567 516 355 548 84 11 316 563 527 96 295 299 308 31 596 93 491 511 571 44 400 376 197 252 467 533 395 341 217 519 6 177 176 248 493 90 356 241 527 173 539 459 301 111 142 5 187 477 62 334 571 234 288 399
773 805
651 524
609 886
760 498
156 474
10 848
65 989
77 233
228 419
452 492
476 254
453 89
972 537
83 280
375 469
698 965
292 214
310 889
231 295
565 777
140 239
92 403
58 191
304 522
88 945
611 264
810 156
578 361
581 533
696 73
414 884
612 164
599 493
47 239
616 829
808 661
757 93
180 378
787 41
208 488
927 219
962 215
175 344
953 133
604 648
928 843
242 462
1000 373
787 375
325 652
848 615
987 230
885 948
764 578
489 151
391 277
65 788
982 596
134 621
549 186
446 368
832 136
586 976
51 447
375 743
439 174
361 902
347 169
233 727
855 742
270 47
425 946
9 732
699 853
230 756
805 451
631 56
540 523
294 21
383 66
513 308
478 966
278 665
50 372
352 592
497 853
37 663
436 259
105 198
744 926
36 713
637 986
204 771
167 578
807 10
837 782
40 888
482 568
319 969
435 542
571 928
102 703
641 21
741 706
941 390
128 1000
141 110
852 816
339 217
373 339
414 674
80 848
187 928
818 489
424 136
463 673
560 482
223 588
941 729
93 310
610 103
878 437
229 887
49 524
644 788
490 80
553 571
624 588
554 28
486 718
617 735
85 451
388 582
963 104
288 420
329 561
344 264
879 766
685 996
664 657
382 704
110 22
663 413
595 778
556 309
258 610
727 893
306 724
566 885
709 420
393 613
250 88
777 177
78 98
641 160
513 593
263 720
304 611
6 198
704 187
316 78
127 292
662 470
874 662
232 521
548 733
792 929
501 44
902 882
927 50
200 629
713 628
798 209
778 895
100 634
667 971
560 957
790 777
815 398
633 125
954 936
935 663
644 326
864 107
61 930
274 873
7 566
287 76
588 861
985 756
668 367
253 643
457 298
904 746
902 998
555 610
847 704
982 647
463 420
279 916
378 813
514 480
766 834
154 651
94 910
325 1000
439 324
584 828
998 825
715 823
404 539
364 120
565 645
272 287
978 73
418 509
408 816
908 706
217 656
186 47
923 295
213 68
495 923
535 99
681 154
922 615
553 414
161 84
934 575
740 171
891 343
387 871
327 31
15 775
968 373
237 338
409 973
958 703
401 209
595 60
840 998
908 138
842 182
536 245
428 39
122 412
34 613
875 575
829 963
351 382
754 677
850 385
718 98
526 762
690 319
856 854
587 425
1000 676
802 612
963 967
180 227
698 41
768 636
581 745
812 66
813 866
158 146
872 4
448 220
476 539
546 986
166 809
62 34
631 435
997 336
170 271
240 808
691 729
193 132
243 168
749 866
332 497
28 261
999 454
677 905
367 658
869 889
49 570
905 70
429 725
304 380
503 421
84 342
7 324
514 999
930 12
153 885
959 181
622 525
607 550
257 226
362 933
864 58
473 897
338 337
383 782
576 1
948 796
783 680
237 987
960 39
203 356
965 290
636 907
770 235
6 77
939 886
373 418
993 159
508 125
705 589
759 405
731 21
668 687
628 202
877 203
117 362
372 242
592 327
337 777
923 178
759 460
475 380
49 105
153 182
385 178
770 324
210 224
293 841
738 263
861 517
240 199
953 611
256 6
503 683
269 138
19 20
0 914
915 545
418 296
589 203
185 990
843 560
21 973
468 635
913 935
570 710
642 391
694 354
816 525
777 722
254 378
257 953
32 212
737 768
289 555
701 255
5 391
162 537
842 294
871 170
203 104
770 951
200 410
706 286
530 847
728 143
696 479
997 420
215 254
282 800
43 309
352 8
425 777
416 355
630 286
690 934
793 117
431 446
14 511
432 996
531 950
720 386
154 319
424 631
838 30
417 0
232 925
886 283
582 245
925 963
821 352
322 844
62 823
195 549
426 413
684 626
302 110
488 333
831 839
964 8
644 939
810 900
105 148
973 487
255 845
95 878
203 742
773 549
881 240
989 709
500 747
485 791
441 907
639 684
132 969
919 491
657 229
11 878
679 769
658 265
834 85
180 860
117 520
181 18
664 48
185 696
586 455
699 555
235 32
527 912
144 761
312 140
42 344
897 407
623 362
583 125
999 515
97 737
572 162
521 802
372 972
214 949
604 392
329 299
24 432
7 160
878 620
482 820
708 686
431 591
817 713
470 199
532 439
356 41
371 211
906 370
71 480
140 591
471 32
350 533
732 342
805 557
91 565
912 789
74 677
389 105
522 339
205 457
559 74
667 809
453 705
981 795
247 558
157 922
11 116
840 882
206 185
957 852
625 619
993 302
490 285
130 733
317 445
839 416
717 658
466 740
675 93
343 745
529 623
41 742
807 748
485 488
952 420
588 295
950 997
450 878
43 155
320 926
75 137
288 748
443 829
741 533
315 256
733 212
530 656
182 503
81 520
127 842
891 313
770 983
688 394
272 252
386 147
98 788
998 869
546 146
415 478
197 325
522 561
601 932
584 623
793 292
842 937
937 89
277 993
153 26
134 447
728 62
240 493
397 924
662 841
743 435
102 984
276 470
605 18
816 805
862 139
115 478
202 831
320 687
610 699
256 780
362 496
526 395
416 67
511 202
997 120
726 987
530 45
387 999
865 330
217 9
389 385
907 102
140 557
16 466
656 553
377 522
381 305
730 463
281 182
172 960
110 593
7 355
880 475
878 543
935 333
192 293
582 590
652 600
853 456
800 250
854 229
192 888
111 55
844 662
531 877
806 318
956 250
57 67
878 702
670 294
174 769
178 725
308 772
532 691
173 608
501 517
891 42
