600 857 600 968 4
60 220
78 368
57 458
114 572
14 167
462 470
309 402
42 183
124 554
341 363
324 523
87 506
44 309
72 198
220 492
284 352
213 598
415 531
311 542
321 390
51 115
371 461
268 420
203 448
267 505
173 528
104 214
135 325
223 428
1 482
285 451
557 597
379 575
434 575
28 110
382 385
177 305
69 280
25 448
447 581
107 525
183 516
173 254
77 285
160 397
213 285
58 524
80 292
70 494
69 394
433 520
69 368
558 585
28 282
82 544
375 414
156 522
164 327
175 450
10 318
95 241
362 441
330 599
127 366
250 356
295 518
416 536
146 489
481 569
105 297
224 238
87 316
121 215
76 599
250 550
247 515
134 371
99 194
410 536
448 453
25 63
467 559
448 584
87 118
79 146
154 341
93 366
418 570
420 563
220 559
399 574
440 555
34 298
116 121
6 223
426 457
337 468
26 592
223 447
120 347
358 376
378 530
15 215
36 541
113 308
1 385
201 416
394 539
108 311
52 385
4 496
93 392
37 488
36 458
227 459
69 376
12 172
122 423
144 266
0 92
28 75
103 478
92 469
12 36
10 414
90 143
324 415
471 562
5 184
48 78
86 489
51 133
311 552
107 461
254 296
49 102
70 490
119 331
302 496
14 123
337 595
154 573
41 161
65 135
389 589
354 508
470 524
195 323
113 351
0 135
129 523
162 239
52 482
298 523
83 430
62 445
254 403
115 597
156 411
13 325
42 529
302 343
7 306
392 469
113 185
357 517
22 365
8 541
174 204
18 303
30 525
269 387
170 217
520 567
37 288
351 499
384 561
126 519
353 529
33 200
183 464
34 412
128 192
21 441
106 410
238 521
119 439
182 552
122 299
230 568
130 369
103 403
229 596
311 513
238 502
58 247
278 286
119 451
243 302
106 498
139 325
281 351
170 584
157 206
72 96
103 446
31 546
475 515
406 529
46 395
104 520
447 499
315 426
365 402
185 377
355 585
40 424
471 541
469 509
174 221
207 297
29 120
122 385
62 214
230 446
150 197
27 266
442 461
147 529
59 301
405 578
464 529
99 257
86 204
67 483
188 402
169 440
296 543
248 296
141 533
18 47
35 295
134 459
404 436
273 536
146 226
392 509
101 287
358 449
283 428
102 504
341 415
521 527
74 478
154 514
29 47
226 576
302 318
115 596
410 561
400 421
51 229
67 520
10 201
244 287
326 563
0 149
446 478
15 449
117 197
279 415
281 581
556 578
2 43
88 381
455 540
102 413
100 335
355 558
106 504
124 493
372 408
239 260
374 475
168 476
378 486
187 259
161 599
409 534
306 502
253 472
265 498
234 569
198 381
181 515
144 399
155 309
40 553
248 270
353 507
171 267
63 183
88 146
409 490
157 520
510 595
18 120
88 226
276 395
467 484
417 515
152 333
310 472
73 466
291 591
274 560
74 571
358 379
303 356
111 479
236 544
30 364
254 543
150 398
406 464
325 340
8 57
29 443
98 143
68 336
124 399
133 274
16 209
188 199
203 484
53 247
453 472
199 422
280 394
197 534
439 598
233 552
17 302
445 573
232 542
296 545
322 415
257 332
359 435
235 508
13 139
505 510
500 525
122 540
242 438
240 292
133 380
243 590
154 294
13 163
119 598
197 450
110 563
186 346
163 554
37 293
509 515
147 353
321 382
82 236
206 587
74 230
436 452
4 531
156 429
431 442
376 379
146 289
184 290
256 366
276 583
161 193
202 539
64 587
64 277
342 378
114 501
459 527
533 582
388 529
287 403
180 512
128 532
105 207
5 130
166 178
190 528
220 474
104 483
148 342
284 541
233 356
189 597
72 442
76 161
206 277
549 562
218 563
158 532
152 551
187 458
341 412
450 565
37 579
171 237
177 535
430 599
208 474
100 242
367 582
410 498
383 397
153 360
399 493
294 445
390 560
242 356
256 551
95 186
77 451
465 479
62 294
176 398
95 309
34 324
182 542
47 508
60 370
11 572
32 491
190 444
305 535
129 322
527 579
217 448
227 232
50 188
15 39
335 438
217 466
109 420
67 567
138 582
125 401
151 438
142 559
68 244
343 496
282 390
96 140
346 585
159 350
242 250
216 586
233 441
190 400
53 357
10 375
61 510
327 347
389 469
17 318
89 500
145 544
257 486
29 191
419 459
156 597
259 418
270 545
340 567
196 546
41 330
243 361
183 406
18 246
74 328
386 532
181 469
116 215
280 376
286 295
121 451
56 533
364 555
54 85
100 168
171 173
23 189
556 571
187 195
305 357
190 533
94 365
61 400
427 476
42 388
207 353
99 164
96 431
161 477
358 434
210 570
225 480
208 473
154 445
262 300
16 291
429 597
118 506
103 178
456 496
91 594
546 594
152 454
170 484
20 180
53 58
310 467
10 17
46 185
289 489
168 427
18 508
73 500
102 379
173 287
392 589
69 123
248 409
113 277
47 235
90 564
49 280
484 584
458 541
347 360
370 432
51 221
571 578
244 336
366 589
236 539
14 28
314 427
292 377
207 391
216 479
228 231
60 503
80 113
404 587
150 450
480 575
475 517
355 422
295 502
97 192
404 547
31 196
16 304
269 290
420 532
13 399
212 440
234 264
120 356
45 162
272 273
318 416
371 442
131 340
15 451
288 501
244 328
75 563
99 235
142 500
147 477
174 321
188 262
176 283
365 447
149 181
368 435
156 271
55 158
152 322
249 467
316 409
172 562
283 398
249 405
370 381
353 391
135 374
146 540
121 331
310 512
88 576
182 419
367 564
186 309
21 168
425 595
171 460
126 192
537 581
199 262
512 556
419 461
89 484
207 314
557 596
22 231
554 593
212 407
503 526
426 562
164 191
231 309
223 566
472 512
252 394
66 343
272 575
227 513
146 381
6 240
471 530
41 193
23 597
120 443
109 229
534 543
274 497
380 560
147 464
126 128
118 166
318 343
29 164
515 517
108 552
579 586
374 535
46 377
385 465
19 348
338 344
283 566
314 388
307 339
285 570
92 551
211 234
9 269
101 244
321 501
200 567
7 502
59 531
142 526
145 252
141 190
272 384
437 535
0 298
173 237
165 269
85 241
56 190
412 483
25 32
158 519
202 413
14 323
293 572
341 514
207 485
163 493
268 326
321 488
399 463
39 435
154 483
135 298
299 489
50 468
265 318
194 257
277 308
70 175
263 306
40 312
380 390
248 543
75 218
226 289
242 550
99 263
27 511
213 439
162 412
214 433
159 269
224 295
169 441
421 468
402 422
184 317
119 408
36 562
124 320
40 138
345 472
27 357
382 488
83 330
41 207
301 531
225 449
178 594
65 260
59 456
90 558
125 163
115 229
176 566
204 290
334 598
66 71
170 466
44 547
102 539
179 481
87 258
84 415
424 474
320 399
305 517
5 290
305 475
178 580
219 479
178 270
338 349
1 299
38 306
81 256
313 360
83 151
8 339
264 522
87 137
210 334
164 275
100 233
257 348
300 421
97 343
7 99
43 591
366 389
136 289
45 65
32 364
355 367
496 590
160 383
118 270
570 588
459 542
53 462
66 97
41 477
266 548
345 453
148 378
130 204
196 594
27 437
323 329
28 167
286 457
278 562
370 373
194 275
245 521
403 568
222 553
129 551
205 453
203 467
182 461
275 327
107 555
26 111
351 537
144 574
338 518
155 186
60 432
132 431
21 233
89 170
492 559
322 531
43 587
91 196
183 538
3 59
495 550
36 195
185 395
389 393
27 255
269 577
323 368
137 397
62 487
23 184
25 217
65 340
310 319
314 362
85 90
148 278
251 326
277 401
345 538
86 112
32 63
220 424
85 143
14 261
131 567
112 289
84 531
89 142
414 454
396 495
460 505
188 422
24 383
370 553
93 589
213 448 74 146 144 310 116 54 87 548 589 280 166 14 34 571 486 35 24 430 306 383 33 526 196 428 371 514 37 169 483 458 68 552 460 275 288 432 165 595 529 108 324 209 208 299 303 215 250 35 145 288 82 79 58 445 424 223 226 435 44 513 239 198 354 151 19 520 551 134 264 307 46 219 544 565 77 599 379 206 382 223 94 573 6 14 92 366 476 261 353 547 361 410 475 572 540 467 299 561 108 529 108 436 494 362 518 258 356 55 588 29 364 121 156 340 293 393 354 287 209 419 406 205 465 431 574 410 113 491 516 467 372 3 38 199 6 428 574 451 240 231 265 522 13 329 190 552 284 388 278 279 504 56 265 81 224 587 487 95 519 418 163 50 477 168 413 112 191 82 563 14 528 307 41 582 152 135 181 211 295 588 528 434 349 587 453 279 174 243 127 345 339 398 596 299 230 222 130 588 275 132 245 87 368 100 90 232 546 375 53 71 501 424 338 139 477 433 520 507 14 185 378 84 44 451 187 445 187 14 472 144 134 60 504 572 593 589 505 252 138 482 465 143 242 369 225 258 126 213 125 583 175 494 154 100 200 59 184 249 385 145 537 532 339 312 307 18 248 407 253 559 465 77 489 493 139 122 399 574 46 542 213 202 369 100 530 92 303 582 427 135 429 399 342 130 327 236 160 24 480 465 226 434 432 1 422 583 240 332 284 322 196 306 529 562 71 29 211 181 458 350 594 140 562 441 102 505 370 427 591 354 237 559 373 449 357 64 96 186 243 559 427 226 148 158 259 306 19 260 555 573 324 146 83 38 280 143 274 129 229 568 227 363 389 498 185 557 44 489 171 112 547 467 269 205 412 461 169 27 522 168 457 368 447 587 350 46 534 506 293 344 186 577 149 592 29 245 109 187 524 592 29 292 388 542 305 12 437 477 377 140 326 273 347 95 98 205 541 138 254 370 232 196 28 448 70 208 253 64 305 539 522 562 388 518 292 367 521 369 7 304 143 26 421 158 525 401 477 300 460 232 538 228 64 318 84 471 183 39 456 53 143 454 513 185 3 535 547 321 134 372 158 434 403 388 86 579 272 363 130 512 416 588 406 77 231 113 82 383 257 128 219 338 392 420 495 275 414 588 515 396 6 285 155 179 154 300 108 592 304 365 317 276 528 352 368 154 560 302 40 471 252 151 161 308 425 315 458 351 416 558 595 518 438 585 460 181 15 115 474 445 46 468 244 524 260 290 259 88 164 282 319 491 572 230 280 591 375 556 529 536 588 117 336 243 401 343 195 411 591 4 299 8 471 247 460 377 354 558 215 464 259 525 455 72 386 137 252 204 444 584 394 587 368 296 363 9 166 152
754 898
398 468
757 562
492 760
562 794
434 544
989 460
77 480
18 735
483 586
495 941
244 544
165 696
877 738
238 724
164 935
719 602
485 908
118 330
0 657
635 33
200 184
860 436
433 590
916 1
387 95
400 344
898 843
264 644
64 350
360 204
890 32
368 143
829 705
702 824
75 544
119 706
250 470
143 439
143 922
636 308
84 79
282 96
788 560
740 516
763 824
981 521
97 363
103 825
308 872
823 351
373 622
384 494
937 932
560 473
409 693
663 228
43 733
956 962
518 788
584 303
807 265
646 629
350 91
854 562
802 781
400 825
731 721
627 157
222 818
995 204
422 841
417 315
427 207
630 59
277 691
30 48
130 882
147 828
488 411
912 592
607 948
377 790
62 106
571 748
605 460
462 482
922 93
522 354
467 198
637 454
803 40
686 909
726 989
888 381
705 513
436 287
430 790
594 398
50 438
158 194
682 180
341 875
749 28
694 696
136 26
378 888
276 256
220 262
358 684
302 608
341 398
537 468
920 545
233 595
411 627
141 961
883 235
877 80
79 968
108 283
111 968
412 393
242 765
957 747
843 670
454 754
638 993
446 735
634 810
398 563
815 729
379 299
331 586
311 359
770 884
545 435
961 77
652 354
879 772
414 271
716 283
481 242
591 433
958 789
332 771
480 390
183 3
50 618
790 933
955 240
52 136
561 874
37 180
672 696
735 399
501 662
779 672
424 707
544 570
984 28
14 6
742 808
882 675
65 391
562 527
841 88
206 648
206 146
289 223
427 170
785 214
186 672
721 183
341 533
984 294
906 344
841 890
804 74
542 677
592 31
832 951
270 299
295 71
456 565
920 507
679 484
116 761
757 360
476 612
688 269
16 341
458 784
66 68
5 458
125 731
825 49
915 231
456 294
757 334
789 691
466 960
367 844
490 121
425 499
500 103
831 613
150 76
640 209
686 588
24 839
627 605
315 166
83 911
684 675
222 986
292 437
403 127
288 714
314 393
580 244
372 580
569 392
946 403
140 513
268 982
517 402
214 389
794 454
389 659
712 85
828 440
246 350
198 240
561 593
103 415
368 811
712 205
160 490
736 754
982 555
651 530
145 232
508 870
654 107
210 459
162 375
910 962
857 154
569 160
55 252
285 743
313 804
445 8
783 180
862 819
619 969
46 493
900 89
141 779
770 783
265 776
761 314
82 433
531 628
402 864
929 876
796 245
401 791
502 534
831 114
519 697
294 965
334 972
322 623
11 417
958 436
888 595
80 629
616 720
264 847
858 470
275 608
948 372
33 690
104 888
75 590
735 128
283 505
534 416
454 529
758 630
951 574
219 532
640 655
112 540
796 156
167 32
743 863
418 446
798 339
567 718
468 856
164 317
727 627
878 881
106 478
43 754
858 510
767 463
513 35
230 309
622 351
11 142
226 124
111 635
897 122
467 545
460 910
518 82
959 718
314 511
604 845
179 734
653 801
842 801
327 718
9 395
619 102
215 778
30 74
24 974
4 505
536 884
34 861
115 146
620 125
855 306
178 571
26 778
817 755
658 740
83 568
444 833
204 590
449 37
632 486
10 298
11 537
201 484
581 556
911 482
12 682
195 47
184 432
692 406
165 281
912 888
237 911
209 892
11 209
512 899
267 146
650 771
345 182
836 395
664 985
654 399
202 828
399 586
556 312
352 345
39 898
481 288
815 938
425 987
243 835
950 547
41 590
296 904
342 559
490 331
368 453
953 21
320 951
382 435
424 732
518 585
253 122
705 935
300 558
214 83
760 988
682 973
254 811
960 480
60 275
981 74
909 277
934 781
756 285
892 629
748 381
781 110
789 516
592 86
280 55
341 133
4 891
891 156
421 914
506 622
697 758
364 871
545 983
624 759
428 964
954 999
102 801
298 317
350 708
810 304
725 368
392 407
596 279
844 226
134 639
231 151
972 362
472 637
32 117
400 287
534 275
745 655
257 916
173 896
843 527
842 827
92 160
76 935
301 190
236 188
361 311
97 337
757 238
618 681
708 56
897 408
436 105
215 965
971 228
111 932
808 495
442 80
527 924
442 360
544 783
127 616
83 742
292 370
809 218
329 328
961 926
969 772
275 31
335 441
402 163
542 110
834 331
790 964
969 895
39 644
473 45
622 240
602 227
853 948
217 173
94 14
686 34
309 425
250 956
578 676
426 475
714 735
445 153
137 117
54 546
650 583
320 459
506 444
934 141
380 162
604 186
963 692
976 167
20 268
516 811
340 649
399 897
958 456
382 241
267 519
119 510
560 276
321 893
824 237
910 66
158 8
147 413
810 959
831 275
921 838
586 2
196 356
643 712
889 967
289 158
902 942
140 547
484 724
760 689
166 449
542 645
653 887
1000 968
333 249
524 243
216 421
695 216
246 74
16 635
573 776
396 713
656 285
853 202
818 869
372 969
927 467
377 31
327 820
461 400
67 706
264 323
811 191
352 771
801 133
842 17
764 483
992 797
204 614
73 194
611 920
246 251
553 339
984 642
309 221
569 33
435 652
642 434
503 207
296 579
366 913
151 658
305 679
630 411
975 319
921 389
776 734
734 89
584 618
49 822
610 58
231 560
652 693
921 818
277 950
544 362
540 535
580 66
267 430
807 96
893 472
683 338
980 488
452 129
663 456
287 398
841 594
103 858
708 958
531 831
804 599
436 338
915 632
786 18
881 274
408 651
461 656
58 912
6 84
