600 1536 600 1190 20
42 419
40 597
251 492
190 483
265 411
366 577
2 435
158 219
238 397
46 460
327 590
331 451
184 525
134 473
548 557
187 473
61 131
240 278
548 588
291 470
8 501
41 468
11 333
195 428
47 455
331 428
262 545
433 591
367 572
38 509
386 421
496 533
19 344
397 430
135 261
1 124
106 318
54 388
283 491
311 510
284 464
157 223
307 491
457 551
39 541
183 342
439 579
176 180
154 429
310 412
48 369
47 365
31 136
108 469
117 292
78 309
11 380
149 251
286 328
328 503
66 74
463 587
372 515
326 340
56 81
378 455
115 143
465 535
305 362
201 221
365 424
412 516
288 328
168 409
110 362
54 347
31 336
19 208
275 560
417 458
135 203
128 556
58 267
39 341
415 589
2 399
62 82
420 581
23 282
45 158
326 576
415 458
537 540
36 143
70 203
400 454
484 520
10 496
64 287
120 297
473 538
99 497
14 233
230 505
343 528
59 427
104 306
38 304
174 528
194 412
316 428
108 564
108 567
252 316
98 409
204 264
148 400
178 561
125 444
8 379
257 316
279 366
289 497
495 584
221 254
313 354
554 568
139 358
71 147
125 503
491 496
199 493
95 188
267 282
108 398
101 384
55 353
90 197
466 507
49 70
275 452
412 529
172 457
96 210
202 502
388 443
354 507
50 340
261 314
71 225
320 591
74 464
69 170
212 280
145 303
202 245
306 447
281 363
30 73
38 333
326 490
3 156
177 238
483 577
115 295
5 75
378 424
173 255
236 263
116 361
316 422
382 417
147 584
7 597
262 415
76 430
388 526
40 148
109 353
57 502
47 84
117 546
96 268
393 596
185 399
210 321
125 288
426 538
42 564
54 472
545 577
306 426
254 415
70 459
80 461
198 202
419 562
168 513
143 295
245 292
294 415
150 418
102 135
137 230
49 494
473 499
197 258
96 206
172 445
533 570
267 429
364 474
22 226
343 489
170 485
163 248
210 228
240 482
280 395
117 242
289 327
509 595
38 302
5 27
514 591
532 538
184 367
469 544
278 313
348 521
497 590
236 237
303 352
49 373
91 569
457 567
371 565
202 498
285 390
15 228
32 310
23 429
72 520
213 555
10 139
267 356
17 241
241 344
44 274
58 563
168 597
459 534
266 436
368 440
438 480
326 431
181 196
23 267
55 334
67 142
93 532
98 248
66 194
25 549
50 260
107 329
74 310
425 449
53 265
465 471
126 347
471 535
200 330
177 413
83 373
122 247
190 272
43 351
382 585
170 540
25 304
309 410
294 347
173 565
134 215
213 502
100 203
217 510
234 338
192 545
16 55
403 467
37 207
308 486
450 584
89 118
280 322
233 341
465 543
155 578
53 285
204 297
143 403
149 213
20 119
226 242
3 409
110 128
263 357
424 455
503 565
29 86
197 521
124 407
190 439
448 520
305 552
230 426
446 517
150 240
111 232
96 166
41 497
68 219
141 593
150 482
578 594
51 417
416 500
519 585
110 406
159 179
308 595
51 77
162 225
58 399
407 436
257 578
305 341
393 488
92 105
366 579
126 226
76 397
51 393
203 350
147 414
225 564
94 550
347 393
277 408
490 561
296 423
195 331
97 569
216 419
433 491
57 116
61 159
65 185
112 198
2 255
329 585
376 599
131 140
364 571
36 295
502 555
2 449
408 464
103 399
173 312
310 516
144 450
169 522
125 339
529 593
43 248
420 568
186 349
55 493
23 243
259 545
66 516
416 590
364 508
75 527
527 559
30 111
131 323
217 389
145 178
180 228
19 434
327 497
69 485
37 553
308 460
132 279
428 451
180 191
231 576
148 506
85 316
54 589
80 453
6 316
21 171
42 522
56 566
199 334
35 487
127 424
113 438
102 214
29 145
563 566
162 256
27 57
299 349
263 275
182 524
64 550
121 391
330 527
390 411
193 506
462 599
416 497
391 592
38 263
100 214
437 546
167 579
423 454
99 464
79 523
320 433
231 573
290 421
27 223
85 87
109 558
78 140
143 517
134 175
5 559
539 545
98 597
423 485
52 399
276 329
231 567
247 530
470 548
84 234
49 447
21 157
86 348
252 257
52 58
2 480
54 294
50 599
78 302
392 514
168 345
105 113
85 252
453 598
137 269
17 228
214 314
104 595
27 559
334 363
141 167
70 486
85 271
337 519
99 468
177 192
17 321
243 471
39 590
118 161
93 426
444 480
467 480
120 264
422 441
39 305
415 417
134 367
179 323
337 417
226 298
254 545
245 548
253 448
552 569
40 402
39 233
5 527
277 375
148 193
29 151
190 448
170 537
165 384
127 560
403 446
51 596
510 547
171 487
63 79
399 563
218 272
186 290
429 536
276 415
285 489
127 317
12 237
2 328
122 205
160 375
152 528
187 298
0 418
111 360
43 459
564 567
176 191
43 587
554 578
335 366
259 557
234 599
366 439
103 563
292 550
154 165
144 372
12 178
398 567
401 562
125 556
31 106
402 436
350 409
152 368
118 385
32 529
148 266
333 387
131 314
293 383
69 148
294 393
335 577
207 465
6 271
280 361
265 436
59 121
173 371
53 411
195 575
121 166
232 510
134 538
154 566
41 211
121 580
59 346
45 207
22 117
153 411
401 418
176 208
143 446
24 542
153 390
422 518
484 580
22 370
139 570
26 141
113 403
4 183
70 100
89 315
375 408
346 359
105 224
70 163
44 535
344 434
333 357
2 88
322 324
531 571
127 417
306 396
96 321
102 261
146 455
504 543
109 579
123 312
122 229
478 578
273 316
56 154
352 357
82 211
353 571
147 522
0 372
5 8
376 431
217 442
151 189
169 419
310 529
296 506
82 264
383 427
45 543
182 326
113 435
85 257
278 355
36 403
188 413
291 300
347 472
375 500
239 483
491 591
86 189
164 284
26 297
36 220
243 429
360 389
239 439
128 552
388 546
111 422
11 461
319 436
66 464
404 579
47 236
243 504
137 532
112 555
24 421
89 570
10 478
84 376
288 444
97 233
31 425
244 263
91 552
245 546
293 511
74 114
236 357
142 409
220 295
98 168
71 181
72 253
212 287
28 441
263 304
29 189
281 334
435 563
306 373
167 456
213 251
294 417
16 154
431 561
19 176
149 331
500 590
9 330
206 321
525 534
227 312
293 385
21 487
273 441
57 379
464 508
87 358
81 566
475 570
81 474
300 470
275 365
498 550
95 300
388 437
20 395
219 417
3 159
512 584
369 530
459 494
341 552
77 269
13 329
2 113
31 318
79 133
97 371
157 246
149 555
372 386
298 499
395 501
147 169
377 578
194 571
481 571
81 224
150 401
89 385
4 138
140 394
406 541
158 338
153 200
207 543
294 589
257 554
89 475
166 268
172 564
64 94
55 558
145 240
14 91
361 550
193 454
294 488
186 386
26 120
63 124
294 458
89 139
2 288
98 235
14 569
73 518
1 43
409 513
495 512
206 484
32 297
162 445
25 275
28 568
146 338
443 557
134 184
107 504
504 585
62 141
61 203
20 440
186 421
153 489
46 214
68 543
4 258
546 548
96 161
139 496
100 102
318 445
182 490
285 319
8 322
19 72
123 227
301 319
9 75
362 552
151 183
297 593
183 461
7 402
19 253
238 557
41 99
388 557
402 597
293 475
332 398
365 560
0 144
253 520
403 480
202 555
414 564
217 232
62 427
482 490
20 463
242 546
190 579
164 508
189 342
127 219
245 588
312 336
457 573
380 453
430 557
238 430
59 359
218 476
46 314
77 127
192 577
288 480
45 50
422 510
431 490
524 544
0 450
405 422
460 509
26 82
49 486
309 394
115 517
66 571
178 582
184 572
210 315
138 598
491 570
385 391
211 468
251 360
6 15
331 555
205 348
399 435
473 532
73 360
214 261
430 470
367 499
186 299
269 473
122 290
7 98
63 133
481 531
151 387
335 545
84 462
112 470
162 196
144 495
431 582
6 85
69 400
160 464
381 468
243 363
35 171
263 333
76 188
7 436
354 355
420 547
98 142
235 407
96 118
119 463
71 414
146 219
9 527
477 494
86 197
105 403
98 436
31 222
249 583
69 454
391 511
202 588
264 381
122 530
23 471
132 199
375 464
84 250
351 525
15 358
264 468
269 596
370 572
401 450
353 481
2 286
103 435
68 504
134 306
101 531
317 455
338 455
423 537
355 466
98 407
224 563
157 251
500 541
101 474
19 520
385 475
132 201
463 525
22 572
372 507
417 519
302 380
352 387
68 382
313 542
182 586
32 325
45 338
302 460
62 359
208 228
19 206
12 236
53 390
418 450
54 443
305 541
377 392
201 539
79 463
80 138
8 9
125 565
84 455
275 549
262 589
78 314
386 515
10 358
196 256
384 474
354 542
363 504
162 564
535 573
174 501
161 391
0 466
333 352
173 286
60 448
30 518
274 457
271 316
79 368
270 374
177 188
132 558
9 501
55 481
216 524
45 260
92 508
229 530
432 505
541 590
395 440
139 315
375 416
204 325
73 428
83 306
170 345
166 206
99 325
132 539
156 203
191 413
172 567
373 447
167 218
171 527
251 502
142 350
430 548
151 303
321 344
353 558
130 577
505 549
232 389
290 349
428 575
55 132
514 594
3 203
124 235
34 196
230 452
181 256
318 457
356 471
132 366
228 241
118 210
56 384
46 78
398 469
47 244
365 378
167 476
88 449
130 448
298 393
145 561
486 595
226 472
193 400
404 412
2 227
301 368
215 494
47 378
60 130
67 98
151 352
348 542
183 387
450 562
101 165
267 566
13 276
60 192
11 302
145 482
33 331
13 221
347 488
4 342
234 455
111 389
22 287
205 229
123 449
109 366
270 369
66 508
99 114
87 478
258 342
452 560
154 384
173 503
442 510
220 406
201 281
76 300
372 466
439 483
149 360
161 385
32 74
51 127
225 256
13 281
187 393
291 331
410 453
82 427
282 356
20 212
59 511
219 382
40 69
229 374
105 446
318 551
565 569
260 340
476 579
247 290
176 253
104 509
190 476
88 227
131 135
92 446
274 573
175 367
212 395
226 393
437 526
226 370
100 486
247 299
129 542
450 512
4 197
220 541
67 248
57 251
293 307
183 333
226 437
123 425
215 525
179 394
332 576
112 331
259 262
50 234
115 408
266 411
42 216
6 428
339 444
270 479
440 463
43 534
386 507
89 210
150 216
433 496
401 419
311 442
95 191
37 260
280 324
250 376
134 373
491 533
281 504
155 554
498 502
377 554
288 503
257 478
469 564
110 541
130 483
65 457
404 456
42 169
367 473
180 208
188 238
26 62
494 534
204 381
58 566
79 587
145 313
121 272
273 422
447 595
230 432
282 471
313 348
186 515
163 459
188 397
126 472
230 560
54 262
182 482
94 117
247 349
3 61
216 401
437 472
158 543
283 307
259 443
380 461
99 381
144 515
274 356
499 572
556 565
322 379
330 528
101 481
432 452
28 257
201 254
337 415
547 581
172 318
47 250
86 342
192 413
166 580
229 369
71 256
46 302
304 509
79 440
104 447
80 598
129 205
36 406
215 477
298 473
236 250
161 166
267 274
388 472
226 499
12 352
280 550
117 245
146 158
31 551
332 544
185 449
482 586
4 80
125 128
431 599
107 585
134 426
390 489
376 462
15 315
10 87
227 449
144 512
110 444
122 421
66 310
145 278
482 561
320 578
453 461
94 292
320 478
235 248
182 544
92 364
304 549
329 337
279 539
171 559
99 416
220 375
265 266
420 554
109 412
192 253
392 420
90 598
340 599
73 451
81 563
522 564
260 553
508 571
392 594
272 484
24 507
368 395
28 273
105 563
25 263
433 478
150 586
169 584
33 195
77 137
114 325
57 223
154 536
248 459
27 171
206 434
447 486
99 160
286 503
383 511
568 581
48 530
122 129
345 540
511 592
61 135
26 593
43 525
293 592
178 303
11 38
140 323
279 545
30 360
116 502
420 514
191 291
255 286
164 464
329 415
100 308
68 158
92 474
128 565
55 165
121 346
1 235
542 574
544 564
170 423
19 484
163 350
207 535
366 558
370 499
100 135
73 149
508 517
525 587
214 460
153 343
21 492
409 537
116 550
6 575
116 379
42 524
205 374
293 391
244 275
567 573
50 338
13 254
225 414
472 526
208 241
407 523
456 529
239 366
307 475
14 97
406 444
296 454
37 45
91 341
448 483
9 528
24 129
231 260
64 212
183 189
59 391
246 492
3 537
110 339
322 501
197 348
309 453
119 184
166 391
182 332
33 291
442 547
149 209
406 467
280 379
309 598
382 519
159 537
253 413
205 521
237 582
77 560
359 427
34 181
214 308
255 312
111 518
152 174
333 461
220 500
319 523
140 309
264 297
18 576
507 542
140 314
22 242
167 593
419 584
142 248
278 466
295 375
199 201
150 524
312 425
168 170
175 184
22 94
513 540
55 154
55 199
452 505
142 163
535 553
114 464
241 321
81 105
119 287
52 267
112 291
215 373
93 538
21 246
104 396
139 533
315 358
150 466
369 374
506 583
460 595
32 204
200 343
190 484
202 550
82 120
239 577
166 484
243 536
230 532
236 244
249 296
320 594
53 436
299 530
360 492
272 580
82 383
27 379
377 594
1 248
396 505
321 434
28 554
141 218
218 346
21 217
59 383
128 339
60 577
377 420
371 569
129 421
200 528
76 470
99 375
388 548
49 459
80 183
262 443
465 504
149 451
52 457
131 179
266 583
40 168
279 335
51 269
295 408
127 365
354 574
199 281
15 87
124 587
289 590
136 551
110 305
190 520
304 505
101 364
185 551
1 587
198 588
356 535
237 250
207 553
269 532
90 479
163 203
40 266
326 332
277 464
191 300
456 579
4 90
64 280
477 534
52 65
234 462
311 547
273 405
38 460
254 539
32 114
34 222
364 531
254 262
354 466
174 395
60 253
345 513
581 553 161 541 249 65 407 592 65 122 24 83 449 417 10 499 16 463 435 122 150 171 427 298 179 218 133 11 85 15 325 339 441 258 472 72 548 395 489 251 105 551 468 539 156 114 564 229 576 48 324 587 506 142 107 32 79 448 314 478 226 73 318 137 323 176 464 421 512 383 250 239 345 445 578 584 570 436 533 596 516 190 44 2 269 139 473 522 382 490 442 85 451 461 288 319 470 438 33 468 236 237 348 55 490 400 87 345 33 497 552 188 443 220 156 441 346 138 112 171 27 270 262 541 256 334 40 547 72 34 120 2 543 29 260 331 113 385 411 44 239 509 410 507 157 487 510 241 88 570 563 455 594 231 164 226 391 258 119 246 435 3 365 11 237 578 175 354 541 225 371 353 539 223 60 363 372 219 77 242 39 52 508 259 198 445 393 454 517 225 346 244 285 77 45 202 359 179 501 352 91 127 234 563 321 361 311 197 494 309 446 443 79 442 357 408 427 9 568 451 482 168 44 592 358 252 374 167 417 562 549 261 441 175 236 526 591 300 219 161 316 486 99 85 591 328 409 504 528 464 226 102 69 57 355 531 576 227 218 473 439 401 189 537 122 171 138 211 406 70 37 135 479 558 453 212 421 461 308 372 217 349 97 453 222 46 88 484 71 40 168 369 536 556 59 377 311 2 220 345 508 1 587 54 395 366 558 176 388 47 420 587 264 114 41 423 462 486 524 416 514 29 432 145 432 232 61 308 134 289 438 87 408 564 513 129 448 466 99 259 342 493 263 457 210 271 482 277 252 37 425 581 231 410 113 312 361 350 273 322 331 256 402 218 28 343 200 511 588 582 149 181 538 318 579 264 206 133 588 520 153 424 261 419 359 525 292 383 241 215 533 220 118 550 141 369 277 176 59 574 106 204 38 177 377 439 50 355 61 70 530 99 499 266 330 123 2 55 95 399 303 45 302 22 120 414 422 18 371 337 396 170 265 65 69 8 410 30 397 0 245 493 449 270 12 137 48 378 345 427 258 494 157 43 457 203 547 204 506 20 379 461 22 570 191 40 24 137 223 282 10 178 45 16 187 407 563 431 481 497 386 476 62 592 375 275 210 512 562 38 176 567 240 75 538 169 54 332 58 430 9 6 360 464 503 402 416 404 260 154 574 459 464 93 305 73 563 164 130 358 252 345 34 445 462 84 59 145 47 483 360 109 567 550 357 534 26 123 249 468 378 45 275 241 5 242 75 348 320 203 418 241 155 72 60 221 226 260 175 509 53 267 586 45 122 40 183 430 197 454 491 527 390 126 424 392 78 428 504 585 120 198 118 100 226 432 164 343 273 437 177 473 225 190 344 226 445 349 101 307
111 250
771 265
89 740
727 57
324 40
930 503
807 816
851 190
912 468
965 433
860 917
448 138
346 245
478 539
12 933
801 868
340 616
738 804
282 410
642 773
825 351
932 587
702 427
290 568
119 148
485 202
444 905
899 518
933 814
258 172
924 663
49 594
378 864
793 688
7 502
982 607
186 841
304 491
493 160
82 978
909 104
360 981
84 369
746 262
217 558
318 458
533 126
426 292
37 1
654 221
333 401
521 394
179 592
936 205
581 500
412 666
275 656
866 535
208 607
579 945
577 732
690 33
483 905
819 292
774 419
136 616
360 782
776 189
432 465
857 70
664 158
3 440
622 762
886 695
362 848
978 480
702 624
496 326
514 70
860 298
375 48
233 701
470 955
611 233
386 305
855 861
267 99
860 884
71 710
754 917
261 7
49 948
256 744
567 317
738 448
682 656
696 899
12 961
816 196
325 930
644 129
304 689
616 113
160 685
556 219
197 726
47 553
411 550
187 453
450 735
106 891
943 694
785 636
168 753
357 873
262 846
845 500
727 469
722 910
792 343
430 924
579 914
92 71
26 657
812 248
52 852
614 428
481 365
58 893
132 126
552 720
629 42
470 649
841 246
613 307
631 69
85 598
544 328
351 8
797 919
563 31
494 871
781 167
225 807
63 252
254 208
405 413
22 395
921 84
855 636
142 311
324 161
924 354
987 331
300 642
940 891
698 64
902 557
374 454
754 15
307 910
672 913
83 476
715 171
284 839
337 694
631 892
493 845
854 95
46 351
823 39
960 543
141 506
3 755
898 402
660 313
648 722
600 653
327 230
645 14
765 729
42 493
204 364
361 71
679 296
89 630
18 125
587 359
659 659
314 105
570 811
671 696
590 679
930 61
404 751
807 734
61 531
245 51
768 596
443 634
990 367
469 590
784 534
704 107
390 911
164 88
643 860
326 510
722 752
841 618
739 857
413 993
836 389
840 587
594 131
650 289
136 352
994 681
539 846
427 417
179 889
490 580
21 580
925 542
210 688
53 442
641 427
41 694
774 752
109 53
527 298
243 449
967 694
30 991
352 344
805 218
396 238
370 246
624 618
506 710
183 259
734 780
677 480
333 582
432 261
745 524
904 584
53 53
755 213
981 36
396 285
862 598
870 839
606 746
512 573
39 738
54 470
916 886
270 76
599 602
289 450
600 94
553 550
456 210
413 940
956 185
958 136
234 600
671 889
550 361
171 5
840 817
592 851
914 795
192 573
462 250
507 545
290 894
216 222
500 671
856 423
422 580
266 573
775 988
296 869
952 269
34 767
755 398
81 798
218 989
70 93
756 673
774 494
683 972
550 473
222 867
949 14
421 894
613 388
22 22
704 658
931 295
501 122
286 205
517 191
101 947
561 254
730 1000
606 156
509 34
383 805
990 757
9 641
219 164
551 112
791 890
867 807
454 373
103 531
907 262
911 975
722 829
889 472
580 13
879 432
351 902
247 348
170 990
58 764
450 521
969 400
819 669
241 387
421 156
368 618
518 654
31 632
460 496
375 390
88 859
303 389
74 949
318 74
969 351
702 774
819 66
528 912
610 458
205 91
36 71
738 158
724 270
381 195
388 690
171 183
189 200
239 550
419 194
821 907
539 933
913 636
827 481
90 921
361 565
279 745
472 329
481 697
660 336
907 335
121 8
684 396
2 881
88 221
638 254
156 57
283 923
338 318
981 907
422 339
859 482
454 83
389 945
454 443
576 982
312 663
693 937
73 168
380 167
641 543
952 667
950 245
635 952
989 935
578 416
532 9
859 376
544 284
652 633
209 436
154 643
908 62
117 318
868 167
181 791
462 765
931 776
152 874
862 228
264 869
765 97
476 77
986 203
439 789
633 688
44 418
503 515
243 969
481 441
98 288
76 348
996 877
61 128
920 741
864 6
439 353
62 648
577 292
537 966
878 721
277 610
685 596
287 334
517 268
887 967
684 804
149 709
881 212
655 483
154 785
517 741
846 318
962 768
995 706
606 555
110 847
96 500
243 784
605 209
585 770
76 671
76 289
867 680
486 248
405 39
903 36
405 354
460 829
127 560
524 464
712 209
553 136
388 99
363 323
807 320
315 889
323 545
172 219
146 834
360 959
151 434
723 617
294 535
631 482
615 353
267 708
733 957
544 822
703 292
900 916
227 24
127 787
363 711
189 310
554 755
616 832
853 32
625 178
959 586
571 465
962 300
260 329
815 990
894 617
385 636
679 259
13 263
857 939
257 1000
832 522
655 383
240 933
901 426
819 553
52 809
369 544
531 250
946 43
132 167
296 781
548 178
966 726
608 979
34 271
788 86
998 992
42 200
407 792
272 787
911 717
454 467
609 782
186 46
69 406
883 270
147 373
752 301
638 508
989 506
948 407
449 859
86 20
325 714
568 347
829 946
702 265
264 523
318 611
771 35
590 322
495 635
794 56
130 917
177 126
347 492
152 404
510 616
691 521
996 779
699 556
508 245
795 469
110 577
47 921
265 493
934 865
814 592
27 870
645 576
441 679
954 521
494 302
245 310
87 313
180 663
100 413
4 855
241 662
193 493
954 829
9 907
762 960
342 738
663 358
232 508
186 149
814 761
260 399
535 697
933 928
490 775
609 884
990 827
345 289
983 68
5 300
432 491
190 335
796 290
760 550
525 516
208 969
932 998
657 971
442 882
968 959
583 183
549 393
851 131
387 0
327 375
