600 1127 600 1131 11
178 475
380 419
13 110
35 376
243 526
162 355
226 587
202 516
167 240
240 323
295 399
49 330
53 314
193 406
408 427
120 220
44 516
48 371
9 447
241 432
127 209
225 363
2 480
13 183
246 386
56 347
27 392
28 304
266 440
134 383
84 481
102 499
487 514
7 466
353 596
51 314
205 216
75 272
178 396
94 423
203 584
534 549
96 418
147 495
70 308
192 531
220 324
174 372
198 530
28 426
358 427
28 135
71 90
83 457
340 447
274 512
343 397
349 468
33 37
89 167
76 507
406 508
333 471
13 315
84 154
31 197
78 325
295 376
373 529
157 185
189 314
131 151
21 349
190 517
319 552
395 523
303 337
415 450
221 505
183 217
140 379
13 294
188 275
143 352
69 118
140 352
47 64
246 276
454 474
160 397
25 267
457 496
168 251
316 471
0 506
490 543
318 379
19 31
226 538
80 372
248 478
202 408
119 388
16 358
179 405
103 506
39 509
57 278
81 490
221 374
139 498
40 146
448 551
87 237
36 566
17 375
468 503
264 387
134 268
317 402
218 557
110 173
159 500
93 94
395 468
170 217
309 368
52 298
492 530
508 553
394 552
54 170
281 442
93 265
346 404
112 340
82 238
39 575
180 270
143 466
424 498
280 331
508 541
7 298
63 121
75 130
159 235
482 556
59 566
429 451
15 383
163 386
245 403
48 370
8 384
317 505
71 251
390 402
138 249
179 498
29 195
216 366
215 480
55 471
17 555
178 546
388 496
13 142
256 530
329 396
78 374
106 131
343 573
87 164
541 553
304 426
464 540
391 459
387 578
56 437
18 553
374 505
342 521
234 339
1 584
16 435
185 557
287 599
106 490
62 549
434 482
128 227
262 513
509 575
85 236
86 330
203 598
118 353
31 250
306 344
27 459
355 378
123 408
47 329
97 196
11 522
139 273
345 412
153 434
14 324
343 390
156 456
279 434
247 272
157 218
105 265
190 542
365 402
199 592
407 518
127 204
131 414
375 424
296 509
301 384
54 412
85 324
242 536
218 355
32 224
27 473
45 100
263 407
214 328
151 486
11 596
131 480
35 535
348 515
174 583
361 523
375 500
387 416
51 477
486 563
151 505
363 430
87 464
128 423
262 281
215 357
75 407
267 295
134 500
354 576
344 472
332 360
204 312
46 82
14 321
341 480
381 471
127 164
72 114
225 430
283 509
542 558
247 385
9 415
429 519
195 439
379 446
415 580
235 297
190 320
10 368
36 191
453 523
8 224
505 566
18 85
21 511
130 461
125 248
115 270
162 513
270 438
9 342
20 398
1 279
340 599
40 236
107 340
450 484
362 579
245 386
18 320
165 485
115 267
314 371
57 123
269 356
285 300
203 279
297 500
269 544
337 479
123 441
99 217
325 434
257 364
254 445
200 288
94 207
273 405
452 496
288 389
158 483
223 257
91 543
85 320
114 243
391 419
77 217
282 536
134 248
341 474
10 145
331 561
148 193
281 501
120 432
6 568
81 91
297 375
370 371
106 537
75 518
123 427
152 329
506 580
72 310
465 520
12 200
77 472
179 416
107 326
192 311
51 534
476 526
97 516
132 552
460 521
120 494
36 221
177 460
304 558
92 193
118 582
283 345
442 501
420 532
363 483
182 454
190 572
19 582
323 346
136 443
179 264
449 535
216 296
37 398
448 567
285 388
5 14
277 409
149 327
74 131
280 389
210 392
92 194
188 208
17 30
191 566
110 486
316 588
277 514
147 362
133 479
331 480
504 588
29 331
181 366
261 401
108 508
200 546
17 498
54 217
236 517
145 383
323 525
60 267
439 539
145 368
202 519
210 458
64 509
473 547
43 293
239 528
12 288
350 506
90 251
303 559
125 525
321 586
60 476
89 492
333 344
183 367
48 66
167 346
582 596
200 439
67 481
244 540
61 162
411 574
102 261
65 70
99 454
46 227
83 347
41 428
60 249
26 398
469 523
162 244
314 488
216 231
246 421
322 398
94 560
109 222
474 480
80 128
280 561
189 313
12 417
558 572
334 338
170 345
211 431
47 186
74 184
53 477
47 92
316 465
121 208
225 379
18 178
8 219
109 263
128 238
25 295
241 403
208 470
139 357
137 450
53 293
462 503
114 338
109 308
70 303
19 250
453 469
9 177
97 519
81 357
264 495
79 144
118 506
335 360
68 348
526 592
117 174
30 574
212 385
196 519
425 558
61 157
333 381
1 434
106 151
285 452
132 319
373 496
176 226
268 478
78 91
348 584
185 273
216 257
163 276
451 524
476 592
349 523
152 396
31 506
420 502
507 582
136 171
7 175
161 558
315 472
448 555
33 322
312 445
186 575
156 161
295 418
27 171
135 426
548 560
361 503
32 369
293 479
48 109
426 523
389 442
224 407
140 318
428 522
150 234
177 350
24 552
274 327
226 409
34 549
209 254
327 437
203 448
82 421
121 188
102 276
442 568
435 491
287 340
392 473
11 299
21 393
390 573
413 520
197 577
375 578
356 559
327 446
306 381
393 436
179 495
287 351
342 460
97 441
22 275
195 280
13 173
340 351
97 147
172 533
464 510
436 511
258 451
284 291
0 177
423 564
301 360
205 257
431 528
168 326
398 458
102 522
54 364
246 403
52 534
2 339
80 100
169 450
67 229
444 564
284 532
149 356
301 354
38 158
457 512
33 228
199 334
233 355
86 240
552 586
428 463
239 268
191 482
274 437
11 41
128 564
189 488
581 594
111 317
30 527
101 312
161 425
102 562
0 350
184 480
457 514
182 184
255 399
401 428
95 557
489 572
352 492
347 457
171 242
46 128
259 594
24 394
306 504
294 397
15 359
80 105
254 388
18 541
111 566
538 587
49 264
90 113
315 333
80 265
236 421
254 312
161 542
236 432
376 418
202 358
366 412
104 396
164 230
8 301
382 525
489 508
151 563
87 358
216 509
534 544
59 191
510 540
22 470
64 231
65 347
12 546
71 113
158 597
9 350
260 386
216 364
57 427
314 497
331 501
432 494
242 391
255 267
164 409
317 365
255 309
316 455
287 450
62 327
348 411
138 526
101 214
403 421
115 526
162 435
14 220
339 537
23 313
232 336
74 151
17 424
161 456
131 339
46 261
90 307
141 379
46 290
44 441
59 520
86 211
184 414
300 388
327 379
11 353
47 152
262 485
105 372
106 505
468 548
304 425
411 598
152 187
136 438
201 464
378 513
68 411
130 407
58 463
292 589
195 231
179 387
146 517
180 443
252 504
253 404
468 589
129 150
258 435
125 266
265 361
296 366
115 138
139 567
215 485
66 133
69 353
27 210
498 555
93 503
416 424
248 266
221 566
119 300
122 270
417 475
425 453
368 592
35 282
81 567
123 483
309 382
352 380
93 462
171 536
289 493
115 310
244 394
116 485
171 443
374 543
109 337
104 152
52 175
248 268
405 495
383 500
56 512
70 83
100 372
244 435
79 126
29 205
107 112
63 188
273 498
24 244
452 457
384 470
274 446
140 144
29 561
236 320
125 478
133 293
462 548
302 593
103 137
391 591
129 215
76 457
61 218
120 236
306 333
109 332
277 487
303 479
424 578
204 254
220 432
319 433
126 483
268 431
555 574
587 595
202 429
285 514
28 406
175 322
164 237
324 475
35 591
56 274
452 514
325 567
23 569
150 480
269 293
86 147
219 224
78 153
395 503
41 169
362 524
189 569
279 448
313 569
450 599
551 555
491 540
26 459
15 297
27 242
498 567
144 318
124 397
18 104
99 142
394 442
313 497
19 70
80 423
143 298
174 190
141 225
89 97
351 415
551 567
425 469
214 260
381 588
3 356
172 597
422 569
195 288
228 571
446 595
40 238
102 163
445 529
67 352
286 401
4 354
29 223
406 558
90 227
53 66
111 505
7 143
305 444
82 499
29 341
42 256
370 502
289 520
406 541
221 482
19 50
190 553
164 176
349 393
68 515
40 82
167 253
149 559
41 463
458 571
291 420
46 238
28 467
87 491
245 246
93 213
357 490
231 329
163 260
265 423
79 318
115 535
168 290
16 258
361 395
37 571
360 532
105 156
153 325
232 497
175 590
23 497
98 148
268 578
125 239
144 597
454 585
126 225
259 481
107 463
46 307
149 437
77 367
153 374
180 410
92 98
145 309
281 485
73 148
204 403
215 302
61 451
116 281
57 176
177 342
144 172
298 549
90 128
490 505
99 110
382 399
243 334
49 545
13 397
121 470
229 352
55 465
250 308
28 166
193 541
75 470
293 356
441 533
273 557
14 475
421 499
29 257
72 243
321 475
555 598
208 384
294 317
141 538
243 310
201 510
181 412
22 212
6 321
331 341
130 197
140 143
511 523
5 586
125 240
116 593
217 377
154 322
141 430
10 359
300 409
146 236
224 301
64 575
156 361
126 144
396 539
254 529
255 550
174 456
179 273
266 525
92 152
41 69
496 554
63 275
31 130
30 411
170 412
113 564
108 572
132 442
396 439
191 493
207 305
438 443
113 444
382 440
286 463
127 254
52 271
343 402
146 372
166 467
203 348
283 296
18 475
71 168
4 576
4 208
283 366
89 533
357 557
229 259
465 565
459 594
570 585
156 523
112 599
18 155
173 294
268 387
88 221
468 523
94 564
50 83
323 530
110 454
377 570
291 360
385 521
314 477
65 83
400 538
33 571
127 201
174 517
5 241
95 357
417 546
52 336
261 290
102 246
417 568
242 459
217 585
492 533
2 131
398 571
316 504
123 363
466 590
48 335
214 312
262 378
380 492
434 448
328 596
70 347
133 337
299 328
57 358
14 586
408 516
190 456
198 419
419 459
401 522
173 486
161 453
256 311
239 431
195 205
197 506
237 358
295 382
315 344
28 558
278 358
17 527
165 355
373 507
204 241
265 503
435 540
157 451
306 588
495 579
413 573
404 492
536 591
309 550
48 222
189 422
24 540
542 572
487 512
22 121
62 379
414 480
191 289
286 290
455 465
258 429
328 445
25 376
406 467
178 417
277 587
242 591
516 519
350 580
241 586
118 137
20 581
87 540
34 327
85 220
46 499
16 491
206 319
103 580
350 415
285 496
491 459 131 590 260 504 451 448 321 293 166 368 321 329 389 549 97 103 359 323 79 170 196 542 176 47 360 570 235 224 520 430 35 267 69 595 382 501 92 38 141 74 280 351 88 383 67 141 206 535 338 192 339 450 110 24 205 562 269 24 120 284 113 2 550 442 594 185 416 62 304 58 459 573 133 298 463 256 358 3 462 411 529 33 413 163 150 233 81 18 420 167 262 293 351 144 430 90 372 592 472 206 480 308 566 336 233 289 11 85 19 548 440 113 323 424 191 424 277 598 474 115 585 272 534 580 453 63 196 41 216 565 271 298 350 509 5 284 140 473 135 533 308 396 215 1 516 99 324 5 563 302 466 57 353 239 433 281 190 523 355 446 45 464 216 539 114 534 273 147 228 210 409 216 201 234 333 309 266 585 111 390 494 323 527 349 14 158 479 216 523 374 579 521 467 92 501 490 514 163 298 79 132 152 522 561 41 523 316 24 81 217 111 475 415 541 75 570 421 438 596 179 177 268 248 193 590 459 472 362 512 57 457 445 120 65 587 556 115 279 116 219 384 529 152 477 466 72 391 54 87 18 94 504 296 79 290 48 378 167 239 491 408 401 341 487 417 329 49 509 416 24 193 347 154 449 72 209 187 282 44 505 356 173 406 277 468 198 342 65 70 425 488 515 231 314 163 546 423 323 414 161 475 9 596 128 221 520 190 261 233 242 188 97 75 72 170 80 383 109 23 479 257 490 10 461 5 464 486 549 351 31 484 522 164 568 538 395 38 217 442 229 346 256 135 330 235 168 556 124 461 6 263 594 4 357 80 334 382 585 558 319 27 395 276 467 590 295 515 259 556 186 565 256 573 508 187 417 270 357 375 431 278 532 421 279 21 571 420 584 269 518 474 167 106 422 77 36 469 308 580 146 412 114 335 421 115 345 32 469 216 524 153 436 268 288 344 187 479 438 502 56 574 241 351 393 237 247 194 276 102 175 71 461 593 149 192 97 24 583 188 154 539 504 373 213 83 182 4 25 175 391 94 447 77 318 164 260 400 414 507 355 460 281 455 590 160 124 287 352 585 140 88 199 431 406 423 69 223 371 191 410 224 150 122 533 200 593 71 365 285 100 11 273 188 0 313 315 506 49 524 360 14 16 432 297 361 94 286 38 222 205 118 298 520 74 460 232 400 44 261 388 342 564 141 439 512 424 176 387 599 21 351 261 331 262 173 180 398 424 190 596 27 551 304 26 539 1 515 328 185 584 451 507 372 124 65 249 129 294 289 174 118 54 459 557 530 2 395 377 135 33 280 103 5 356 563 378 405 458 341 369 149 562 15 26 111 73 515 171 414 109 273 543 175 551 424 406 195 177
115 747
961 356
721 275
399 817
64 998
364 338
455 280
585 829
138 908
14 696
983 743
203 502
493 257
798 85
377 319
987 633
550 472
860 478
356 201
227 685
654 879
72 35
8 908
481 944
505 394
844 815
705 926
757 950
243 29
599 141
944 485
197 705
215 866
549 957
480 757
834 844
915 219
620 927
630 691
429 3
191 320
129 490
801 697
366 804
593 579
163 276
102 368
447 107
301 888
746 535
258 668
446 889
549 882
394 884
657 36
925 67
351 703
521 568
48 482
939 175
901 817
595 424
525 733
38 937
476 55
298 701
359 895
640 775
981 509
174 565
296 729
15 383
908 997
370 3
729 186
135 812
261 615
712 25
858 334
575 689
103 242
815 384
196 343
263 697
649 850
312 260
718 570
510 476
905 288
681 654
52 344
829 348
365 62
52 197
12 211
665 344
764 807
631 600
381 37
731 94
124 272
305 427
170 419
116 676
365 151
123 219
802 257
11 516
283 137
269 857
754 150
856 195
55 544
8 336
970 997
893 937
638 256
163 204
165 618
399 539
288 296
53 908
897 964
567 583
856 76
830 655
585 658
410 456
100 288
735 336
163 780
756 250
494 336
358 857
895 569
180 15
858 930
132 643
923 900
818 407
588 745
497 656
758 109
601 768
596 704
932 717
191 254
695 550
321 10
419 768
733 299
784 186
413 99
868 288
627 870
434 169
158 156
673 416
627 651
942 604
832 70
197 161
563 363
223 461
446 479
633 330
268 11
726 619
21 436
76 556
670 8
792 939
636 715
799 137
220 215
600 870
482 560
30 734
451 198
788 482
800 998
606 26
709 166
722 55
707 199
717 456
439 37
373 114
42 973
420 977
256 190
938 220
823 748
347 93
403 28
540 160
654 539
160 717
755 757
999 875
485 232
409 416
591 507
955 398
356 442
560 103
437 359
24 241
88 944
417 487
691 960
789 590
4 834
53 164
293 460
670 309
530 81
697 63
668 372
141 873
346 317
899 261
265 915
616 125
212 892
519 642
454 577
71 329
537 994
680 777
381 521
498 97
500 891
614 355
751 316
962 618
264 292
481 489
161 340
831 587
750 616
362 370
782 876
950 961
533 388
263 414
225 392
49 789
868 646
922 859
240 747
35 406
980 17
718 656
341 486
897 775
776 725
597 104
595 483
698 806
270 463
119 404
592 300
219 812
767 545
97 197
879 686
883 842
849 565
447 837
871 995
572 892
52 846
756 454
409 721
5 987
194 438
425 583
487 531
924 370
542 210
596 273
848 882
577 11
226 955
372 608
91 452
46 612
519 239
972 169
47 437
206 989
17 41
400 846
808 112
842 792
532 31
979 570
538 837
238 495
408 563
154 925
653 276
342 808
221 89
3 254
850 1
66 378
265 820
919 750
918 951
826 717
330 439
452 966
406 949
815 48
920 35
826 195
573 715
464 337
277 248
416 309
595 902
790 672
347 288
866 371
22 471
439 734
265 493
469 118
722 539
629 201
243 885
849 41
973 939
298 977
518 948
311 850
997 918
777 302
15 574
651 166
6 741
875 113
796 14
645 0
755 649
327 704
999 453
48 66
61 708
28 641
667 742
203 567
132 999
626 377
424 827
756 353
530 495
988 703
230 926
121 138
671 520
552 620
626 76
882 175
593 54
753 44
978 795
216 837
342 951
369 943
147 251
282 543
825 321
903 523
813 811
671 99
588 354
518 680
715 742
862 21
869 717
923 642
110 906
9 809
222 425
806 536
347 574
545 238
904 143
764 831
719 973
30 13
550 323
81 123
455 156
843 103
658 939
882 748
528 593
110 432
857 142
287 400
717 683
752 484
310 95
181 819
565 543
425 545
795 965
963 440
634 29
928 116
739 222
39 695
820 512
461 243
827 772
728 789
248 992
220 362
505 995
76 246
843 515
187 114
169 40
538 539
105 473
624 485
507 616
805 570
310 349
437 330
915 315
544 426
97 13
399 755
839 988
487 201
898 671
607 598
560 275
830 962
9 308
304 491
445 686
0 634
920 404
870 899
93 647
685 445
348 626
164 106
715 140
992 49
230 194
322 646
657 986
725 862
85 760
137 777
27 161
76 485
442 437
947 56
623 793
305 50
30 134
150 80
83 868
881 55
743 5
746 974
682 166
385 252
941 818
419 904
855 601
329 832
691 218
688 829
929 287
581 610
63 684
636 300
779 162
385 662
381 965
279 113
779 333
527 449
673 701
997 163
313 326
753 510
295 568
462 928
835 432
187 384
933 547
568 235
337 976
73 149
915 7
827 256
138 684
254 570
313 130
498 29
434 411
131 15
385 686
578 320
367 641
998 493
590 545
221 268
121 832
614 510
955 144
22 789
144 442
121 112
648 508
844 693
960 869
891 466
807 618
301 514
766 691
788 758
250 962
658 673
502 866
868 862
815 899
782 278
481 605
484 141
458 409
343 161
232 153
807 341
476 839
753 566
466 219
694 990
0 126
518 817
930 790
876 419
473 381
333 183
273 589
899 424
991 341
712 383
222 116
382 774
1 155
583 185
140 392
806 168
61 270
978 116
900 193
846 393
487 281
475 980
651 124
584 953
259 167
887 91
927 466
460 24
106 968
153 759
868 548
674 474
87 686
683 911
234 614
216 239
978 380
691 139
405 361
459 630
888 11
7 87
632 828
813 864
998 845
674 255
684 869
436 647
228 523
609 676
934 429
68 590
